0 0.899552 1.48981
1 0.90648 1.49118
2 0.767819 1.44282
3 0.723577 1.41664
4 0.595655 1.29412
5 0.5388 1.19312
6 0.503363 1.0579
7 0.506896 0.917244
8 0.523058 0.849914
9 0.555965 0.770147
10 0.679144 0.616527
11 0.772814 0.554594
12 0.850482 0.522879
13 0.996137 0.500015
14 1.24555 0.564449
15 1.28303 0.587818
16 1.28894 0.591936
17 1.30323 0.602442
18 1.40864 0.711885
19 1.46077 0.805866
20 1.46077 0.805866
21 1.49819 0.957513
22 1.49966 1.01848
23 1.49686 1.05599
24 1.49189 1.08966
25 1.45985 1.19631
26 1.3766 1.3289
27 1.32855 1.3769
28 1.31756 1.38621
29 1.2703 1.42064
30 1.15086 1.4767
31 1.10994 1.48776
32 1.03266 1.49893
33 0.971653 1.4992
34 0.899552 1.48981
