0 0.122649 0.0839539
1 0.0646429 0.22611
2 0.0860072 0.369351
3 0.477115 0.501858
4 0.371496 0.67838
5 0.331166 0.754052
6 0.257893 0.713423
7 0.168325 0.577269
8 0.0211376 0.680137
9 0.0173017 0.765764
10 0.193293 0.939875
11 0.233157 0.918855
12 0.493226 0.813285
13 0.572439 0.840005
14 0.471797 0.985475
15 0.583179 0.970267
16 0.754654 0.99461
17 0.729649 0.931865
18 0.705029 0.686006
19 0.656019 0.651955
20 0.545858 0.453507
21 0.584917 0.399022
22 0.580468 0.251365
23 0.616809 0.272751
24 0.905484 0.213852
25 0.836567 0.0982145
26 0.776048 0.12096
27 0.756047 0.0179424
28 0.571835 0.024284
29 0.49426 0.0534795
30 0.479138 0.133804
31 0.279233 0.0527608
32 0.239268 0.111777
33 0.169918 0.159259
34 0.122649 0.0839539
