1 -0.424817 -0.424817 0
2 -0.413693 -0.419255 0.0039329
3 -0.369479 -0.402663 0.0137986
4 -0.375105 -0.395773 0.0119456
5 -0.362505 -0.38912 0.011258
6 -0.332395 -0.379666 0.0127476
7 -0.306384 -0.369197 0.0146057
8 -0.344624 -0.366125 0.013099
9 -0.375243 -0.367138 0.0116827
10 -0.310037 -0.361428 0.0118278
11 -0.313142 -0.357039 0.0115384
12 -0.346974 -0.3562 0.0106073
13 -0.375751 -0.357704 0.00989741
14 -0.356363 -0.357608 0.00919092
15 -0.375066 -0.358772 0.00865157
16 -0.460657 -0.36514 0.0101883
17 -0.406811 -0.367591 0.00987942
18 -0.380356 -0.3683 0.00935598
19 -0.353607 -0.367527 0.00889546
20 -0.333827 -0.365842 0.0086088
