1 1.61704 1.61704 0
2 1.61713 1.61708 3.02186e-05
3 1.61714 1.6171 2.58265e-05
4 1.61718 1.61712 2.60407e-05
5 1.61721 1.61714 2.63335e-05
6 1.61724 1.61716 2.68607e-05
7 1.61712 1.61715 2.34776e-05
8 1.61713 1.61715 2.07239e-05
9 1.6172 1.61715 1.91459e-05
10 1.61719 1.61716 1.76147e-05
11 1.61719 1.61716 1.62012e-05
12 1.61716 1.61716 1.48518e-05
13 1.61733 1.61717 1.87476e-05
14 1.61725 1.61718 1.8171e-05
15 1.61717 1.61718 1.69792e-05
16 1.61726 1.61718 1.66472e-05
17 1.61726 1.61719 1.61948e-05
18 1.61723 1.61719 1.54251e-05
19 1.61719 1.61719 1.46144e-05
20 1.61713 1.61719 1.42306e-05
