1 2.04186 2.04186 0
2 2.03082 2.03634 0.00390268
3 1.98662 2.01977 0.0137789
4 1.99229 2.0129 0.0119242
5 1.97972 2.00626 0.0112349
6 1.94964 1.99682 0.0127229
7 1.92351 1.98635 0.014593
8 1.96175 1.98327 0.0130887
9 1.99244 1.98429 0.011674
10 1.92723 1.97859 0.0118192
11 1.93033 1.9742 0.0115302
12 1.96414 1.97336 0.0105998
13 1.99309 1.97488 0.00989244
14 1.97361 1.97479 0.00918625
15 1.99223 1.97595 0.00864714
16 2.07792 1.98232 0.0101879
17 2.02407 1.98478 0.00988009
18 1.99758 1.98549 0.00935676
19 1.97079 1.98472 0.00889621
20 1.95095 1.98303 0.00861009
