1 0.0575161 0.0575161 0
2 0.0518517 0.0546839 0.00200268
3 0.0552528 0.0548736 0.00134407
4 0.0565704 0.0552978 0.00107291
5 0.0598326 0.0562047 0.00118101
6 0.0562867 0.0562184 0.000984253
7 0.0533692 0.0558114 0.000923983
8 0.0558281 0.0558134 0.000808488
9 0.0568559 0.0559293 0.000726905
10 0.0549282 0.0558292 0.000661072
11 0.060075 0.0562152 0.000704705
12 0.053981 0.056029 0.000670122
13 0.0540773 0.0558788 0.000635168
14 0.0577315 0.0560112 0.000603426
15 0.0570005 0.0560771 0.000566791
16 0.0583435 0.0562188 0.000548781
17 0.0533342 0.0560491 0.000542098
18 0.0600312 0.0562703 0.000555291
19 0.0543695 0.0561703 0.000535001
20 0.0546791 0.0560957 0.00051342
