1 1.36124 1.36124 0
2 1.35388 1.35756 0.00260179
3 1.32441 1.34651 0.00918593
4 1.32819 1.34193 0.00794944
5 1.31981 1.33751 0.00748997
6 1.29976 1.33122 0.00848196
7 1.28234 1.32423 0.00972865
8 1.30784 1.32218 0.00872582
9 1.32829 1.32286 0.00778266
10 1.28482 1.31906 0.00787947
11 1.28689 1.31613 0.00768681
12 1.30943 1.31557 0.00706654
13 1.32872 1.31659 0.00659496
14 1.31574 1.31653 0.00612416
15 1.32816 1.3173 0.00576476
16 1.38528 1.32155 0.00679194
17 1.34938 1.32319 0.00658672
18 1.33172 1.32366 0.00623784
19 1.31386 1.32314 0.00593081
20 1.30064 1.32202 0.00574006
