-0.173663   0.483009   0.0251481
0.313913   -0.437693   0.418478
-0.0170174   0.417832   0.2088
0.0410432   -0.456244   0.17724
-0.301604   0.059827   0.168334
-0.175702   0.139302   -0.189543
-0.421744   -0.495775   -0.379945
-0.0799406   0.232516   -0.0535734
-0.225869   0.192259   0.222183
0.187863   0.262344   -0.326111
-0.108041   0.039346   0.355917
-0.445581   0.0709149   -0.109377
0.346454   0.0504649   -0.24932
-0.141053   0.108343   -0.255156
0.0635401   0.107448   -0.455158
0.0574778   -0.395105   -0.235039
0.177217   0.0833146   -0.248951
0.353296   0.386793   0.110783
-0.219386   0.277617   -0.176016
0.301191   -0.144746   0.312928
0.349671   -0.0645686   -0.367691
0.390035   -0.00787986   -0.302018
0.192335   -0.274644   0.0592471
0.397338   0.109688   0.403025
-0.491411   0.0681993   -0.250352
0.246427   0.338061   0.155408
-0.240205   -0.350146   0.364976
-0.13932   0.284695   0.265787
0.182766   -0.360368   -0.170225
0.198848   -0.288323   -0.281342
-0.302307   0.227219   -0.384368
0.43254   -0.0263094   0.455516
-0.0199232   0.177391   -0.129399
0.49937   0.216965   -0.128381
0.369971   0.279244   -0.472557
-0.111754   0.168302   -0.1208
0.0132868   0.490304   -0.0966562
-0.424678   0.30753   0.35989
-0.00974541   0.140209   -0.380724
0.422468   0.473045   0.204222
0.304919   0.364858   0.343258
-0.23304   0.0654855   -0.253231
-0.00439153   -0.243611   -0.297773
0.468399   0.167964   -0.435718
-0.283816   0.139717   -0.443459
0.204396   0.0165604   0.125684
-0.00210963   0.289856   -0.137631
-0.0198877   -0.0858925   -0.239124
-0.0120155   -0.442725   -0.239389
-0.463414   -0.388191   0.276583
-0.199556   0.217225   -0.342615
-0.236893   0.257936   0.276517
0.284316   -0.0897163   -0.425425
0.369588   -0.0916646   0.154748
0.277907   -0.0256564   -0.128397
0.270138   -0.330509   -0.225063
0.409069   0.0355435   -0.174221
-0.166356   0.176427   0.142495
0.0914841   -0.345369   -0.0536581
0.0296637   0.423289   -0.0394247
-0.226418   -0.109759   0.193421
-0.0110964   -0.437975   0.103937
-0.172948   0.262898   -0.407081
0.489438   0.171053   -0.323427
0.0286698   -0.413075   0.33994
0.0648721   0.065485   0.0444572
-0.308009   0.214769   0.260349
0.303   -0.123586   0.121117
0.063462   -0.206908   0.0751343
0.478182   -0.143782   0.105381
-0.240539   -0.332941   0.175188
-0.190898   -0.245451   0.122518
0.440676   0.0159597   0.377528
0.124615   0.338569   -0.150658
-0.07797   -0.391858   -0.189966
0.288895   0.42412   0.460335
-0.340491   -0.138078   -0.414052
0.120689   0.16612   -0.170862
0.0641726   0.34074   0.170476
0.0760267   -0.0940272   -0.201474
0.072138   -0.456527   -0.0386599
-0.484226   0.17114   0.24621
-0.261674   0.149294   -0.342933
0.307053   0.479988   -0.445707
-0.207474   0.200336   -0.129449
0.422437   0.230206   0.215887
0.335761   -0.00944145   -0.460924
0.251148   -0.206498   0.0583957
0.103581   0.134876   0.347585
0.041853   -0.36196   0.115981
0.280845   0.00991854   0.418249
0.274425   -0.0257644   -0.0394246
0.0803697   0.263249   0.376435
-0.210133   0.450703   0.13118
0.0739913   -0.319245   -0.283986
-0.321092   0.0769194   -0.49993
-0.29459   0.0942305   -0.155915
-0.457863   0.022795   0.312251
-0.112064   0.242804   -0.139568
0.227563   0.341252   -0.0686649
-0.48409   -0.0348157   -0.230445
-0.101112   -0.0557909   -0.453412
0.00724734   -0.1845   -0.00241229
0.235119   -0.0599628   0.150449
-0.0920174   -0.311699   -0.308099
0.0611945   -0.0398715   0.333648
-0.30544   0.447577   -0.256491
0.00622504   0.386622   0.0681655
