1 0.777557 0.777557 0
2 0.775018 0.776288 0.000897664
3 0.778402 0.776993 0.000830226
4 0.777504 0.77712 0.000632431
5 0.777899 0.777276 0.000524782
6 0.779805 0.777698 0.000582442
7 0.781701 0.778269 0.000727734
8 0.77581 0.777962 0.000698675
9 0.7734 0.777455 0.000783625
10 0.782413 0.777951 0.000847735
11 0.782187 0.778336 0.000853649
12 0.773814 0.777959 0.000861685
13 0.780781 0.778176 0.000822279
14 0.775477 0.777983 0.000785825
15 0.780228 0.778133 0.000747549
16 0.780769 0.778298 0.000718755
17 0.776483 0.778191 0.000684359
18 0.77721 0.778137 0.000648504
19 0.777599 0.778108 0.000614989
20 0.783625 0.778384 0.000643133
