1 -6.68967 -6.68967 0
2 -6.68576 -6.68771 0.00138131
3 -6.69103 -6.68882 0.00128963
4 -6.68883 -6.68882 0.000967222
5 -6.68893 -6.68884 0.000774029
6 -6.69301 -6.68954 0.000903862
7 -6.69572 -6.69042 0.00112678
8 -6.68661 -6.68995 0.00108185
9 -6.6824 -6.68911 0.00124468
10 -6.69824 -6.69002 0.00141608
11 -6.69637 -6.6906 0.00140017
12 -6.68455 -6.69009 0.00137118
13 -6.69501 -6.69047 0.00131682
14 -6.68614 -6.69016 0.00125864
15 -6.694 -6.69042 0.00120043
16 -6.69454 -6.69068 0.00115269
17 -6.68859 -6.69055 0.00109137
18 -6.68974 -6.69051 0.00103166
19 -6.69042 -6.6905 0.000977374
20 -6.69938 -6.69095 0.00102425
