-0.489909   -0.493562   -0.488546
-0.326038   -0.341289   0.499517
-0.48142   -0.320622   -0.34911
-0.323041   0.495401   -0.337612
-0.157952   -0.482696   0.489074
-0.0177486   -0.308879   0.499243
-0.17968   -0.328037   -0.311744
-0.0133731   -0.492557   -0.328555
0.151407   0.494878   0.483425
0.336368   -0.336087   -0.487379
0.15479   -0.342858   -0.329352
0.310334   -0.490384   -0.319466
-0.476844   -0.16573   0.488625
-0.345093   0.0118814   -0.486601
-0.495943   0.0235465   -0.331013
-0.327285   -0.159785   -0.331493
-0.18653   -0.162934   0.470879
-0.0227366   -0.00943138   0.491787
-0.173881   0.0170824   -0.33496
-0.00751052   -0.170436   -0.317798
0.166044   -0.179168   -0.496588
0.356128   0.00533151   0.491044
0.170892   0.00946028   -0.363518
0.346385   -0.146273   -0.346754
0.499692   0.185959   -0.498153
-0.323095   0.336282   0.482455
-0.499391   0.353005   -0.337995
-0.335559   0.183986   -0.34211
-0.156854   0.164931   0.487013
0.00446708   0.347237   -0.49866
-0.158099   0.334586   -0.32075
-0.00751999   0.172345   -0.336889
0.152499   0.175359   -0.496895
0.335797   0.340866   0.495484
0.150832   0.329846   -0.336932
0.319996   0.188489   -0.345846
-0.492469   0.496864   -0.178101
-0.350618   -0.334822   -0.153901
-0.499713   -0.338764   0.00259535
-0.34068   0.485972   -0.0106953
-0.176341   -0.487974   -0.167992
-0.0141357   -0.329738   -0.163654
-0.159125   -0.332139   0.0131416
-0.0231964   0.491704   -0.0204747
0.161578   0.499049   -0.143752
0.348355   -0.317661   -0.182902
0.174587   -0.334842   -0.00125356
0.323943   0.489664   0.0116869
-0.477045   -0.168214   -0.177739
-0.342544   0.00230723   -0.143994
0.490936   0.00491229   0.00315246
-0.335343   -0.164404   0.010088
-0.181824   -0.155549   -0.157011
0.00828243   0.0201883   -0.186825
-0.164895   0.00854344   0.00679901
-0.0203489   -0.15724   -0.0195995
0.157355   -0.156903   -0.159169
0.320848   -0.018672   -0.170125
0.157391   -0.0227268   0.0218364
0.342556   -0.186019   -0.0166104
0.474771   0.168674   -0.162416
-0.338685   0.316253   -0.161589
-0.496327   0.311693   0.00338913
-0.325117   0.159468   0.0179385
-0.176223   0.170347   -0.156989
-0.00988753   0.312411   -0.17459
-0.173621   0.318218   0.00683742
-0.00181368   0.14703   0.00815404
0.175699   0.1591   -0.159595
0.326683   0.332898   -0.168991
0.175245   0.326341   0.0124673
0.322628   0.142856   0.0059259
-0.499122   0.487664   0.179999
-0.344662   -0.337961   0.14288
0.490329   -0.342768   0.339747
-0.327025   -0.494486   0.331129
-0.15991   0.491649   0.148132
0.00161593   -0.33345   0.146166
-0.186232   -0.321546   0.319402
-7.17351e-05   -0.479633   0.319121
0.175208   0.495413   0.179843
0.351209   -0.350872   0.175203
0.17842   -0.334986   0.335324
0.317595   -0.499831   0.344081
0.489781   -0.153645   0.161542
-0.318672   -0.00086327   0.151135
-0.48734   0.0104848   0.331846
-0.337803   -0.157478   0.327136
-0.164908   -0.172621   0.162001
0.00349548   -0.017007   0.171157
-0.177178   -0.00603891   0.31468
0.00658107   -0.179259   0.325956
0.19069   -0.182021   0.16798
0.334192   0.00462909   0.186015
0.184899   -0.0104352   0.358471
0.341   -0.158455   0.337801
-0.491063   0.153949   0.150046
-0.325142   0.333669   0.185789
-0.498941   0.326513   0.346338
-0.31421   0.172598   0.349188
-0.155267   0.166029   0.197036
-0.00537133   0.328403   0.153213
-0.139208   0.347885   0.344164
0.0262799   0.15014   0.336619
0.15502   0.163492   0.169205
0.348827   0.317648   0.162929
0.176718   0.325093   0.326982
0.348988   0.159698   0.331997
