1 1.16634 1.16634 0
2 1.16253 1.16443 0.0013465
3 1.1676 1.16549 0.00124534
4 1.16626 1.16568 0.000948647
5 1.16685 1.16591 0.000787172
6 1.16971 1.16655 0.000873663
7 1.17255 1.1674 0.0010916
8 1.16372 1.16694 0.00104801
9 1.1601 1.16618 0.00117544
10 1.17362 1.16693 0.0012716
11 1.17328 1.1675 0.00128047
12 1.16072 1.16694 0.00129253
13 1.17117 1.16726 0.00123342
14 1.16322 1.16698 0.00117874
15 1.17034 1.1672 0.00112132
16 1.17115 1.16745 0.00107813
17 1.16472 1.16729 0.00102654
18 1.16582 1.1672 0.000972757
19 1.1664 1.16716 0.000922484
20 1.17544 1.16758 0.0009647
