1 -5.52333 -5.52333 0
2 -5.52323 -5.52328 3.48171e-05
3 -5.52343 -5.52333 4.59623e-05
4 -5.52257 -5.52314 0.00016791
5 -5.52208 -5.52293 0.000232084
6 -5.5233 -5.52299 0.000201384
7 -5.52317 -5.52302 0.000174267
8 -5.5229 -5.523 0.000153129
9 -5.5223 -5.52292 0.000154652
10 -5.52462 -5.52309 0.000212581
11 -5.52309 -5.52309 0.000193256
12 -5.52383 -5.52316 0.000186626
13 -5.52384 -5.52321 0.000179535
14 -5.52292 -5.52319 0.000167866
15 -5.52366 -5.52322 0.000159566
16 -5.52338 -5.52323 0.000149927
17 -5.52387 -5.52327 0.000145775
18 -5.52393 -5.5233 0.000142232
19 -5.52402 -5.52334 0.000139659
20 -5.52394 -5.52337 0.000135831
