1 9.42433 9.42433 0
2 9.44132 9.43283 0.0060053
3 9.39687 9.42084 0.0105738
4 9.40257 9.41627 0.00886264
5 9.43437 9.41989 0.00779411
6 9.41361 9.41884 0.00656494
7 9.39507 9.41545 0.00644623
8 9.43151 9.41746 0.00594487
9 9.45762 9.42192 0.00675471
10 9.41509 9.42124 0.00611364
11 9.39106 9.41849 0.0061427
12 9.45471 9.42151 0.00632913
13 9.41078 9.42068 0.00589588
14 9.44172 9.42219 0.005663
15 9.40309 9.42091 0.00542672
16 9.4223 9.421 0.00508824
17 9.44751 9.42256 0.00502221
18 9.45105 9.42414 0.00498642
19 9.43766 9.42485 0.00477445
20 9.38871 9.42305 0.00486584
