0 14.8171 0
100 14.8424 0.0253807
200 14.8847 0.0447479
300 14.8694 0.0351607
400 14.8709 0.0272747
500 14.8641 0.023268
600 14.8611 0.0198964
700 14.872 0.0203989
800 14.8696 0.0181456
900 14.8714 0.0163209
1000 14.8798 0.0169942
1100 14.8751 0.0161895
1200 14.8736 0.0149682
1300 14.8725 0.0139036
1400 14.8676 0.0138525
1500 14.8645 0.0133259
1600 14.8651 0.0125319
1700 14.8645 0.0118309
1800 14.8654 0.011233
1900 14.8632 0.0108826
2000 14.8636 0.0103575
2100 14.8638 0.00987766
2200 14.8606 0.00994732
2300 14.8595 0.00959348
2400 14.8617 0.00947218
2500 14.8604 0.00919636
2600 14.8627 0.00913186
2700 14.8593 0.00941831
2800 14.8607 0.00919122
2900 14.8624 0.00904236
3000 14.8592 0.00932234
3100 14.8602 0.00908949
3200 14.8624 0.00908171
3300 14.866 0.00950453
3400 14.8613 0.0103672
3500 14.8647 0.0106468
3600 14.863 0.0104987
3700 14.8623 0.0102396
3800 14.8618 0.00998929
3900 14.8625 0.00976475
4000 14.8601 0.00983388
4100 14.8572 0.0100247
4200 14.8585 0.00987944
4300 14.8569 0.00978551
4400 14.8563 0.00958203
4500 14.8547 0.00952036
4600 14.8569 0.00956973
4700 14.856 0.00940489
4800 14.8565 0.00922485
4900 14.8533 0.00960358
5000 14.8517 0.0095427
5100 14.8535 0.00951948
5200 14.8534 0.00933876
5300 14.854 0.00918321
5400 14.8544 0.00902784
5500 14.855 0.00888067
5600 14.8548 0.00872527
5700 14.8546 0.00857549
5800 14.8547 0.00842984
5900 14.8545 0.00829143
6000 14.8541 0.00816461
6100 14.8545 0.00804239
6200 14.8553 0.00794869
6300 14.8548 0.0078389
6400 14.8559 0.00780107
6500 14.855 0.00773146
6600 14.8552 0.00761635
6700 14.8549 0.00750804
6800 14.8544 0.00741642
6900 14.8538 0.00733415
7000 14.8531 0.0072672
7100 14.8528 0.00717142
7200 14.8547 0.0073227
7300 14.8546 0.00722387
7400 14.8549 0.00713416
7500 14.8548 0.00703988
7600 14.8557 0.0070055
7700 14.8556 0.00691547
7800 14.8561 0.006844
7900 14.8561 0.00675791
8000 14.8557 0.00668739
8100 14.8566 0.00667342
8200 14.8567 0.0065927
8300 14.8579 0.00662206
8400 14.858 0.00654558
8500 14.858 0.00646961
8600 14.8581 0.00639668
8700 14.8586 0.00634079
8800 14.8584 0.00627192
8900 14.8573 0.00629376
9000 14.8577 0.00623668
9100 14.8586 0.0062367
9200 14.8583 0.00617977
9300 14.8562 0.00645291
9400 14.8564 0.00638699
9500 14.8564 0.00632015
9600 14.8563 0.00625511
9700 14.8569 0.00622572
9800 14.8572 0.00616703
9900 14.8574 0.00611007
