0 14.9914 0
100 15.0322 0.0407676
200 15.006 0.035213
300 14.9895 0.0298455
400 14.9906 0.0231421
500 14.9929 0.019041
600 14.9997 0.0174482
700 14.9888 0.0186199
800 14.9917 0.0166776
900 14.9852 0.01628
1000 14.9805 0.0154404
1100 14.9772 0.0144902
1200 14.9769 0.013331
1300 14.9683 0.0150615
1400 14.9704 0.0141768
1500 14.9735 0.0136158
1600 14.9831 0.0159942
1700 14.9811 0.0152066
1800 14.9782 0.0146711
1900 14.976 0.0141012
2000 14.9795 0.0138606
2100 14.9793 0.0132173
2200 14.9787 0.012641
2300 14.9779 0.0121295
2400 14.981 0.0120405
2500 14.9781 0.0119263
2600 14.9754 0.0117865
2700 14.9797 0.0121377
2800 14.9822 0.0119662
2900 14.9796 0.0118504
3000 14.9801 0.0114735
3100 14.9826 0.0113934
3200 14.9835 0.0110772
3300 14.9834 0.0107473
3400 14.9819 0.0105319
3500 14.9811 0.0102693
3600 14.9806 0.00999796
3700 14.9815 0.0097663
3800 14.9812 0.00951695
3900 14.9764 0.0104324
4000 14.9791 0.010518
4100 14.9762 0.0106718
4200 14.9757 0.0104329
4300 14.9733 0.0104671
4400 14.9709 0.0105135
4500 14.971 0.0102831
4600 14.9714 0.0100693
4700 14.9707 0.00988101
4800 14.9721 0.00977587
4900 14.9736 0.00969408
5000 14.9729 0.00952262
5100 14.9735 0.00935321
5200 14.9726 0.00921422
5300 14.9711 0.00916654
5400 14.9712 0.0089993
5500 14.9711 0.00883823
5600 14.9703 0.00871775
5700 14.97 0.00857145
5800 14.9702 0.00842698
5900 14.9682 0.00852476
6000 14.968 0.00838587
6100 14.9682 0.00825126
6200 14.9664 0.00830681
6300 14.9682 0.00836395
6400 14.9668 0.00834296
6500 14.968 0.00829342
6600 14.9672 0.00820349
6700 14.9672 0.00808212
6800 14.9671 0.00796419
6900 14.967 0.00785109
7000 14.9674 0.00775124
7100 14.9679 0.00766075
7200 14.9692 0.00766243
7300 14.9701 0.00760549
7400 14.9692 0.00755724
7500 14.9703 0.00754146
7600 14.972 0.00763943
7700 14.9718 0.0075434
7800 14.971 0.00749439
7900 14.9704 0.00742487
8000 14.9698 0.00735757
8100 14.9697 0.0072679
8200 14.9701 0.00719237
8300 14.9711 0.00717632
8400 14.9713 0.00709497
8500 14.972 0.00704111
8600 14.9731 0.00704856
8700 14.9733 0.0069709
8800 14.9732 0.00689218
8900 14.9725 0.00685619
9000 14.9711 0.00692958
9100 14.9697 0.0069829
9200 14.9702 0.00692416
9300 14.9702 0.00685013
9400 14.9711 0.00682761
9500 14.9709 0.00675814
9600 14.97 0.00674855
9700 14.9705 0.0066967
9800 14.9695 0.00670188
9900 14.97 0.00665422
