0 5.44982 0
100 5.46884 0.0190223
200 5.45962 0.0143416
300 5.46805 0.0131882
400 5.45842 0.0140414
500 5.45425 0.0121968
600 5.44834 0.0118836
700 5.44618 0.0105168
800 5.44726 0.00933777
900 5.45104 0.00917093
1000 5.4514 0.00830287
1100 5.45213 0.00761523
1200 5.4553 0.0076879
1300 5.45456 0.00715578
1400 5.45304 0.00683287
1500 5.45028 0.00696263
1600 5.44677 0.00742225
1700 5.44688 0.00699859
1800 5.44917 0.00700625
1900 5.45001 0.00669872
2000 5.44842 0.00656636
2100 5.45072 0.00666931
2200 5.44854 0.00673432
2300 5.45067 0.00678979
2400 5.4485 0.00686534
2500 5.44993 0.00674926
2600 5.45164 0.00671684
2700 5.4512 0.00648745
2800 5.45014 0.00634861
2900 5.45227 0.00649164
3000 5.45251 0.00628344
3100 5.45311 0.00611262
3200 5.45231 0.00597758
3300 5.45333 0.00588842
3400 5.4536 0.00572396
3500 5.4542 0.0055955
3600 5.45453 0.00545215
3700 5.45597 0.00549692
3800 5.45667 0.0053997
3900 5.45765 0.00535326
4000 5.45651 0.00534368
4100 5.4576 0.00532728
4200 5.45711 0.00522474
4300 5.45662 0.00512829
4400 5.45714 0.00504001
4500 5.45621 0.00501592
4600 5.45626 0.00490829
4700 5.45653 0.00481238
4800 5.45647 0.00471349
4900 5.45572 0.00467874
5000 5.45529 0.00460599
5100 5.45528 0.00451657
5200 5.45549 0.00443539
5300 5.4559 0.00437201
5400 5.45587 0.00429186
5500 5.4553 0.00425316
5600 5.45505 0.00418524
5700 5.45486 0.00411707
5800 5.455 0.00404913
5900 5.45551 0.00401405
6000 5.45506 0.00397299
6100 5.45497 0.00390952
6200 5.45509 0.00384877
6300 5.45447 0.00383864
6400 5.45461 0.00378194
6500 5.45474 0.00372618
6600 5.45497 0.00367765
6700 5.45542 0.00365089
6800 5.45538 0.00359776
6900 5.45474 0.00360331
7000 5.45426 0.00358447
7100 5.4543 0.00353448
7200 5.45444 0.00348855
7300 5.45503 0.00349241
7400 5.45573 0.00351595
7500 5.45574 0.00346938
7600 5.45536 0.00344451
7700 5.45556 0.00340575
7800 5.45561 0.00336271
7900 5.45648 0.003434
8000 5.4567 0.00339828
8100 5.45689 0.00336198
8200 5.45671 0.00332603
8300 5.4571 0.00330866
8400 5.45737 0.00328119
8500 5.45722 0.00324653
8600 5.45693 0.003222
8700 5.45679 0.003188
8800 5.45724 0.00318363
8900 5.45705 0.00315386
9000 5.45746 0.00314551
9100 5.45809 0.00317471
9200 5.45777 0.00315659
9300 5.45812 0.00314179
9400 5.45762 0.00314735
9500 5.45748 0.00311773
9600 5.45793 0.00311887
9700 5.45769 0.00309661
9800 5.45789 0.00307197
9900 5.45762 0.00305311
