0 5.43363 0
100 5.4508 0.0171703
200 5.4395 0.0150305
300 5.45178 0.0162398
400 5.45126 0.0125902
500 5.45795 0.0122655
600 5.45853 0.0103823
700 5.45368 0.0102155
800 5.45243 0.00909552
900 5.45447 0.0083873
1000 5.45159 0.00811459
1100 5.44882 0.0079084
1200 5.45 0.00737069
1300 5.45372 0.00777108
1400 5.45587 0.00754596
1500 5.45569 0.00706074
1600 5.45467 0.00671034
1700 5.45418 0.00634603
1800 5.45068 0.00694948
1900 5.44953 0.00669117
2000 5.44774 0.00661237
2100 5.44971 0.00660652
2200 5.45141 0.00653738
2300 5.45313 0.00649148
2400 5.45219 0.0062971
2500 5.45157 0.00608219
2600 5.45028 0.00599309
2700 5.45146 0.00589548
2800 5.45103 0.00570478
2900 5.44934 0.0057668
3000 5.4503 0.00566074
3100 5.45099 0.00552397
3200 5.45065 0.00536464
3300 5.44899 0.00546391
3400 5.45005 0.00540976
3500 5.44972 0.00526773
3600 5.44989 0.00512648
3700 5.45027 0.00500402
3800 5.45061 0.00488586
3900 5.45024 0.00477682
4000 5.45043 0.00466293
4100 5.45029 0.0045527
4200 5.45024 0.00444583
4300 5.45021 0.00434375
4400 5.4502 0.00424614
4500 5.44945 0.00421861
4600 5.44963 0.00413152
4700 5.45027 0.00409566
4800 5.45038 0.00401275
4900 5.45068 0.00394299
5000 5.45157 0.00396644
5100 5.45124 0.00390346
5200 5.45193 0.00388969
5300 5.45123 0.00388009
5400 5.45095 0.00381919
5500 5.45047 0.00378157
5600 5.45084 0.00373348
5700 5.45012 0.0037394
5800 5.45031 0.0036804
5900 5.4501 0.00362466
6000 5.44952 0.00361065
6100 5.44911 0.00357575
6200 5.44905 0.00351904
6300 5.4499 0.0035658
6400 5.44934 0.00355386
6500 5.44929 0.0035001
6600 5.44884 0.00347651
6700 5.44958 0.00350433
6800 5.44978 0.00345883
6900 5.44983 0.00340952
7000 5.45021 0.00338207
7100 5.45072 0.00337423
7200 5.45144 0.0034042
7300 5.45198 0.00340094
7400 5.45204 0.00335582
7500 5.45173 0.00332537
7600 5.45113 0.00333658
7700 5.45131 0.00329811
7800 5.45107 0.00326489
7900 5.45156 0.00326166
8000 5.45161 0.00322149
8100 5.45103 0.0032344
8200 5.45107 0.00319543
8300 5.45078 0.00316986
8400 5.45097 0.00313761
8500 5.45132 0.00312126
8600 5.45142 0.00308666
8700 5.45124 0.00305654
8800 5.45076 0.00305962
8900 5.45066 0.00302717
9000 5.45024 0.00302301
9100 5.45043 0.00299589
9200 5.4507 0.00297615
9300 5.45123 0.00299179
9400 5.45127 0.00296037
9500 5.45165 0.00295375
9600 5.45148 0.00292813
9700 5.4512 0.00291106
9800 5.45094 0.00289339
9900 5.45056 0.00288944
