           1       -0.04       -0.04           0
           2       -0.04       -0.04           0
           3       -0.04       -0.04           0
           4       -0.04       -0.04           0
           5       -0.04       -0.04           0
           6       -0.04       -0.04           0
           7       -0.04       -0.04 1.90105e-10
           8       -0.04       -0.04 1.76003e-10
           9       -0.04       -0.04 1.64636e-10
          10       -0.04       -0.04 3.10441e-10
          11       -0.04       -0.04 3.29272e-10
          12       -0.04       -0.04 3.13949e-10
          13       -0.04       -0.04 3.00583e-10
          14       -0.04       -0.04 2.88791e-10
          15       -0.04       -0.04 1.76003e-10
          16       -0.04       -0.04 1.70035e-10
          17       -0.04       -0.04 1.64636e-10
          18       -0.04       -0.04        -nan
          19       -0.04       -0.04        -nan
          20       -0.04       -0.04        -nan
           1    0.000984    0.000984           0
           2    0.001048    0.001016     3.2e-05
           3    0.001428  0.00115333  0.00013857
           4    0.002992    0.001613 0.000469994
           5     0.00098   0.0014864  0.00038544
           6    0.001468  0.00148333 0.000314726
           7   -0.001644  0.00103657  0.00051995
           8    -0.00108    0.000772 0.000522263
           9   -0.000184 0.000665778 0.000472683
          10   -0.001408   0.0004584 0.000470902
          11    0.000256     0.00044 0.000426344
          12    0.000608    0.000454 0.000389449
          13    0.001592 0.000541538 0.000368781
          14   -0.001624 0.000386857  0.00037483
          15    0.000712 0.000408533  0.00034962
          16   -0.000336    0.000362 0.000330334
          17    0.001264 0.000415059 0.000314798
          18    0.000788 0.000435778 0.000297517
          19    0.000768 0.000453263 0.000281965
          20     0.00126   0.0004936  0.00027052
           1    0.002624    0.002624           0
           2   -0.002388    0.000118    0.002506
           3   -0.000824   -0.000196  0.00148052
           4     0.01012    0.002383  0.00278338
           5    0.004724   0.0028512  0.00220625
           6   -0.004744  0.00158533  0.00220169
           7   -0.005128 0.000626286  0.00209338
           8      0.0018    0.000773  0.00181885
           9   -0.003172 0.000334667  0.00166288
          10   -0.010524  -0.0007512  0.00184153
          11   -0.004048 -0.00105091  0.00169248
          12   -0.002228   -0.001149  0.00154813
          13   -0.000552 -0.00110308  0.00142481
          14    0.004064   -0.000734  0.00136978
          15    0.004716-0.000370667  0.00132594
          16    0.001728  -0.0002395  0.00124722
          17     0.00548 9.69412e-05  0.00121891
          18    0.002288 0.000218667  0.00115563
          19    0.005384 0.000490526  0.00112642
          20    0.004112   0.0006716  0.00108385
           1    0.029108    0.029108           0
           2     0.00328    0.016194    0.012914
           3    0.001808   0.0113987  0.00886486
           4    0.046696    0.020223   0.0108241
           5    0.052304   0.0266392   0.0105577
           6     0.00208    0.022546  0.00954275
           7   -0.009532   0.0179634  0.00927608
           8   -0.034928    0.011352   0.0104041
           9    0.004328   0.0105716  0.00920868
          10   -0.062856   0.0032288   0.0110343
          11    0.013252     0.00414   0.0100224
          12    0.005476  0.00425133  0.00914985
          13    0.019964     0.00546  0.00850298
          14   -0.041356    0.002116  0.00855303
          15    0.044896    0.004968   0.0084578
          16    0.026512   0.0063145  0.00802531
          17    -0.00892  0.00541835  0.00759154
          18   -0.005004  0.00483933  0.00718076
          19   -0.001764  0.00449179   0.0068012
          20   -0.009752   0.0037796  0.00649137
           1    0.029108    0.029108           0
           2     0.00328    0.016194    0.012914
           3    0.001808   0.0113987  0.00886486
           4    0.046696    0.020223   0.0108241
           5    0.052304   0.0266392   0.0105577
           6     0.00208    0.022546  0.00954275
           7   -0.009532   0.0179634  0.00927608
           8   -0.034928    0.011352   0.0104041
           9    0.004328   0.0105716  0.00920868
          10   -0.062856   0.0032288   0.0110343
          11    0.013252     0.00414   0.0100224
          12    0.005476  0.00425133  0.00914985
          13    0.019964     0.00546  0.00850298
          14   -0.041356    0.002116  0.00855303
          15    0.044896    0.004968   0.0084578
          16    0.026512   0.0063145  0.00802531
          17    -0.00892  0.00541835  0.00759154
          18   -0.005004  0.00483933  0.00718076
          19   -0.001764  0.00449179   0.0068012
          20   -0.009752   0.0037796  0.00649137
           1     0.91976     0.91976           0
           2           1     0.95988     0.04012
           3           1    0.973253   0.0267467
           4           1     0.97994     0.02006
           5           1    0.983952    0.016048
           6           1    0.986627   0.0133733
           7           1    0.988537   0.0114629
           8           1     0.98997     0.01003
           9           1    0.991084  0.00891556
          10           1    0.991976    0.008024
          11           1    0.992705  0.00729455
          12           1    0.993313  0.00668667
          13           1    0.993828  0.00617231
          14           1    0.994269  0.00573143
          15           1    0.994651  0.00534933
          16           1    0.994985    0.005015
          17           1     0.99528     0.00472
          18           1    0.995542  0.00445778
          19           1    0.995777  0.00422316
          20           1    0.995988    0.004012
           1     0.91916     0.91916           0
           2    0.975652    0.947406    0.028246
           3    0.760436    0.885083   0.0644216
           4   -0.210924    0.611081    0.277762
           5   -0.935296    0.301806    0.376753
           6    0.729928    0.373159    0.315784
           7    0.998232    0.462455    0.281429
           8    0.999068    0.529532    0.252786
           9    0.994196    0.581161    0.228837
          10    0.989384    0.621984    0.208709
          11    0.995064      0.6559    0.191807
          12   -0.636368    0.548211    0.205561
          13   -0.995216    0.429486    0.223271
          14   -0.308444    0.376777    0.213323
          15    0.997352    0.418148    0.202857
          16    0.984908    0.453571    0.193033
          17    0.999392    0.485678    0.184144
          18    0.999168    0.514205    0.175941
          19   -0.473552    0.462218    0.174354
          20    -0.99838    0.389188    0.180811
           1    0.106836    0.106836           0
           2   -0.071448    0.017694    0.089142
           3   -0.525812   -0.163475    0.188337
           4   -0.044976    -0.13385     0.13643
           5    -0.12356   -0.131792    0.105698
           6   -0.138008   -0.132828   0.0863083
           7      0.0339    -0.10901    0.076734
           8     -0.1883   -0.118921   0.0671886
           9    0.187156  -0.0849124   0.0683207
          10    0.045744  -0.0718468   0.0624891
          11    0.340604  -0.0343513   0.0678293
          12    0.027496  -0.0291973   0.0621336
          13    0.125216  -0.0173194   0.0583758
          14   -0.021196  -0.0175963   0.0540462
          15     0.36574  0.00795947   0.0564324
          16   -0.112544    0.000428   0.0533223
          17    0.079864  0.00510071    0.050305
          18    0.022384  0.00606089   0.0474378
          19    -0.26252 -0.00807495   0.0470456
          20   -0.407488  -0.0280456   0.0488956
           1   -0.006672   -0.006672           0
           2    0.058424    0.025876    0.032548
           3   -0.041384    0.003456   0.0292537
           4     0.02014    0.007627   0.0211018
           5   -0.037392  -0.0013768   0.0186612
           6    -0.04072   -0.007934   0.0165879
           7    0.005196 -0.00605829   0.0141442
           8   -0.064028  -0.0133045   0.0142321
           9   -0.053268  -0.0177449   0.0133138
          10   -0.054072  -0.0213776     0.01245
          11    0.085664  -0.0116465   0.0148833
          12   -0.020324  -0.0123697   0.0136058
          13   -0.049156  -0.0151994   0.0128314
          14   -0.060252  -0.0184174   0.0123077
          15    0.113124   -0.009648   0.0144286
          16      0.0553 -0.00558875    0.014094
          17   -0.016456   -0.006228   0.0132544
          18     0.05316 -0.00292867   0.0129246
          19    -0.08142 -0.00705979   0.0129046
          20    -0.04276  -0.0088448   0.0123718
           1    0.029108    0.029108           0
           2     0.00328    0.016194    0.012914
           3    0.001808   0.0113987  0.00886486
           4    0.046696    0.020223   0.0108241
           5    0.052304   0.0266392   0.0105577
           6     0.00208    0.022546  0.00954275
           7   -0.009532   0.0179634  0.00927608
           8   -0.034928    0.011352   0.0104041
           9    0.004328   0.0105716  0.00920868
          10   -0.062856   0.0032288   0.0110343
          11    0.013252     0.00414   0.0100224
          12    0.005476  0.00425133  0.00914985
          13    0.019964     0.00546  0.00850298
          14   -0.041356    0.002116  0.00855303
          15    0.044896    0.004968   0.0084578
          16    0.026512   0.0063145  0.00802531
          17    -0.00892  0.00541835  0.00759154
          18   -0.005004  0.00483933  0.00718076
          19   -0.001764  0.00449179   0.0068012
          20   -0.009752   0.0037796  0.00649137
           1    0.030408    0.030408           0
           2    0.020228    0.025318     0.00509
           3    0.005548    0.018728  0.00721555
           4    0.042956    0.024785  0.00791955
           5    0.039944   0.0278168  0.00684276
           6   -0.009628    0.021576  0.00837635
           7    -0.01694   0.0160737  0.00896614
           8    0.003204    0.014465   0.0079298
           9   -0.013856   0.0113182  0.00766878
          10   -0.001248   0.0100616  0.00697333
          11   -0.001068  0.00904982  0.00638824
          12    -0.01514    0.007034  0.00617022
          13   -0.012892  0.00550123   0.0058791
          14    0.007988  0.00567886  0.00544588
          15    0.013832   0.0062224   0.0050989
          16     0.02488   0.0073885  0.00491006
          17    0.010112  0.00754871  0.00461498
          18    0.000288  0.00714533   0.0043697
          19    -0.00954  0.00626716  0.00422558
          20   -0.001944   0.0058566  0.00402971
           1    0.012236    0.012236           0
           2    -0.00166    0.005288    0.006948
           3   -0.008508 0.000689333   0.0061024
           4     0.01604    0.004527  0.00577472
           5    0.016612    0.006944  0.00508432
           6   -0.016688  0.00300533  0.00572247
           7   -0.018712-9.71429e-05  0.00574594
           8    0.000968     3.6e-05  0.00497791
           9   -0.003124-0.000315111  0.00440412
          10   -0.000844   -0.000368  0.00393952
          11   -0.008916 -0.00114509  0.00364718
          12   -0.004964 -0.00146333  0.00334458
          13    0.003496 -0.00108185  0.00310013
          14    0.002564-0.000821429  0.00288195
          15    0.025396   0.0009264  0.00320205
          16   -0.001524  0.00077325  0.00299916
          17    0.010084  0.00132094  0.00286996
          18    0.006612  0.00161489  0.00272174
          19   -0.012368 0.000878947  0.00267763
          20    0.001648   0.0009174  0.00254052
           1    0.010912    0.010912           0
           2   -0.002632     0.00414    0.006772
           3   -0.002996  0.00176133  0.00457654
           4     0.01526    0.005136  0.00467555
           5     0.01488   0.0070848   0.0041127
           6   -0.009748  0.00427933  0.00437571
           7   -0.011436  0.00203429  0.00432626
           8    0.008424    0.002833  0.00383084
           9   -0.001996  0.00229644  0.00342083
          10    0.003196   0.0023864    0.003061
          11   -0.006424  0.00158545   0.0028823
          12      0.0014     0.00157  0.00263121
          13    0.003636  0.00172892  0.00242558
          14   -0.003848  0.00133057  0.00228071
          15    0.020408   0.0026024    0.002475
          16   -0.003452    0.002224  0.00234587
          17    0.004276  0.00234471  0.00220686
          18    0.008216  0.00267089  0.00210606
          19    -0.00822  0.00209768  0.00207296
          20    0.001628   0.0020742  0.00196672
           1    0.007536    0.007536           0
           2   -0.000392    0.003572    0.003964
           3   -0.007516   -0.000124   0.0043472
           4     0.01094    0.002642   0.0041352
           5    0.016008   0.0053152  0.00417204
           6   -0.007512  0.00317733  0.00402174
           7   -0.010272    0.001256  0.00390444
           8    0.010904    0.002462  0.00358998
           9    -0.00378  0.00176844  0.00324114
          10     0.00498   0.0020896   0.0029167
          11   -0.009908 0.000998909  0.00285482
          12    -0.00384 0.000595667  0.00263709
          13    0.001416 0.000658769  0.00242659
          14   -0.004052 0.000322286  0.00227165
          15    0.015268  0.00131867  0.00233776
          16   -0.004108   0.0009795  0.00221292
          17    0.009868  0.00150235  0.00214342
          18    0.009832  0.00196511  0.00207314
          19    0.000392  0.00188232  0.00196275
          20    0.005632   0.0020698  0.00187144
           1    0.004612    0.004612           0
           2   -0.002488    0.001062     0.00355
           3   -0.005824 -0.00123333  0.00307724
           4    0.010392    0.001673  0.00363063
           5    0.010788    0.003496  0.00335145
           6   -0.006316  0.00186067  0.00318786
           7   -0.008536 0.000375429   0.0030765
           8    0.004744   0.0009215  0.00271971
           9    -0.00656 9.02222e-05  0.00253852
          10   -0.004672   -0.000386  0.00231993
          11   -0.011008 -0.00135164  0.00230997
          12   -0.003764 -0.00155267  0.00211827
          13    -0.00618 -0.00190862  0.00198077
          14    0.002432 -0.00159857  0.00185986
          15     0.01834-0.000269333  0.00218283
          16   -0.002732 -0.00042325  0.00204764
          17    0.008228 8.56471e-05  0.00198961
          18     0.00682 0.000459778  0.00191277
          19    0.002428 0.000563368  0.00181226
          20    0.003632   0.0007168  0.00172609
           1    0.003812    0.003812           0
           2     5.6e-05    0.001934    0.001878
           3   -0.002788     0.00036  0.00191131
           4    0.010032    0.002778  0.00277007
           5    0.006728    0.003568   0.0022865
           6   -0.006972  0.00181133  0.00256345
           7   -0.010656 3.02857e-05  0.00280462
           8    0.004212    0.000553  0.00248448
           9   -0.004892    -5.2e-05   0.0022731
          10   -0.004024  -0.0004492  0.00207156
          11   -0.010248    -0.00134  0.00207476
          12    -0.00538 -0.00167667  0.00192368
          13   -0.004676 -0.00190738   0.0017845
          14     0.00294 -0.00156114  0.00168802
          15    0.015112  -0.0004496  0.00192484
          16   -0.002928  -0.0006045  0.00180718
          17    0.005392-0.000251765  0.00173381
          18     0.00546 6.55556e-05  0.00166516
          19    0.002372 0.000186947  0.00157976
          20    0.007068    0.000531  0.00153767
           1     0.00072     0.00072           0
           2   -0.001424   -0.000352    0.001072
           3   -0.005156 -0.00195333  0.00171678
           4    0.009216    0.000839   0.0030448
           5    0.007076   0.0020864  0.00266805
           6    -0.00554 0.000815333  0.00252215
           7   -0.006712    -0.00026  0.00238749
           8    0.003268    0.000181  0.00211413
           9   -0.005692-0.000471556  0.00197539
          10   -0.009152  -0.0013396  0.00196856
          11   -0.008952 -0.00203164  0.00191038
          12    -0.00538 -0.00231067  0.00176611
          13   -0.002772 -0.00234615  0.00162497
          14    0.002244 -0.00201829  0.00153975
          15    0.007348 -0.00139387  0.00156352
          16    -0.00126  -0.0013855  0.00146257
          17    0.005776-0.000964235  0.00143698
          18     0.00502-0.000631778  0.00139499
          19    0.001572-0.000515789  0.00132462
          20    0.002848  -0.0003476  0.00126785
           1   -0.000376   -0.000376           0
           2   -0.000936   -0.000656     0.00028
           3      0.0003-0.000337333 0.000357326
           4    0.009128    0.002029  0.00237978
           5    0.006268   0.0028768  0.00202899
           6   -0.005768    0.001436  0.00219555
           7    -0.00592 0.000385143  0.00213248
           8     0.00512    0.000977   0.0019393
           9   -0.003684 0.000459111  0.00178699
          10   -0.010072   -0.000594  0.00191409
          11   -0.005992 -0.00108473  0.00179956
          12   -0.004292   -0.001352  0.00166436
          13    0.001244 -0.00115231  0.00154396
          14    0.003444   -0.000824  0.00146665
          15    0.006836-0.000313333  0.00145775
          16    0.001188  -0.0002195  0.00136682
          17     0.00434 4.87059e-05  0.00131162
          18     0.00348 0.000239333  0.00125121
          19    0.002648 0.000366105   0.0011903
          20    0.003656   0.0005306  0.00114114
           1   -0.000288   -0.000288           0
           2   -0.001384   -0.000836    0.000548
           3   -0.001248-0.000973333 0.000344908
           4    0.009464    0.001636  0.00262071
           5    0.006152   0.0025392  0.00222185
           6   -0.007872    0.000804  0.00251038
           7   -0.005412    -8.4e-05      0.0023
           8    0.001772    0.000148  0.00200532
           9    -0.00512-0.000437333  0.00186287
          10   -0.010804   -0.001474  0.00196238
          11   -0.004448 -0.00174436  0.00179551
          12    -0.00376 -0.00191233  0.00164765
          13    0.001332 -0.00166277  0.00153603
          14    0.003064 -0.00132514  0.00146161
          15    0.005068-0.000898933  0.00142588
          16     8.8e-05 -0.00083725  0.00133521
          17    0.004116-0.000545882  0.00128761
          18    0.003832-0.000302667   0.0012381
          19    0.004936-2.69474e-05  0.00120314
          20    0.005228   0.0002358  0.00117125
           1    0.002624    0.002624           0
           2   -0.002388    0.000118    0.002506
           3   -0.000824   -0.000196  0.00148052
           4     0.01012    0.002383  0.00278338
           5    0.004724   0.0028512  0.00220625
           6   -0.004744  0.00158533  0.00220169
           7   -0.005128 0.000626286  0.00209338
           8      0.0018    0.000773  0.00181885
           9   -0.003172 0.000334667  0.00166288
          10   -0.010524  -0.0007512  0.00184153
          11   -0.004048 -0.00105091  0.00169248
          12   -0.002228   -0.001149  0.00154813
          13   -0.000552 -0.00110308  0.00142481
          14    0.004064   -0.000734  0.00136978
          15    0.004716-0.000370667  0.00132594
          16    0.001728  -0.0002395  0.00124722
          17     0.00548 9.69412e-05  0.00121891
          18    0.002288 0.000218667  0.00115563
          19    0.005384 0.000490526  0.00112642
          20    0.004112   0.0006716  0.00108385
           1     0.91976     0.91976           0
           2           1     0.95988     0.04012
           3           1    0.973253   0.0267467
           4           1     0.97994     0.02006
           5           1    0.983952    0.016048
           6           1    0.986627   0.0133733
           7           1    0.988537   0.0114629
           8           1     0.98997     0.01003
           9           1    0.991084  0.00891556
          10           1    0.991976    0.008024
          11           1    0.992705  0.00729455
          12           1    0.993313  0.00668667
          13           1    0.993828  0.00617231
          14           1    0.994269  0.00573143
          15           1    0.994651  0.00534933
          16           1    0.994985    0.005015
          17           1     0.99528     0.00472
          18           1    0.995542  0.00445778
          19           1    0.995777  0.00422316
          20           1    0.995988    0.004012
           1    0.919756    0.919756           0
           2           1    0.959878    0.040122
           3           1    0.973252    0.026748
           4     0.99994    0.979924    0.020056
           5     0.99998    0.983935   0.0160448
           6           1    0.986613   0.0133713
           7    0.999996    0.988525   0.0114614
           8           1    0.989959    0.010029
           9           1    0.991075  0.00891484
          10           1    0.991967  0.00802347
          11    0.999776    0.992677  0.00729214
          12    0.999992    0.993287  0.00668463
          13    0.999988    0.993802  0.00617054
          14           1    0.994245  0.00572993
          15           1    0.994629  0.00534806
          16     0.99842    0.994866  0.00500826
          17    0.999996    0.995167  0.00471411
          18           1    0.995436  0.00445261
          19           1    0.995676  0.00421859
          20           1    0.995892  0.00400794
           1    0.976408    0.976408           0
           2           1    0.988204    0.011796
           3           1    0.992136    0.007864
           4           1    0.994102    0.005898
           5           1    0.995282   0.0047184
           6           1    0.996068    0.003932
           7           1     0.99663  0.00337029
           8           1    0.997051    0.002949
           9           1    0.997379  0.00262133
          10           1    0.997641   0.0023592
          11           1    0.997855  0.00214473
          12           1    0.998034    0.001966
          13           1    0.998185  0.00181477
          14           1    0.998315  0.00168514
          15           1    0.998427   0.0015728
          16           1    0.998525   0.0014745
          17           1    0.998612  0.00138776
          18           1    0.998689  0.00131067
          19           1    0.998758  0.00124168
          20           1     0.99882   0.0011796
           1    0.973592    0.973592           0
           2     0.99136    0.982476    0.008884
           3    0.991016    0.985323  0.00586617
           4    0.978328    0.983574  0.00450154
           5    0.991416    0.985142  0.00382337
           6    0.999356    0.987511  0.00391884
           7    0.998276    0.989049  0.00365162
           8     0.99956    0.990363  0.00342447
           9    0.997508    0.991157   0.0031227
          10    0.990184     0.99106  0.00279472
          11    0.999296    0.991808  0.00263648
          12    0.343252    0.937762   0.0540999
          13    0.355332     0.89296    0.066961
          14    0.975556    0.898859   0.0622739
          15    0.998228    0.905484   0.0583511
          16      0.9915     0.91086   0.0548466
          17    0.999436     0.91607   0.0517822
          18    0.999444    0.920702     0.04904
          19    0.985756    0.924126   0.0465133
          20    0.995228    0.927681   0.0442694
           1    0.740908    0.740908           0
           2    0.710084    0.725496    0.015412
           3    0.713772    0.721588  0.00971849
           4      0.7517    0.729116   0.0101929
           5     0.85976    0.755245   0.0272956
           6    0.584344    0.726761   0.0361664
           7    0.756124    0.730956   0.0308527
           8    0.653944    0.721329   0.0284004
           9    0.674096    0.716081   0.0255908
          10     0.70852    0.715325   0.0229016
          11    0.730688    0.716722   0.0207623
          12    0.698344     0.71519    0.019015
          13    0.822316    0.723431   0.0193352
          14    0.763472    0.726291    0.018128
          15    0.693604    0.724112   0.0170163
          16    0.704852    0.722908   0.0159628
          17    0.736012    0.723679   0.0150142
          18    0.642692     0.71918   0.0148534
          19    0.563856    0.711005   0.0162551
          20    0.540096    0.702459   0.0176304
           1    0.274512    0.274512           0
           2     0.32008    0.297296    0.022784
           3     0.27318    0.289257   0.0154161
           4      0.3011    0.292218   0.0112958
           5    0.405908    0.314956   0.0243634
           6    0.254612    0.304899   0.0222905
           7     0.33012    0.308502   0.0191803
           8    0.248664    0.301022    0.018217
           9     0.24774    0.295102    0.017122
          10    0.225864    0.288178   0.0168068
          11    0.314368    0.290559   0.0153876
          12    0.224124    0.285023   0.0150986
          13    0.276684    0.284381   0.0139035
          14    0.266836    0.283128    0.012933
          15    0.383484    0.289818   0.0137739
          16    0.296612    0.290243   0.0128913
          17      0.2803    0.289658   0.0121234
          18     0.30218    0.290354   0.0114512
          19    0.225104     0.28692   0.0113631
          20     0.33662    0.289405   0.0110627
           1    0.175292    0.175292           0
           2    0.134956    0.155124    0.020168
           3    0.137784    0.149344   0.0129997
           4    0.177956    0.156497   0.0116474
           5    0.198164     0.16483   0.0122818
           6     0.14088    0.160839   0.0107933
           7     0.12498    0.155716    0.010462
           8    0.106172    0.149523   0.0109746
           9     0.15794    0.150458   0.0097238
          10    0.092336    0.144646   0.0104606
          11    0.162668    0.146284  0.00960275
          12    0.163032     0.14768  0.00887647
          13     0.15326    0.148109  0.00817644
          14    0.109796    0.145373  0.00804941
          15    0.203616    0.149255  0.00843983
          16    0.186784    0.151601   0.0082358
          17     0.14826    0.151404  0.00773868
          18    0.142088    0.150887  0.00731444
          19     0.13152    0.149868  0.00699345
          20     0.15404    0.150076  0.00663785
           1    0.113092    0.113092           0
           2    0.103368     0.10823    0.004862
           3    0.086856    0.101105  0.00765771
           4      0.1223    0.106404  0.00757602
           5    0.125192    0.110162   0.0069683
           6     0.07204    0.103808  0.00852876
           7    0.056396   0.0970349  0.00989103
           8    0.090568   0.0962265  0.00860394
           9    0.082596    0.094712  0.00773763
          10    0.074608   0.0927016  0.00720683
          11     0.09144   0.0925869  0.00651983
          12    0.068984     0.09062  0.00626835
          13    0.076356   0.0895228  0.00586951
          14    0.092872    0.089762  0.00543938
          15    0.120628   0.0918197  0.00546591
          16    0.106844   0.0927588   0.0051984
          17    0.091288   0.0926722  0.00488382
          18     0.08328   0.0921504  0.00463398
          19    0.083116   0.0916749  0.00440902
          20     0.09296   0.0917392  0.00418326
           1    0.076036    0.076036           0
           2    0.050864     0.06345    0.012586
           3    0.058056    0.061652  0.00748567
           4    0.074212    0.064792  0.00615445
           5     0.08628   0.0690896  0.00641839
           6    0.041332   0.0644633  0.00699043
           7     0.04242   0.0613143  0.00669484
           8    0.060844   0.0612555   0.0057982
           9    0.061368    0.061268  0.00511355
          10     0.05602   0.0607432  0.00460371
          11    0.050372   0.0598004  0.00426961
          12    0.052132   0.0591613  0.00394964
          13     0.06136   0.0593305  0.00363708
          14     0.06552   0.0597726  0.00339618
          15    0.086616   0.0615621    0.003633
          16    0.055548   0.0611862  0.00341908
          17    0.067564   0.0615614  0.00323351
          18    0.063436   0.0616656  0.00305036
          19    0.048636   0.0609798  0.00296573
          20    0.057924    0.060827  0.00281768
           1    0.056588    0.056588           0
           2    0.038388    0.047488      0.0091
           3    0.034776   0.0432507  0.00674969
           4    0.057148    0.046725   0.0059034
           5    0.063172   0.0500144  0.00563296
           6    0.035228     0.04755  0.00521793
           7     0.03276   0.0454371  0.00488997
           8    0.050252    0.046039   0.0042774
           9    0.045532   0.0459827  0.00377273
          10      0.0452   0.0459044  0.00337534
          11    0.034436   0.0448618  0.00322621
          12     0.03914    0.044385  0.00298347
          13    0.044364   0.0443834  0.00274439
          14    0.036584   0.0438263  0.00260117
          15    0.065212    0.045252  0.00281009
          16     0.04244   0.0450763  0.00263447
          17    0.046556   0.0451633  0.00247618
          18    0.053084   0.0456033  0.00237567
          19    0.037684   0.0451865  0.00228549
          20    0.044272   0.0451408  0.00216869
           1    0.045356    0.045356           0
           2    0.031788    0.038572    0.006784
           3    0.026304   0.0344827  0.00566247
           4    0.042096    0.036386  0.00443333
           5    0.050464   0.0392016  0.00444075
           6    0.025348   0.0368927  0.00429861
           7    0.022188    0.034792  0.00419659
           8    0.046268   0.0362265  0.00390722
           9     0.03208   0.0357658   0.0034765
          10    0.037532   0.0359424  0.00311449
          11    0.021972   0.0346724  0.00309021
          12    0.028228   0.0341353  0.00287163
          13    0.034716     0.03418  0.00264189
          14    0.030596    0.033924  0.00245927
          15    0.052256   0.0351461  0.00259523
          16    0.026476   0.0346043  0.00248736
          17    0.041096   0.0349861  0.00236747
          18     0.04118   0.0353302  0.00225844
          19    0.034916   0.0353084  0.00213638
          20    0.039432   0.0355146  0.00203721
           1    0.036004    0.036004           0
           2    0.025668    0.030836    0.005168
           3    0.021356    0.027676  0.00434607
           4    0.037544    0.030143  0.00394085
           5    0.039732   0.0320608  0.00360501
           6     0.01942    0.029954  0.00361976
           7     0.01864   0.0283377  0.00345998
           8    0.033932    0.029037  0.00307694
           9    0.023828   0.0284582  0.00277465
          10    0.021644   0.0277768  0.00257357
          11    0.015452   0.0266564  0.00258349
          12    0.021016   0.0261863  0.00240477
          13    0.019928   0.0257049  0.00226385
          14    0.031248   0.0261009  0.00213299
          15    0.044832   0.0273496  0.00234571
          16     0.02276   0.0270628  0.00221288
          17    0.033592   0.0274468  0.00211383
          18    0.034148   0.0278191  0.00202741
          19    0.031784   0.0280278  0.00192906
          20    0.030268   0.0281398  0.00183349
           1    0.026756    0.026756           0
           2    0.021728    0.024242    0.002514
           3    0.020828    0.023104  0.00184439
           4    0.030732    0.025011  0.00231031
           5    0.029728   0.0259544    0.002023
           6    0.016352    0.024354  0.00229992
           7    0.012624   0.0226783  0.00256638
           8    0.029904   0.0235815  0.00239907
           9    0.018116   0.0229742  0.00220121
          10    0.018564   0.0225332  0.00201761
          11    0.011088   0.0214927  0.00210076
          12     0.01708    0.021125  0.00195266
          13    0.017576    0.020852  0.00181682
          14     0.02662    0.021264  0.00173177
          15    0.036856   0.0223035  0.00191824
          16    0.019572   0.0221327  0.00180245
          17     0.02888   0.0225296  0.00173901
          18    0.027088   0.0227829  0.00165899
          19     0.02592    0.022948  0.00157791
          20    0.029496   0.0232754  0.00153232
           1    0.020684    0.020684           0
           2     0.01708    0.018882    0.001802
           3    0.013536      0.0171  0.00206347
           4    0.027268    0.019642  0.00293099
           5    0.024764   0.0206664  0.00249075
           6    0.013516   0.0194747  0.00235714
           7    0.011612   0.0183514  0.00228699
           8     0.02426     0.01909  0.00211382
           9    0.014608    0.018592  0.00192958
          10    0.009372     0.01767  0.00195671
          11    0.009816    0.016956   0.0019085
          12    0.013568   0.0166737  0.00176495
          13      0.0169   0.0166911  0.00162361
          14     0.02306    0.017146   0.0015705
          15    0.028872   0.0179277  0.00165792
          16    0.016984   0.0178687  0.00155197
          17    0.024796   0.0182762   0.0015137
          18    0.021912   0.0184782  0.00144135
          19    0.023984    0.018768  0.00139384
          20    0.022892   0.0189742  0.00133829
           1     0.01656     0.01656           0
           2    0.015028    0.015794    0.000766
           3    0.015948   0.0158453  0.00044522
           4     0.02588    0.018354  0.00252834
           5    0.022844    0.019252  0.00215451
           6    0.011592   0.0179753  0.00217359
           7    0.010252    0.016872  0.00214289
           8     0.02238   0.0175605   0.0019794
           9    0.014096   0.0171756   0.0017876
          10    0.006912   0.0161492  0.00189995
          11    0.010652   0.0156495  0.00178976
          12    0.010888   0.0152527  0.00168131
          13    0.015272   0.0152542  0.00154658
          14     0.02136   0.0156903  0.00149681
          15    0.024796   0.0162973  0.00151994
          16    0.016984   0.0163403  0.00142242
          17    0.022104   0.0166793  0.00137847
          18     0.01946   0.0168338  0.00130879
          19    0.020576   0.0170307  0.00125356
          20    0.020408   0.0171996  0.00120116
           1    0.014764    0.014764           0
           2    0.012252    0.013508    0.001256
           3    0.013272   0.0134293 0.000729406
           4    0.023132    0.015855  0.00247989
           5    0.020324   0.0167488  0.00211868
           6    0.007076   0.0151367  0.00236464
           7    0.008816   0.0142337    0.002193
           8      0.0168   0.0145545   0.0019261
           9    0.010328   0.0140849  0.00176238
          10     0.00272   0.0129484  0.00194329
          11     0.00882   0.0125731  0.00179739
          12    0.011096     0.01245   0.0016454
          13     0.01526   0.0126662   0.0015289
          14    0.017668   0.0130234  0.00145988
          15    0.019868   0.0134797  0.00143363
          16    0.014296   0.0135307  0.00134201
          17    0.018484   0.0138221  0.00129383
          18    0.018744   0.0140956  0.00125011
          19    0.020492   0.0144322  0.00122948
          20    0.019984   0.0147098  0.00119896
           1    0.015836    0.015836           0
           2    0.009648    0.012742    0.003094
           3    0.011396   0.0122933  0.00184181
           4    0.022456    0.014834  0.00285502
           5    0.017584    0.015384  0.00227885
           6    0.008032   0.0141587   0.0022279
           7    0.007668   0.0132314  0.00209885
           8    0.015472   0.0135115  0.00183911
           9      0.0111   0.0132436  0.00164392
          10    0.002136   0.0121328  0.00184276
          11     0.00766   0.0117262  0.00171572
          12    0.010704    0.011641  0.00156854
          13    0.011268   0.0116123  0.00144314
          14    0.017028   0.0119991  0.00139096
          15      0.0185   0.0124325  0.00136551
          16     0.01424   0.0125455   0.0012823
          17       0.019   0.0129252  0.00126294
          18    0.015428   0.0130642   0.0011988
          19     0.01914    0.013384  0.00117818
          20    0.017948   0.0136122  0.00114078
