           1            -3.85494e-17           0
           2            -3.85494e-17           0
           3            -3.85494e-17  4.1359e-25
           4            -3.85494e-17           0
           5            -3.85494e-17           0
           6            -3.85494e-17        -nan
           7            -3.85494e-17        -nan
           8            -3.85494e-17        -nan
           9            -3.85494e-17        -nan
          10            -3.85494e-17        -nan
          11            -3.85494e-17        -nan
          12            -3.85494e-17        -nan
          13            -3.85494e-17        -nan
          14            -3.85494e-17        -nan
          15            -3.85494e-17        -nan
          16            -3.85494e-17        -nan
          17            -3.85494e-17        -nan
          18            -3.85494e-17        -nan
          19            -3.85494e-17        -nan
          20            -3.85494e-17        -nan
           1                0.100201           0
           2               0.0997852 0.000415467
           3               0.0998174 0.000242026
           4                0.100063 0.000299359
           5               0.0994683 0.000638376
           6               0.0994697 0.000521234
           7               0.0994351 0.000441881
           8               0.0996481 0.000437988
           9               0.0996761 0.000387285
          10               0.0996903 0.000346686
          11               0.0998892 0.000371365
          12               0.0997808 0.000355917
          13               0.0997316 0.000331069
          14               0.0997965 0.000313299
          15               0.0996823 0.000313232
          16               0.0996474 0.000295075
          17               0.0996787 0.000278944
          18                0.099814 0.000295729
          19               0.0997754 0.000282372
          20                0.099733 0.000271225
           1               0.0994887           0
           2               0.0990933 0.000395389
           3               0.0989601 0.000264276
           4               0.0989094 0.000193633
           5               0.0993136 0.000431191
           6               0.0991963 0.000371103
           7               0.0995734 0.000490481
           8               0.0994433 0.000444254
           9               0.0992475 0.000437999
          10               0.0994028  0.00042144
          11               0.0993071 0.000393036
          12               0.0995959  0.00046057
          13               0.0994602  0.00044486
          14               0.0993492 0.000426575
          15               0.0994286 0.000404981
          16               0.0993882  0.00038097
          17               0.0993902 0.000357865
          18               0.0994999 0.000354779
          19               0.0996667 0.000374737
          20               0.0996671 0.000355507
           1                0.430711           0
           2                 0.42206  0.00865109
           3                0.420167  0.00534147
           4                0.420417  0.00378527
           5                 0.42265  0.00368546
           6                0.420689  0.00359166
           7                0.421599   0.0031689
           8                0.418464   0.0041669
           9                0.418025  0.00370099
          10                0.417005  0.00346368
          11                0.418244  0.00336904
          12                0.418559   0.0030916
          13                0.418044  0.00289017
          14                0.417339  0.00276715
          15                0.417709   0.0026025
          16                0.417531  0.00244091
          17                0.417275  0.00230704
          18                0.418065  0.00231414
          19                 0.41747  0.00226831
          20                0.417848   0.0021848
           1                0.430711           0
           2                 0.42206  0.00865109
           3                0.420167  0.00534147
           4                0.420417  0.00378527
           5                 0.42265  0.00368546
           6                0.420689  0.00359166
           7                0.421599   0.0031689
           8                0.418464   0.0041669
           9                0.418025  0.00370099
          10                0.417005  0.00346368
          11                0.418244  0.00336904
          12                0.418559   0.0030916
          13                0.418044  0.00289017
          14                0.417339  0.00276715
          15                0.417709   0.0026025
          16                0.417531  0.00244091
          17                0.417275  0.00230704
          18                0.418065  0.00231414
          19                 0.41747  0.00226831
          20                0.417848   0.0021848
           1                0.645612           0
           2                0.322806    0.322806
           3                0.215204    0.215204
           4                0.161403    0.161403
           5                0.129122    0.129122
           6                0.107602    0.107602
           7               0.0922303   0.0922303
           8               0.0807015   0.0807015
           9               0.0717347   0.0717347
          10               0.0645612   0.0645612
          11                0.058692    0.058692
          12                0.053801    0.053801
          13               0.0496625   0.0496625
          14               0.0461151   0.0461151
          15               0.0430408   0.0430408
          16               0.0403508   0.0403508
          17               0.0379772   0.0379772
          18               0.0358673   0.0358673
          19               0.0339796   0.0339796
          20               0.0322806   0.0322806
           1                0.171126           0
           2                0.141482    0.029644
           3                0.156611   0.0228432
           4                0.160162   0.0165383
           5                0.157952   0.0129998
           6                0.154836    0.011062
           7                0.135209   0.0217403
           8                 0.12076   0.0237328
           9                0.112463   0.0225149
          10                0.105597   0.0212765
          11                0.100083   0.0200196
          12                0.103785   0.0186465
          13               0.0991153   0.0177765
          14                0.107535   0.0184866
          15                0.101947   0.0180947
          16                 0.10114   0.0169452
          17               0.0959507   0.0167419
          18               0.0914147   0.0164233
          19               0.0951132   0.0159691
          20               0.0914357   0.0155896
           1                0.503163           0
           2                0.450929   0.0522332
           3                0.439672   0.0321897
           4                0.442243   0.0229063
           5                0.431609   0.0206856
           6                0.423903   0.0185644
           7                0.411249   0.0201568
           8                0.409173   0.0175793
           9                0.411549   0.0156845
          10                 0.41498   0.0144422
          11                0.414989   0.0130635
          12                0.413874   0.0119773
          13                0.412854   0.0110646
          14                0.413147    0.010248
          15                0.409983   0.0100515
          16                 0.40944  0.00941797
          17                0.411287   0.0090375
          18                0.411925  0.00854446
          19                0.410303  0.00824341
          20                0.409568  0.00785482
           1                0.469937           0
           2                0.449765   0.0201715
           3                0.429293   0.0235532
           4                0.432202   0.0169069
           5                0.438341   0.0144635
           6                0.443828   0.0130218
           7                0.447146   0.0114946
           8                0.444415   0.0103222
           9                0.442039  0.00940842
          10                0.440991  0.00848017
          11                0.441545  0.00769061
          12                0.440817  0.00705818
          13                0.439851   0.0065641
          14                 0.43755  0.00649823
          15                0.438094  0.00607393
          16                 0.43721  0.00574994
          17                0.439197  0.00575505
          18                0.439035  0.00542834
          19                0.438435  0.00516964
          20                0.437707  0.00495799
           1                0.430711           0
           2                 0.42206  0.00865109
           3                0.420167  0.00534147
           4                0.420417  0.00378527
           5                 0.42265  0.00368546
           6                0.420689  0.00359166
           7                0.421599   0.0031689
           8                0.418464   0.0041669
           9                0.418025  0.00370099
          10                0.417005  0.00346368
          11                0.418244  0.00336904
          12                0.418559   0.0030916
          13                0.418044  0.00289017
          14                0.417339  0.00276715
          15                0.417709   0.0026025
          16                0.417531  0.00244091
          17                0.417275  0.00230704
          18                0.418065  0.00231414
          19                 0.41747  0.00226831
          20                0.417848   0.0021848
           1                0.373106           0
           2                0.368726  0.00438028
           3                0.367913  0.00265651
           4                0.369786   0.0026526
           5                0.369317  0.00210744
           6                0.369556  0.00173725
           7                0.370137  0.00157894
           8                0.370966   0.0015992
           9                0.371399  0.00147526
          10                0.371578  0.00133163
          11                0.371668  0.00120781
          12                0.373014  0.00174008
          13                0.372915  0.00160368
          14                0.372464   0.0015516
          15                0.371531  0.00171992
          16                0.372627  0.00194681
          17                0.372078  0.00190938
          18                0.372934  0.00199336
          19                0.372604  0.00191419
          20                0.372708  0.00181894
           1                0.317086           0
           2                0.317276 0.000189796
           3                0.315815  0.00146522
           4                0.316041  0.00106047
           5                0.316954   0.0012281
           6                0.315403  0.00184661
           7                0.314457  0.00182512
           8                0.314093  0.00162199
           9                0.314329  0.00144983
          10                0.314689  0.00134568
          11                0.314886  0.00123303
          12                0.314893  0.00112562
          13                0.314968   0.0010382
          14                0.314953  0.00096131
          15                0.315336 0.000973431
          16                0.316115  0.00119812
          17                0.316144  0.00112583
          18                0.316602  0.00115568
          19                0.316259  0.00114552
          20                0.316414  0.00109776
           1                0.276245           0
           2                0.275162  0.00108253
           3                0.274144  0.00119493
           4                0.272898  0.00150544
           5                0.274119  0.00168843
           6                0.273321  0.00159292
           7                0.272535  0.00155883
           8                0.272004  0.00145053
           9                0.271918  0.00128214
          10                0.271238  0.00133351
          11                0.270883  0.00125721
          12                0.270737  0.00115691
          13                 0.27132   0.0012134
          14                0.270765  0.00125335
          15                0.270457  0.00120676
          16                0.270946  0.00123033
          17                0.271269  0.00119991
          18                0.271519  0.00115875
          19                0.271544  0.00109635
          20                0.271514  0.00104053
           1                0.233196           0
           2                0.235743  0.00254691
           3                0.234347  0.00202748
           4                0.233788  0.00153908
           5                0.233455  0.00123763
           6                 0.23233  0.00151231
           7                0.231223  0.00169093
           8                0.230524  0.00162252
           9                0.230192  0.00146908
          10                  0.2295  0.00148499
          11                0.228919  0.00146364
          12                 0.22939  0.00141679
          13                0.230127   0.0014975
          14                0.229383  0.00157364
          15                0.229308  0.00146691
          16                0.229943   0.0015122
          17                0.230038  0.00142365
          18                0.230299  0.00136729
          19                0.230274  0.00129357
          20                0.230268   0.0012272
           1                 0.20114           0
           2                0.200704 0.000436248
           3                0.200708 0.000251907
           4                0.200542 0.000243343
           5                0.200789 0.000310181
           6                0.199544  0.00126995
           7                0.198429  0.00154806
           8                0.198007   0.0014055
           9                0.197697  0.00127753
          10                0.197206  0.00124376
          11                 0.19713  0.00112762
          12                0.197564  0.00111711
          13                0.197684  0.00103466
          14                0.197169  0.00108749
          15                0.197317  0.00102313
          16                0.197524 0.000979175
          17                0.197621 0.000924815
          18                0.197702 0.000875724
          19                0.197732 0.000828893
          20                0.197827 0.000792107
           1                0.172508           0
           2                0.171954 0.000554762
           3                0.171227 0.000793787
           4                0.171503 0.000625209
           5                0.171963 0.000667964
           6                0.171242 0.000903655
           7                0.171002 0.000800706
           8                 0.17049 0.000861919
           9                0.170143 0.000835455
          10                0.170154 0.000747337
          11                0.169948 0.000706824
          12                0.170185 0.000687288
          13                0.169961 0.000670449
          14                0.169518 0.000762731
          15                0.169605  0.00071538
          16                0.169594 0.000669278
          17                0.169597 0.000628685
          18                0.169654 0.000595499
          19                 0.16978 0.000577263
          20                0.169745 0.000548789
           1                0.148963           0
           2                0.147532  0.00143082
           3                0.148443  0.00122993
           4                0.148663 0.000896952
           5                0.148898 0.000733471
           6                0.148233 0.000894463
           7                0.147816 0.000863632
           8                0.147398 0.000856711
           9                0.147075 0.000821535
          10                0.147227 0.000750415
          11                0.147114 0.000688151
          12                0.147227 0.000638229
          13                0.146985 0.000634986
          14                0.146609 0.000698024
          15                0.146756 0.000666405
          16                0.146698 0.000626089
          17                0.146639  0.00059111
          18                0.146658 0.000557645
          19                0.146776 0.000540432
          20                0.146816 0.000514312
           1                0.130617           0
           2                0.130396 0.000221421
           3                0.129819 0.000590276
           4                0.129519 0.000514033
           5                0.129536  0.00039852
           6                0.129064 0.000573037
           7                  0.1289  0.00051148
           8                0.128563 0.000556523
           9                0.128265  0.00057435
          10                0.128338 0.000518988
          11                0.128091 0.000530629
          12                0.128268 0.000515559
          13                0.128227 0.000475935
          14                0.127942 0.000524998
          15                0.128074 0.000506144
          16                0.128045 0.000474308
          17                0.127963 0.000453051
          18                0.128015  0.00043027
          19                0.128187 0.000441836
          20                0.128233 0.000421761
           1                0.114647           0
           2                0.113538  0.00110829
           3                0.112657  0.00108877
           4                 0.11274 0.000774288
           5                0.113144 0.000723261
           6                0.112824 0.000671841
           7                0.112965  0.00058514
           8                0.112676 0.000583496
           9                0.112449 0.000562239
          10                 0.11262 0.000531086
          11                0.112419 0.000520986
          12                0.112665 0.000535528
          13                 0.11255 0.000505702
          14                0.112356 0.000506872
          15                0.112462 0.000483643
          16                0.112411 0.000455316
          17                0.112388 0.000428311
          18                0.112537 0.000430554
          19                0.112688 0.000434232
          20                 0.11276 0.000418278
           1               0.0994887           0
           2               0.0990933 0.000395389
           3               0.0989601 0.000264276
           4               0.0989094 0.000193633
           5               0.0993136 0.000431191
           6               0.0991963 0.000371103
           7               0.0995734 0.000490481
           8               0.0994433 0.000444254
           9               0.0992475 0.000437999
          10               0.0994028  0.00042144
          11               0.0993071 0.000393036
          12               0.0995959  0.00046057
          13               0.0994602  0.00044486
          14               0.0993492 0.000426575
          15               0.0994286 0.000404981
          16               0.0993882  0.00038097
          17               0.0993902 0.000357865
          18               0.0994999 0.000354779
          19               0.0996667 0.000374737
          20               0.0996671 0.000355507
           1                 2.58245           0
           2                 1.29122     1.29122
           3                0.860816    0.860816
           4                0.645612    0.645612
           5                 0.51649     0.51649
           6                0.430408    0.430408
           7                0.368921    0.368921
           8                0.322806    0.322806
           9                0.286939    0.286939
          10                0.258245    0.258245
          11                0.234768    0.234768
          12                0.215204    0.215204
          13                 0.19865     0.19865
          14                0.184461    0.184461
          15                0.172163    0.172163
          16                0.161403    0.161403
          17                0.151909    0.151909
          18                0.143469    0.143469
          19                0.135918    0.135918
          20                0.129122    0.129122
           1                0.287244           0
           2                0.143622    0.143622
           3                0.095748    0.095748
           4               0.0726103   0.0715485
           5               0.0583725   0.0572209
           6               0.0486438   0.0477228
           7               0.0417455   0.0409188
           8               0.0365273   0.0358189
           9               0.0324687   0.0318489
          10               0.0292218    0.028671
          11               0.0270172   0.0260274
          12               0.0247954   0.0238633
          13               0.0229427   0.0220291
          14                0.021304   0.0204607
          15               0.0198837   0.0191008
          16                0.020317   0.0178724
          17               0.0191428   0.0168292
          18               0.0180793   0.0159023
          19               0.0171278   0.0150722
          20               0.0162714   0.0143243
           1                0.448084           0
           2                0.224042    0.224042
           3                0.149361    0.149361
           4                0.112021    0.112021
           5               0.0896167   0.0896167
           6               0.0746806   0.0746806
           7                0.064012    0.064012
           8               0.0560105   0.0560105
           9               0.0497871   0.0497871
          10               0.0448084   0.0448084
          11               0.0407349   0.0407349
          12               0.0373403   0.0373403
          13                0.034468    0.034468
          14                0.032006    0.032006
          15               0.0298722   0.0298722
          16               0.0280052   0.0280052
          17               0.0263579   0.0263579
          18               0.0248935   0.0248935
          19               0.0235834   0.0235834
          20               0.0224042   0.0224042
           1                0.131651           0
           2               0.0915955   0.0400557
           3               0.0871468   0.0235502
           4               0.0943823   0.0181565
           5               0.0872564   0.0157662
           6               0.0746128   0.0180437
           7               0.0666709   0.0171938
           8               0.0600314   0.0163035
           9               0.0568172   0.0147332
          10                0.056335   0.0131866
          11               0.0525778   0.0125055
          12               0.0647001   0.0166514
          13               0.0725599    0.017216
          14               0.0761003   0.0163274
          15               0.0724676    0.015628
          16               0.0716685   0.0146405
          17               0.0681879    0.014186
          18               0.0651045   0.0137255
          19               0.0663962   0.0130471
          20               0.0654032   0.0124173
           1                0.533181           0
           2                0.478651   0.0545303
           3                0.481806   0.0316407
           4                0.481626   0.0223741
           5                0.453733   0.0328382
           6                 0.46201   0.0280606
           7                0.457675   0.0241086
           8                0.459249   0.0209379
           9                0.462483   0.0187465
          10                0.470171   0.0184462
          11                0.471844   0.0167689
          12                0.476272   0.0159354
          13                0.473163   0.0149847
          14                0.470856   0.0140636
          15                0.472219   0.0131633
          16                0.475158   0.0126591
          17                0.474783    0.011897
          18                0.474452   0.0112215
          19                0.474349    0.010615
          20                0.472908   0.0101728
           1                 0.48626           0
           2                0.497885   0.0116256
           3                0.481939   0.0173009
           4                0.482868   0.0122687
           5                0.496578   0.0166824
           6                0.497181   0.0136344
           7                0.504425   0.0136113
           8                0.503531   0.0118216
           9                0.499202   0.0112886
          10                0.496508     0.01045
          11                0.497403  0.00949461
          12                0.497993   0.0086874
          13                0.496602  0.00811128
          14                0.496912  0.00751599
          15                 0.49997  0.00763575
          16                0.498027  0.00740218
          17                0.498372  0.00696173
          18                0.498624  0.00656841
          19                0.497403  0.00633198
          20                0.498868  0.00618311
           1                0.444636           0
           2                0.438412  0.00622334
           3                0.434728  0.00514645
           4                 0.43967   0.0061371
           5                0.441887  0.00524568
           6                0.439501  0.00490303
           7                0.440244   0.0042099
           8                0.436261  0.00540003
           9                0.435813  0.00478338
          10                0.435675   0.0042806
          11                0.437303  0.00420039
          12                0.437527  0.00384093
          13                0.436742  0.00361935
          14                0.436933  0.00335631
          15                0.437817  0.00324719
          16                0.437714  0.00303919
          17                0.437176  0.00290519
          18                0.437931  0.00284134
          19                 0.43737  0.00274557
          20                 0.43799  0.00267746
           1                0.376921           0
           2                0.375006  0.00191529
           3                0.376404  0.00178266
           4                0.380075  0.00388137
           5                0.379976  0.00300814
           6                0.378229  0.00301402
           7                0.377502  0.00264907
           8                0.378082  0.00236635
           9                0.377812  0.00210435
          10                0.378426  0.00197997
          11                0.378594  0.00179883
          12                0.379815  0.00204594
          13                0.379357  0.00193682
          14                0.378934  0.00184233
          15                0.378744  0.00172562
          16                0.379608   0.0018306
          17                 0.37906   0.0018047
          18                0.379807   0.0018582
          19                0.379616  0.00176802
          20                0.379546  0.00167874
           1                0.320263           0
           2                0.320717 0.000453781
           3                 0.32106 0.000432171
           4                0.321426  0.00047691
           5                0.321991 0.000674839
           6                0.321066  0.00107666
           7                 0.31988  0.00149491
           8                0.320276  0.00135376
           9                0.320057  0.00121382
          10                0.320224  0.00109843
          11                0.320383  0.00100627
          12                0.320296 0.000922749
          13                0.320026 0.000890564
          14                0.319565 0.000944688
          15                0.319998 0.000980062
          16                0.320875  0.00126879
          17                0.321111  0.00121509
          18                0.321508  0.00121232
          19                0.321232  0.00117947
          20                0.321263  0.00111938
           1                0.280159           0
           2                0.279249 0.000909941
           3                0.277202  0.00211352
           4                0.276302  0.00174457
           5                0.277778  0.00200157
           6                0.276807  0.00190106
           7                0.275144  0.00231196
           8                0.274729  0.00204497
           9                0.274467  0.00182238
          10                0.274366  0.00163312
          11                0.273819  0.00157511
          12                0.273954  0.00144414
          13                0.274335  0.00138223
          14                0.273674  0.00144043
          15                0.273149  0.00144017
          16                0.273428  0.00137566
          17                0.273942  0.00139081
          18                0.274124  0.00132386
          19                0.273971  0.00126153
          20                0.273867   0.0012013
           1                0.238357           0
           2                0.238987 0.000629709
           3                0.237123  0.00189861
           4                0.236508  0.00147668
           5                0.235822    0.001334
           6                0.234265  0.00189952
           7                0.233121  0.00197152
           8                0.232778  0.00174147
           9                0.232324  0.00160156
          10                0.231702  0.00156188
          11                0.231119  0.00152818
          12                0.231719  0.00151844
          13                0.232248  0.00149366
          14                0.231558  0.00154527
          15                0.231339  0.00145518
          16                0.231754  0.00142317
          17                0.231995  0.00135829
          18                0.232083  0.00128362
          19                0.232017  0.00121596
          20                0.232072   0.0011549
           1                0.205333           0
           2                0.203065  0.00226769
           3                0.202771  0.00134184
           4                0.202223  0.00109604
           5                0.202235 0.000849075
           6                0.200915  0.00149032
           7                0.199762  0.00170774
           8                0.199461  0.00150937
           9                0.198799  0.00148664
          10                0.198404  0.00138711
          11                0.198214  0.00126891
          12                0.198569  0.00121145
          13                0.198626  0.00111584
          14                0.198114   0.0011531
          15                0.198141  0.00107381
          16                0.198403  0.00103812
          17                0.198546 0.000985564
          18                 0.19855 0.000929206
          19                0.198594 0.000880061
          20                0.198625  0.00083546
           1                0.174486           0
           2                0.172948  0.00153747
           3                0.171962  0.00132677
           4                0.172414  0.00104146
           5                0.172644 0.000838676
           6                0.171692  0.00117227
           7                0.171552  0.00100062
           8                0.171277 0.000909119
           9                0.171083 0.000825029
          10                0.171049 0.000738687
          11                0.170698 0.000754974
          12                0.170838 0.000703251
          13                0.170516 0.000722212
          14                0.170174 0.000751406
          15                0.170259 0.000704737
          16                0.170365 0.000667612
          17                0.170401 0.000628175
          18                0.170405 0.000592259
          19                 0.17053 0.000574163
          20                0.170426 0.000554632
           1                0.149441           0
           2                0.147641  0.00180052
           3                0.148165  0.00116442
           4                  0.1486 0.000930831
           5                 0.14876 0.000738634
           6                0.148044 0.000936063
           7                0.147764 0.000839115
           8                0.147571  0.00075189
           9                0.147276  0.00072607
          10                0.147481 0.000681173
          11                0.147232  0.00066472
          12                0.147306 0.000611372
          13                0.146975 0.000652693
          14                0.146696 0.000665756
          15                 0.14691 0.000655893
          16                0.146875  0.00061456
          17                0.146845 0.000578056
          18                0.146854 0.000545085
          19                0.147049 0.000551167
          20                0.147045 0.000522901
           1                0.131232           0
           2                0.130524 0.000707473
           3                0.129836 0.000799797
           4                0.129707 0.000580268
           5                0.129858 0.000474433
           6                0.129442 0.000568782
           7                0.129208 0.000534606
           8                0.128933 0.000538419
           9                0.128624 0.000566782
          10                0.128718 0.000515545
          11                0.128442 0.000541458
          12                0.128531 0.000502088
          13                0.128474 0.000465248
          14                0.128225 0.000497557
          15                0.128374 0.000486401
          16                0.128326 0.000457539
          17                0.128268 0.000433669
          18                0.128287 0.000409338
          19                0.128473 0.000429418
          20                0.128505 0.000408652
           1                0.114475           0
           2                0.113614  0.00086068
           3                0.112681  0.00105713
           4                0.112843 0.000764935
           5                0.113252 0.000719477
           6                0.112818 0.000730023
           7                0.112961 0.000633272
           8                0.112751 0.000587251
           9                0.112533 0.000561784
          10                0.112637  0.00051302
          11                0.112367 0.000536983
          12                0.112524  0.00051471
          13                0.112441  0.00048058
          14                0.112294 0.000468738
          15                0.112429 0.000456993
          16                0.112348 0.000435139
          17                0.112322 0.000409573
          18                0.112463 0.000411192
          19                0.112636 0.000425456
          20                0.112729 0.000414342
           1               0.0993693           0
           2               0.0993946 2.52619e-05
           3                0.099247  0.00014832
           4               0.0990763 0.000200358
           5               0.0993891 0.000349246
           6               0.0992799  0.00030537
           7               0.0996028 0.000413376
           8               0.0995111 0.000369551
           9                0.099294 0.000391594
          10               0.0994532 0.000384741
          11               0.0993505 0.000362847
          12               0.0995583 0.000390994
          13               0.0994443 0.000377279
          14               0.0993575 0.000359934
          15               0.0994227 0.000341363
          16               0.0993723 0.000323259
          17               0.0994295  0.00030899
          18                0.099526 0.000306885
          19               0.0997084 0.000342801
          20               0.0997335 0.000326179
