           1   0.0266667   0.0266667           0
           2   0.0266667   0.0266667           0
           3   0.0266667   0.0266667        -nan
           4   0.0266667   0.0266667           0
           5   0.0266667   0.0266667 2.32831e-10
           6   0.0266667   0.0266667 2.55053e-10
           7   0.0266667   0.0266667 3.00583e-10
           8   0.0266667   0.0266667 2.78286e-10
           9   0.0266667   0.0266667 2.60313e-10
          10   0.0266667   0.0266667 2.45425e-10
          11   0.0266667   0.0266667 2.75489e-10
          12   0.0266667   0.0266667 2.62668e-10
          13   0.0266667   0.0266667 2.32831e-10
          14   0.0266667   0.0266667 2.23696e-10
          15   0.0266667   0.0266667 1.96778e-10
          16   0.0266667   0.0266667 1.90105e-10
          17   0.0266667   0.0266667 1.84069e-10
          18   0.0266667   0.0266667 1.59721e-10
          19   0.0266667   0.0266667 1.09757e-10
          20   0.0266667   0.0266667  1.0683e-10
           1    0.173477    0.173477           0
           2    0.174517    0.173997     0.00052
           3    0.167848    0.171948  0.00207165
           4    0.167269    0.170778  0.00187449
           5     0.17244     0.17111  0.00148954
           6    0.173181    0.171456  0.00126423
           7    0.168893     0.17109  0.00112943
           8    0.167819    0.170681  0.00106013
           9    0.172075    0.170836 0.000947688
          10    0.174085    0.171161   0.0009078
          11    0.170224    0.171075 0.000825538
          12    0.170315    0.171012 0.000756271
          13    0.172432    0.171121 0.000704191
          14    0.170725    0.171093 0.000652568
          15    0.168411    0.170914 0.000633278
          16    0.170352    0.170879 0.000593419
          17    0.174336    0.171082 0.000593354
          18    0.173075    0.171193 0.000570264
          19    0.172987    0.171287 0.000547614
          20    0.172808    0.171363 0.000525046
           1    0.619616    0.619616           0
           2    0.640829    0.630223   0.0106067
           3     0.64304    0.634495  0.00746688
           4    0.661477    0.641241  0.00856619
           5    0.670221    0.647037  0.00881039
           6    0.642875    0.646343  0.00722702
           7    0.640821    0.645554  0.00615867
           8    0.625045    0.642991  0.00591769
           9    0.650333    0.643807   0.0052823
          10    0.656243     0.64505  0.00488556
          11    0.626896      0.6434  0.00471728
          12    0.655267    0.644389  0.00441835
          13    0.659829    0.645576  0.00423429
          14    0.652411    0.646065  0.00395047
          15    0.639101      0.6456  0.00370687
          16    0.634219    0.644889  0.00353967
          17    0.658624    0.645697   0.0034217
          18    0.622779    0.644424  0.00346818
          19    0.665995    0.645559  0.00347147
          20    0.657365    0.646149  0.00334581
           1     7.84089     7.84089           0
           2     7.26285     7.55187     0.28902
           3     7.13139     7.41171    0.217919
           4     6.92418     7.28983    0.196468
           5     8.02928     7.43772    0.212207
           6     7.39662     7.43087    0.173401
           7     6.91812     7.35762    0.163837
           8     6.98278     7.31076    0.149423
           9     7.38536     7.31905    0.132039
          10     7.30504     7.31765    0.118108
          11     7.83406      7.3646    0.116692
          12     7.27327     7.35699    0.106797
          13     7.14727     7.34085   0.0995543
          14      7.2445     7.33397    0.092426
          15     7.48579     7.34409   0.0866371
          16     7.80725     7.37304   0.0860563
          17     6.94864     7.34808    0.084603
          18     7.89772     7.37861   0.0854096
          19     7.58433     7.38944   0.0815117
          20     6.01834     7.32088    0.103342
           1     7.84089     7.84089           0
           2     7.26285     7.55187     0.28902
           3     7.13139     7.41171    0.217919
           4     6.92418     7.28983    0.196468
           5     8.02928     7.43772    0.212207
           6     7.39662     7.43087    0.173401
           7     6.91812     7.35762    0.163837
           8     6.98278     7.31076    0.149423
           9     7.38536     7.31905    0.132039
          10     7.30504     7.31765    0.118108
          11     7.83406      7.3646    0.116692
          12     7.27327     7.35699    0.106797
          13     7.14727     7.34085   0.0995543
          14      7.2445     7.33397    0.092426
          15     7.48579     7.34409   0.0866371
          16     7.80725     7.37304   0.0860563
          17     6.94864     7.34808    0.084603
          18     7.89772     7.37861   0.0854096
          19     7.58433     7.38944   0.0815117
          20     6.01834     7.32088    0.103342
           1     236.059     236.059           0
           2         250      243.03      6.9704
           3         250     245.353     4.64693
           4         250     246.515      3.4852
           5         250     247.212     2.78816
           6         250     247.677     2.32347
           7         250     248.008     1.99154
           8         250     248.257      1.7426
           9         250     248.451     1.54898
          10         250     248.606     1.39408
          11         250     248.733     1.26735
          12         250     248.838     1.16173
          13         250     248.928     1.07237
          14         250     249.004    0.995771
          15         250     249.071    0.929387
          16         250     249.129      0.8713
          17         250      249.18    0.820047
          18         250     249.226    0.774489
          19         250     249.266    0.733726
          20         250     249.303     0.69704
           1     117.892     117.892           0
           2     120.517     119.204     1.31239
           3     116.437     118.282     1.19369
           4     116.504     117.837    0.953927
           5     117.988     117.868    0.739524
           6     118.173     117.918    0.605958
           7     124.623     118.876     1.08607
           8     124.785     119.615     1.19587
           9     123.787     120.078     1.15203
          10     123.163     120.387     1.07559
          11      123.94      120.71     1.02512
          12     116.642     120.371    0.995305
          13     123.992     120.649    0.956976
          14     113.708     120.153     1.01528
          15     124.456      120.44    0.987737
          16     122.161     120.548    0.930184
          17     124.858     120.801      0.9098
          18     124.811     121.024    0.886218
          19      116.66     120.794    0.869177
          20     124.638     120.987    0.846675
           1     41.6841     41.6841           0
           2     49.0227     45.3534      3.6693
           3     50.4349     47.0472     2.71237
           4     38.9407     45.0206     2.79028
           5     39.4193     43.9003     2.43442
           6     40.0757     43.2629     2.08741
           7     36.7991     42.3395     1.99123
           8     41.5688     42.2432     1.72714
           9     42.7929     42.3042     1.52442
          10     36.6916      41.743     1.47449
          11     37.5956     41.3659     1.38599
          12     53.1964     42.3518     1.60398
          13     47.0672     42.7145     1.51938
          14     42.8739     42.7259     1.40672
          15     39.0511     42.4809      1.3323
          16     37.4693     42.1677     1.28501
          17     47.6795     42.4919     1.24984
          18       43.86     42.5679     1.18081
          19     46.8718     42.7945     1.13968
          20     45.0369     42.9066     1.08699
           1     17.1128     17.1128           0
           2     14.2277     15.6703     1.44255
           3      13.894     15.0782     1.02187
           4     13.9725     14.8018    0.773637
           5     15.9794     15.0373    0.643875
           6     14.4018     14.9314    0.536287
           7     14.7409     14.9042    0.454062
           8     15.0863     14.9269    0.393888
           9     13.9234     14.8154    0.364833
          10     14.7165     14.8055    0.326466
          11     16.2173     14.9339    0.321983
          12      17.671      15.162     0.37205
          13     14.7009     15.1265    0.344069
          14     13.1808     14.9875    0.347543
          15     17.5812     15.1604    0.366851
          16     13.8797     15.0804     0.35237
          17     16.1755     15.1448    0.337205
          18       15.61     15.1707    0.318968
          19      12.926     15.0525    0.324019
          20     15.9181     15.0958    0.310423
           1     7.84089     7.84089           0
           2     7.26285     7.55187     0.28902
           3     7.13139     7.41171    0.217919
           4     6.92418     7.28983    0.196468
           5     8.02928     7.43772    0.212207
           6     7.39662     7.43087    0.173401
           7     6.91812     7.35762    0.163837
           8     6.98278     7.31076    0.149423
           9     7.38536     7.31905    0.132039
          10     7.30504     7.31765    0.118108
          11     7.83406      7.3646    0.116692
          12     7.27327     7.35699    0.106797
          13     7.14727     7.34085   0.0995543
          14      7.2445     7.33397    0.092426
          15     7.48579     7.34409   0.0866371
          16     7.80725     7.37304   0.0860563
          17     6.94864     7.34808    0.084603
          18     7.89772     7.37861   0.0854096
          19     7.58433     7.38944   0.0815117
          20     6.01834     7.32088    0.103342
           1     4.38352     4.38352           0
           2     4.26898     4.32625     0.05727
           3      4.7889     4.48047    0.157721
           4     4.45242     4.47345    0.111746
           5     4.53651     4.48607   0.0874719
           6     4.62775     4.50968   0.0752233
           7     4.41151     4.49566   0.0651036
           8     4.42887     4.48731   0.0569961
           9     4.27059     4.46323    0.055736
          10     4.47189     4.46409   0.0498594
          11     4.41886     4.45998   0.0452866
          12     4.42906     4.45741    0.041421
          13     4.46079     4.45767   0.0381027
          14     4.43339     4.45593   0.0353188
          15     4.16241     4.43636   0.0382623
          16      4.5534     4.44368   0.0365309
          17     4.26729      4.4333   0.0358491
          18     4.46771     4.43521   0.0338529
          19     4.49413     4.43832   0.0321714
          20     4.00895     4.41685   0.0373148
           1      2.9438      2.9438           0
           2     2.95487     2.94934  0.00553714
           3     2.99526     2.96465   0.0156388
           4     2.95382     2.96194   0.0113848
           5     2.92742     2.95504   0.0111992
           6     2.85601     2.93853   0.0188679
           7     2.98226     2.94478   0.0171264
           8     2.94447     2.94474   0.0148319
           9     2.95292     2.94565   0.0131121
          10     3.07687     2.95877   0.0175995
          11     2.96734     2.95955   0.0159384
          12     3.09103     2.97051    0.018214
          13     3.06999     2.97816   0.0184193
          14     3.14964     2.99041    0.020996
          15     3.01443     2.99201   0.0196117
          16     3.12277     3.00018   0.0200831
          17     2.87149     2.99261    0.020327
          18     3.06092     2.99641   0.0195366
          19     2.95589     2.99427   0.0186024
          20     2.77272      2.9832   0.0208365
           1     2.11697     2.11697           0
           2     2.19964     2.15831    0.041335
           3     2.20511      2.1739   0.0285112
           4     2.15537     2.16927   0.0206858
           5     2.19566     2.17455   0.0168699
           6     2.11564     2.16473   0.0169158
           7     2.21699      2.1722   0.0161287
           8     2.13351     2.16736   0.0147813
           9     2.13322     2.16357   0.0135765
          10     2.29253     2.17647   0.0177139
          11     2.17378     2.17622   0.0160246
          12     2.17274     2.17593   0.0146313
          13     2.22762     2.17991    0.014034
          14     2.26128     2.18572   0.0142338
          15     2.16864     2.18458   0.0132997
          16     2.16208     2.18317     0.01252
          17      2.1471     2.18105   0.0119504
          18     2.23204     2.18389   0.0116176
          19     2.23124     2.18638   0.0112683
          20     2.14657     2.18439   0.0108737
           1     1.62999     1.62999           0
           2     1.73967     1.68483     0.05484
           3     1.65728     1.67565   0.0329673
           4     1.70416     1.68277   0.0243767
           5     1.70386     1.68699   0.0193472
           6     1.67321     1.68469   0.0159631
           7     1.72418     1.69033   0.0146229
           8     1.61869     1.68138   0.0155102
           9     1.58332     1.67048   0.0174876
          10     1.71946     1.67538   0.0163903
          11     1.66442     1.67439   0.0148591
          12     1.65485     1.67276   0.0136617
          13     1.72679     1.67691   0.0132365
          14     1.67496     1.67677   0.0122554
          15     1.71607     1.67939    0.011706
          16     1.63217     1.67644   0.0113407
          17     1.71328     1.67861   0.0108709
          18      1.6766      1.6785   0.0102498
          19     1.71025     1.68017  0.00983833
          20     1.64263     1.67829  0.00952031
           1     1.32368     1.32368           0
           2     1.37598     1.34983     0.02615
           3     1.36022      1.3533   0.0154899
           4     1.32906     1.34724   0.0125168
           5     1.34664     1.34712  0.00969623
           6     1.34747     1.34718  0.00791715
           7      1.3579     1.34871  0.00686442
           8     1.31022      1.3439   0.0076481
           9     1.28929     1.33783  0.00907268
          10      1.3657     1.34062  0.00858021
          11     1.32651     1.33934  0.00786632
          12     1.35815      1.3409  0.00735007
          13     1.36109     1.34246  0.00693714
          14     1.32319     1.34108   0.0065683
          15     1.35979     1.34233  0.00624065
          16     1.32132     1.34101  0.00598348
          17      1.3948     1.34418  0.00644969
          18     1.35364      1.3447  0.00610353
          19     1.36184     1.34561  0.00584342
          20      1.3292     1.34479  0.00560391
           1     1.08906     1.08906           0
           2      1.1363     1.11268     0.02362
           3     1.11099     1.11211   0.0136487
           4     1.09643     1.10819   0.0104173
           5     1.14326     1.11521   0.0106909
           6     1.11724     1.11554  0.00873565
           7      1.1353     1.11837  0.00790407
           8     1.08978     1.11479  0.00772183
           9       1.072     1.11004  0.00830548
          10     1.13391     1.11243  0.00780284
          11     1.06988     1.10856  0.00804844
          12     1.11431     1.10904   0.0073628
          13     1.15915     1.11289  0.00779278
          14     1.11552     1.11308  0.00721716
          15     1.10528     1.11256  0.00673891
          16     1.10295     1.11196  0.00633225
          17     1.15716     1.11462  0.00651543
          18     1.10533      1.1141  0.00616445
          19     1.13448     1.11517  0.00592877
          20     1.10717     1.11477  0.00563873
           1    0.916473    0.916473           0
           2    0.969513    0.942993     0.02652
           3    0.947417    0.944468   0.0153822
           4    0.940253    0.943414   0.0109277
           5     0.98099    0.950929   0.0113193
           6    0.962483    0.952855  0.00944067
           7    0.961587    0.954102  0.00807574
           8    0.933897    0.951577  0.00743588
           9    0.940943    0.950395  0.00666341
          10    0.973387    0.952694  0.00638803
          11     0.92766    0.950418  0.00621023
          12    0.954243    0.950737  0.00567809
          13    0.991477    0.953871  0.00609109
          14     0.96807    0.954885  0.00572973
          15    0.931797    0.953346  0.00555173
          16     0.94187    0.952629  0.00524247
          17    0.974047    0.953889  0.00508305
          18    0.927717    0.952435  0.00500806
          19    0.986277    0.954216  0.00506094
          20    0.937227    0.953366   0.0048758
           1    0.796043    0.796043           0
           2    0.828812    0.812428   0.0163846
           3    0.835449    0.820102   0.0121809
           4    0.845452    0.826439   0.0106936
           5    0.867234    0.834598   0.0116267
           6    0.824455    0.832908  0.00964248
           7    0.814437    0.830269  0.00856593
           8    0.780991    0.824109  0.00964232
           9    0.829375    0.824694  0.00852383
          10    0.843575    0.826582  0.00785426
          11    0.802431    0.824387  0.00743599
          12    0.836126    0.825365  0.00685823
          13    0.871437    0.828909  0.00723595
          14    0.842538    0.829883  0.00676955
          15    0.815855    0.828947  0.00637111
          16    0.812569    0.827924   0.0060469
          17    0.836772    0.828444  0.00570387
          18    0.798665     0.82679   0.0056264
          19    0.859409    0.828507   0.0055921
          20    0.819988    0.828081   0.0053222
           1     0.69632     0.69632           0
           2    0.722657    0.709489   0.0131686
           3    0.721857    0.713611   0.0086488
           4    0.738023    0.719714  0.00863978
           5    0.757063    0.727184   0.0100292
           6    0.729886    0.727634  0.00820115
           7    0.720597    0.726629  0.00700376
           8    0.695854    0.722782  0.00718245
           9    0.734611    0.724097  0.00646926
          10    0.738054    0.725492  0.00595224
          11    0.696611    0.722867  0.00599007
          12    0.735023     0.72388   0.0055612
          13    0.746551    0.725624  0.00540467
          14    0.735451    0.726326  0.00505275
          15    0.717191    0.725717  0.00474311
          16    0.719594    0.725334  0.00445324
          17    0.729511     0.72558   0.0041903
          18    0.694886    0.723875  0.00430296
          19    0.751726     0.72534  0.00432611
          20    0.729454    0.725546  0.00410926
           1    0.619616    0.619616           0
           2    0.640829    0.630223   0.0106067
           3     0.64304    0.634495  0.00746688
           4    0.661477    0.641241  0.00856619
           5    0.670221    0.647037  0.00881039
           6    0.642875    0.646343  0.00722702
           7    0.640821    0.645554  0.00615867
           8    0.625045    0.642991  0.00591769
           9    0.650333    0.643807   0.0052823
          10    0.656243     0.64505  0.00488556
          11    0.626896      0.6434  0.00471728
          12    0.655267    0.644389  0.00441835
          13    0.659829    0.645576  0.00423429
          14    0.652411    0.646065  0.00395047
          15    0.639101      0.6456  0.00370687
          16    0.634219    0.644889  0.00353967
          17    0.658624    0.645697   0.0034217
          18    0.622779    0.644424  0.00346818
          19    0.665995    0.645559  0.00347147
          20    0.657365    0.646149  0.00334581
           1     472.118     472.118           0
           2         500     486.059     13.9408
           3         500     490.706     9.29387
           4         500      493.03      6.9704
           5         500     494.424     5.57632
           6         500     495.353     4.64693
           7         500     496.017     3.98309
           8         500     496.515      3.4852
           9         500     496.902     3.09796
          10         500     497.212     2.78816
          11         500     497.465     2.53469
          12         500     497.677     2.32347
          13         500     497.855     2.14474
          14         500     498.008     1.99154
          15         500     498.141     1.85877
          16         500     498.257      1.7426
          17         500      498.36     1.64009
          18         500     498.451     1.54898
          19         500     498.533     1.46745
          20         500     498.606     1.39408
           1     157.371     157.371           0
           2     166.667     162.019     4.64759
           3     166.667     163.568     3.09839
           4     166.647     164.338      2.3222
           5      166.66     164.802     1.85775
           6     166.667     165.113     1.54834
           7     166.665     165.335     1.32724
           8     166.667     165.501     1.16142
           9     166.667     165.631     1.03242
          10     166.667     165.734    0.929219
          11       166.6     165.813    0.844181
          12     166.664     165.884    0.773885
          13     166.663     165.944    0.714387
          14     166.667     165.996    0.663406
          15     166.667      166.04    0.619215
          16     166.209     166.051     0.57932
          17     166.665     166.087    0.545375
          18     166.667     166.119    0.515192
          19     166.667     166.148    0.488174
          20     166.667     166.174    0.463848
           1     245.805     245.805           0
           2         250     247.903      2.0974
           3         250     248.602     1.39827
           4         250     248.951      1.0487
           5         250     249.161     0.83896
           6         250     249.301    0.699133
           7         250     249.401    0.599257
           8         250     249.476     0.52435
           9         250     249.534    0.466089
          10         250     249.581     0.41948
          11         250     249.619    0.381345
          12         250      249.65    0.349567
          13         250     249.677    0.322677
          14         250       249.7    0.299629
          15         250      249.72    0.279653
          16         250     249.738    0.262175
          17         250     249.753    0.246753
          18         250     249.767    0.233044
          19         250     249.779    0.220779
          20         250      249.79     0.20974
           1     122.475     122.475           0
           2     123.443     122.959     0.48396
           3     123.156     123.025    0.286972
           4     121.565      122.66    0.417576
           5     123.362       122.8    0.352649
           6     124.852     123.142    0.447026
           7     124.631     123.355    0.433538
           8     124.895     123.547    0.421916
           9     124.446     123.647    0.385265
          10     123.253     123.608    0.346836
          11     124.835      123.72    0.332979
          12     121.579     123.541    0.352455
          13     123.265      123.52    0.324904
          14     121.272     123.359    0.340986
          15     124.613     123.443    0.328253
          16     123.447     123.443    0.307052
          17     124.869     123.527    0.300367
          18     124.869     123.602    0.292841
          19     122.361     123.536    0.284595
          20     123.984     123.559    0.270919
           1     57.6852     57.6852           0
           2      61.112     59.3986      1.7134
           3     57.7975     58.8649     1.12402
           4     56.9663     58.3903    0.925744
           5      67.301     60.1724       1.921
           6     54.9258      59.298     1.79577
           7     57.9287     59.1024     1.53026
           8     52.1503     58.2334     1.58475
           9     58.1699     58.2263     1.39764
          10     53.0593     57.7096     1.35266
          11     57.2077      57.664     1.22438
          12     53.8639     57.3473      1.1617
          13     63.6221       57.83     1.17256
          14     61.1484      58.067     1.11115
          15     53.9117       57.79     1.07088
          16     52.3904     57.4525     1.05704
          17      57.264     57.4414    0.992975
          18     51.1711     57.0931    0.998896
          19     58.0257     57.1422    0.946136
          20      54.216     56.9959    0.909429
           1     17.1969     17.1969           0
           2     19.1342     18.1656     0.96866
           3     17.0969     17.8093     0.66307
           4     17.8168     17.8112    0.468865
           5     22.1426     18.6775    0.939336
           6      18.935     18.7204    0.768165
           7     18.8816     18.7434    0.649626
           8     18.3246     18.6911    0.565023
           9     17.6162     18.5716    0.512417
          10     16.7229     18.3868    0.494202
          11     21.6461     18.6831    0.536308
          12     20.0899     18.8003    0.503421
          13     17.5147     18.7014    0.473521
          14     16.7411     18.5614    0.460213
          15     21.2994     18.7439    0.465699
          16     18.5948     18.7346    0.435721
          17     17.3683     18.6542    0.417105
          18     17.7113     18.6018    0.396724
          19     16.2518     18.4782    0.395122
          20      19.984     18.5535    0.382332
           1      8.4815      8.4815           0
           2     8.63454     8.55802     0.07652
           3     8.09658      8.4042    0.160032
           4     8.04847     8.31527    0.143924
           5     8.98788     8.44979    0.174713
           6     8.30184     8.42513    0.144768
           7     7.72118     8.32457    0.158377
           8     7.64801        8.24    0.161135
           9     8.26887     8.24321    0.142144
          10     7.59696     8.17858    0.142619
          11     9.28162     8.27886    0.163394
          12     7.67787     8.22878    0.157341
          13     8.24938     8.23036    0.144741
          14     7.55769     8.18231    0.142358
          15     9.03811     8.23937    0.144287
          16     9.09638     8.29293    0.145208
          17     7.33834     8.23678    0.147505
          18     8.56941     8.25526    0.140292
          19     7.92301     8.23777     0.13385
          20     7.29381     8.19057    0.135469
           1     4.63026     4.63026           0
           2     4.72177     4.67602   0.0457567
           3     5.13192     4.82798    0.154247
           4     4.82465     4.82715    0.109072
           5       4.675     4.79672      0.0898
           6     4.54635     4.75499   0.0843642
           7     4.48465     4.71637   0.0810886
           8     4.57141     4.69825   0.0725247
           9     4.64371     4.69219   0.0642472
          10     4.66663     4.68963   0.0575213
          11     4.72756     4.69308   0.0521441
          12     4.51692      4.6784   0.0498131
          13     4.70575     4.68051   0.0458697
          14      4.7472     4.68527   0.0427334
          15     4.79027     4.69227   0.0403938
          16     4.83022     4.70089   0.0387562
          17     4.45627      4.6865   0.0391458
          18     4.73209     4.68904   0.0369938
          19     4.73805     4.69161   0.0350876
          20     4.19356     4.66671   0.0415713
           1     3.07389     3.07389           0
           2     3.08544     3.07967  0.00577429
           3     3.14219     3.10051   0.0211078
           4     3.02699     3.08213   0.0236769
           5     2.98834     3.06337   0.0262333
           6     2.89626     3.03552   0.0351361
           7     3.05858     3.03881   0.0298776
           8     2.95815     3.02873   0.0277697
           9     3.11045     3.03781   0.0261194
          10      3.1038     3.04441    0.024276
          11     3.06691     3.04645   0.0220536
          12     3.14378     3.05456   0.0217043
          13     3.14062     3.06118   0.0210337
          14     3.17791     3.06952   0.0211832
          15     3.24598     3.08129   0.0229626
          16      3.1657     3.08656    0.022118
          17     3.01863     3.08257    0.021157
          18     3.17741     3.08783   0.0206312
          19     3.04363     3.08551   0.0196534
          20     2.85308     3.07389   0.0219701
           1     2.17824     2.17824           0
           2     2.20098     2.18961    0.011365
           3     2.18644     2.18855  0.00664612
           4     2.18727     2.18823  0.00471054
           5     2.25965     2.20252   0.0147434
           6     2.13159      2.1907   0.0168709
           7     2.25616     2.20005   0.0170519
           8     2.14017     2.19256   0.0165561
           9     2.22946     2.19666   0.0151659
          10     2.32914     2.20991   0.0189607
          11     2.15404     2.20483   0.0178867
          12     2.16921     2.20186   0.0165958
          13     2.25126     2.20566   0.0157316
          14     2.28584     2.21139   0.0156501
          15     2.28865     2.21654   0.0154532
          16     2.15696     2.21282   0.0149271
          17     2.21333     2.21285   0.0140216
          18      2.2831     2.21675   0.0137839
          19     2.23793     2.21787   0.0130858
          20     2.22997     2.21847   0.0124291
           1     1.65724     1.65724           0
           2      1.7704     1.71382   0.0565778
           3     1.68949     1.70571   0.0336565
           4     1.72681     1.71098   0.0243763
           5     1.73905      1.7166   0.0196984
           6      1.6452      1.7047   0.0200066
           7     1.73119     1.70848   0.0173269
           8      1.6188     1.69727    0.018731
           9     1.63396     1.69024   0.0179549
          10     1.75561     1.69677   0.0173391
          11     1.68719      1.6959    0.015708
          12     1.66669     1.69347   0.0145445
          13     1.74551     1.69747    0.013965
          14      1.7006     1.69769    0.012931
          15     1.75704     1.70165   0.0126716
          16     1.62679     1.69697   0.0127433
          17     1.75948     1.70065   0.0125223
          18     1.71531     1.70146   0.0118342
          19     1.72327     1.70261   0.0112527
          20     1.72663     1.70381   0.0107426
           1     1.36039     1.36039           0
           2     1.38423     1.37231     0.01192
           3     1.36248     1.36903  0.00762139
           4     1.34819     1.36382  0.00749602
           5     1.38858     1.36877   0.0076309
           6     1.36268     1.36776  0.00631274
           7     1.37503      1.3688  0.00543546
           8     1.30491     1.36081  0.00927033
           9     1.31004     1.35517  0.00993283
          10     1.35399     1.35505  0.00888498
          11     1.34655     1.35428  0.00807387
          12     1.35693      1.3545   0.0073737
          13     1.38256     1.35666  0.00711797
          14     1.34468      1.3558  0.00664527
          15     1.39739     1.35858   0.0067793
          16     1.33155     1.35689  0.00656253
          17     1.40338     1.35962  0.00674377
          18     1.38424     1.36099  0.00650348
          19     1.36284     1.36109  0.00615245
          20     1.35249     1.36066  0.00585252
           1     1.10704     1.10704           0
           2     1.14839     1.12771   0.0206745
           3     1.12021     1.12521   0.0121957
           4     1.11402     1.12241  0.00906618
           5     1.16142     1.13021   0.0104965
           6     1.11465     1.12762  0.00895443
           7      1.1221     1.12683  0.00760881
           8     1.09454     1.12279   0.0077275
           9      1.0919     1.11936  0.00763062
          10     1.14307     1.12173  0.00722494
          11     1.08581     1.11847  0.00730567
          12     1.12065     1.11865  0.00667162
          13     1.16806     1.12245   0.0072186
          14     1.13507     1.12335  0.00674361
          15     1.13071     1.12384  0.00629708
          16     1.10471     1.12265  0.00601052
          17     1.17197     1.12555  0.00634783
          18     1.11037      1.1247  0.00604388
          19     1.12851      1.1249  0.00572045
          20     1.13487      1.1254   0.0054497
           1    0.924823    0.924823           0
           2    0.968193    0.946508    0.021685
           3    0.938467    0.943828   0.0128036
           4    0.958063    0.947387  0.00972788
           5     0.99121    0.956151   0.0115585
           6    0.955003     0.95596  0.00943939
           7    0.965797    0.957365  0.00810056
           8    0.941003     0.95532  0.00730735
           9    0.949167    0.954636  0.00648064
          10     0.97415    0.956588  0.00611611
          11    0.925933    0.953801  0.00619448
          12    0.956013    0.953985  0.00565777
          13    0.996477    0.957254  0.00614566
          14     0.97647    0.958626    0.005853
          15     0.94686    0.957842  0.00550502
          16     0.94986    0.957343  0.00517358
          17     0.98317    0.958862  0.00509167
          18     0.93838    0.957724  0.00493349
          19    0.979653    0.958879  0.00480722
          20     0.95599    0.958734  0.00456282
           1    0.799772    0.799772           0
           2    0.831615    0.815694   0.0159215
           3    0.827289    0.819559  0.00997184
           4    0.854117    0.828198   0.0111517
           5    0.868243    0.836207   0.0117796
           6    0.818917    0.833326   0.0100404
           7    0.820342    0.831471  0.00868607
           8    0.788908     0.82615   0.0092137
           9    0.828388    0.826399  0.00812953
          10    0.844498    0.828209  0.00749315
          11    0.806446     0.82623  0.00706066
          12    0.835846    0.827032  0.00649509
          13    0.875582    0.830766  0.00704579
          14    0.849397    0.832097  0.00665749
          15    0.820422    0.831319  0.00624647
          16    0.822966    0.830797  0.00586632
          17    0.847335     0.83177  0.00559566
          18    0.801406    0.830083  0.00553876
          19    0.858283    0.831567  0.00544533
          20    0.827477    0.831362  0.00516994
           1    0.703831    0.703831           0
           2      0.7237    0.713766  0.00993429
           3    0.718171    0.715234  0.00592059
           4    0.746237    0.722985   0.0088091
           5    0.764111     0.73121   0.0106872
           6    0.729511    0.730927  0.00873063
           7    0.730903    0.730924  0.00737873
           8     0.70148    0.727243  0.00737428
           9    0.735057    0.728111   0.0065612
          10    0.735611    0.728861  0.00591625
          11    0.697026    0.725967  0.00608392
          12    0.735731    0.726781  0.00561312
          13    0.753449    0.728832   0.0055559
          14    0.744666    0.729963  0.00526662
          15    0.719506    0.729266  0.00495228
          16    0.724297    0.728956  0.00464283
          17    0.738186    0.729498  0.00439485
          18     0.69856     0.72778  0.00448586
          19    0.753694    0.729144  0.00445702
          20    0.735954    0.729484  0.00424199
           1    0.620061    0.620061           0
           2    0.642064    0.631063   0.0110013
           3    0.641784    0.634636    0.007288
           4    0.664923    0.642208  0.00915893
           5    0.673893    0.648545  0.00951262
           6    0.640123    0.647141  0.00789285
           7    0.645619    0.646924  0.00667422
           8    0.627829    0.644537  0.00625346
           9    0.652712    0.645445  0.00558934
          10    0.653723    0.646273  0.00506732
          11    0.628419     0.64465  0.00486247
          12    0.653392    0.645378  0.00449819
          13    0.661416    0.646612  0.00431772
          14    0.660259    0.647587  0.00411456
          15     0.63724    0.646897  0.00389206
          16    0.635723    0.646199  0.00370707
          17    0.660352    0.647031  0.00358033
          18    0.625576    0.645839  0.00357984
          19    0.671117     0.64717  0.00363817
          20    0.659064    0.647764  0.00350234
