           1         0.2         0.2           0
           2         0.2         0.2           0
           3         0.2         0.2        -nan
           4         0.2         0.2           0
           5         0.2         0.2           0
           6         0.2         0.2   1.666e-09
           7         0.2         0.2  1.0754e-09
           8         0.2         0.2 1.40803e-09
           9         0.2         0.2 1.31709e-09
          10         0.2         0.2 1.52084e-09
          11         0.2         0.2  1.4428e-09
          12         0.2         0.2 1.37565e-09
          13         0.2         0.2  1.0754e-09
          14         0.2         0.2 1.03321e-09
          15         0.2         0.2 7.04014e-10
          16         0.2         0.2 6.80142e-10
          17         0.2         0.2 6.58545e-10
          18         0.2         0.2        -nan
          19         0.2         0.2        -nan
          20         0.2         0.2 6.04322e-10
           1     0.32128     0.32128           0
           2    0.320408    0.320844    0.000436
           3    0.323016    0.321568 0.000766512
           4    0.320128    0.321208 0.000650669
           5    0.318968     0.32076 0.000674334
           6    0.322552    0.321059 0.000626381
           7    0.323944    0.321471 0.000670934
           8    0.321272    0.321446 0.000581578
           9    0.322888    0.321606 0.000537346
          10    0.323032    0.321749 0.000501319
          11    0.321728    0.321747 0.000453464
          12    0.319928    0.321595 0.000440833
          13    0.321256    0.321569 0.000406346
          14    0.323672    0.321719 0.000405078
          15    0.319768    0.321589 0.000398917
          16    0.321496    0.321583 0.000373198
          17    0.320376    0.321512 0.000357682
          18    0.320656    0.321465 0.000340566
          19    0.321424    0.321463 0.000322151
          20    0.321784    0.321479 0.000306041
           1   -0.322864   -0.322864           0
           2    -0.32268   -0.322772     9.2e-05
           3   -0.321232   -0.322259 0.000516074
           4   -0.320584    -0.32184 0.000555381
           5    -0.31856   -0.321184 0.000784477
           6   -0.324528   -0.321741 0.000849053
           7   -0.324128   -0.322082 0.000794462
           8   -0.321552   -0.322016  0.00069121
           9   -0.321432   -0.321951 0.000613034
          10    -0.32104    -0.32186 0.000555832
          11    -0.32212   -0.321884 0.000503325
          12   -0.322152   -0.321906 0.000460014
          13   -0.323464   -0.322026 0.000439796
          14   -0.321984   -0.322023 0.000407183
          15   -0.322888   -0.322081 0.000383429
          16   -0.322448   -0.322103   0.0003594
          17    -0.32148   -0.322067 0.000339584
          18    -0.32332   -0.322136 0.000327645
          19   -0.321272   -0.322091 0.000313243
          20   -0.319544   -0.321964 0.000323305
           1   -0.760416   -0.760416           0
           2   -0.766448   -0.763432    0.003016
           3    -0.76084   -0.762568  0.00194386
           4   -0.757288   -0.761248   0.0019057
           5   -0.759784   -0.760955  0.00150491
           6    -0.76224   -0.761169  0.00124727
           7   -0.763528   -0.761506  0.00110668
           8   -0.763912   -0.761807  0.00100448
           9   -0.763792   -0.762028 0.000912913
          10    -0.76044   -0.761869 0.000831824
          11   -0.763072   -0.761978 0.000760322
          12    -0.75868   -0.761703 0.000746514
          13   -0.763784   -0.761863 0.000705098
          14   -0.763456   -0.761977 0.000662632
          15   -0.758256   -0.761729  0.00066489
          16   -0.760584   -0.761657 0.000626052
          17   -0.760032   -0.761562 0.000595796
          18   -0.759304   -0.761436 0.000575557
          19   -0.763056   -0.761522 0.000551055
          20     -0.7584   -0.761366  0.00054558
           1   -0.760416   -0.760416           0
           2   -0.766448   -0.763432    0.003016
           3    -0.76084   -0.762568  0.00194386
           4   -0.757288   -0.761248   0.0019057
           5   -0.759784   -0.760955  0.00150491
           6    -0.76224   -0.761169  0.00124727
           7   -0.763528   -0.761506  0.00110668
           8   -0.763912   -0.761807  0.00100448
           9   -0.763792   -0.762028 0.000912913
          10    -0.76044   -0.761869 0.000831824
          11   -0.763072   -0.761978 0.000760322
          12    -0.75868   -0.761703 0.000746514
          13   -0.763784   -0.761863 0.000705098
          14   -0.763456   -0.761977 0.000662632
          15   -0.758256   -0.761729  0.00066489
          16   -0.760584   -0.761657 0.000626052
          17   -0.760032   -0.761562 0.000595796
          18   -0.759304   -0.761436 0.000575557
          19   -0.763056   -0.761522 0.000551055
          20     -0.7584   -0.761366  0.00054558
           1   -0.994344   -0.994344           0
           2          -1   -0.997172    0.002828
           3          -1   -0.998115  0.00188533
           4          -1   -0.998586    0.001414
           5          -1   -0.998869   0.0011312
           6          -1   -0.999057 0.000942667
           7          -1   -0.999192    0.000808
           8          -1   -0.999293    0.000707
           9          -1   -0.999372 0.000628444
          10          -1   -0.999434   0.0005656
          11          -1   -0.999486 0.000514182
          12          -1   -0.999529 0.000471333
          13          -1   -0.999565 0.000435077
          14          -1   -0.999596    0.000404
          15          -1   -0.999623 0.000377067
          16          -1   -0.999646   0.0003535
          17          -1   -0.999667 0.000332706
          18          -1   -0.999686 0.000314222
          19          -1   -0.999702 0.000297684
          20          -1   -0.999717   0.0002828
           1   -0.993888   -0.993888           0
           2    -0.99528   -0.994584    0.000696
           3   -0.991816   -0.993661  0.00100637
           4   -0.992456    -0.99336 0.000772784
           5   -0.993528   -0.993394 0.000599538
           6   -0.993976   -0.993491 0.000499052
           7   -0.999296    -0.99432 0.000930424
           8    -0.99924   -0.994935  0.00101365
           9   -0.998112   -0.995288 0.000961129
          10   -0.998208    -0.99558 0.000907898
          11    -0.99816   -0.995815 0.000854062
          12   -0.993728   -0.995641 0.000798802
          13   -0.998288   -0.995844 0.000762488
          14   -0.990136   -0.995437 0.000815219
          15    -0.99904   -0.995677  0.00079604
          16   -0.996352   -0.995719 0.000745822
          17    -0.99948    -0.99594  0.00073468
          18    -0.99944   -0.996135 0.000719434
          19      -0.993    -0.99597  0.00070023
          20   -0.999128   -0.996128 0.000682808
           1   -0.926808   -0.926808           0
           2   -0.940328   -0.933568     0.00676
           3   -0.941496   -0.936211  0.00471341
           4   -0.928504   -0.934284   0.0038497
           5   -0.929048   -0.933237  0.00316049
           6    -0.93212   -0.933051  0.00258724
           7   -0.928712   -0.932431  0.00227276
           8   -0.932376   -0.932424  0.00196828
           9   -0.928952   -0.932038  0.00177821
          10   -0.923304   -0.931165  0.00181452
          11   -0.926992   -0.930785  0.00168457
          12   -0.946856   -0.932125  0.00203919
          13   -0.941496   -0.932846  0.00200953
          14   -0.933816   -0.932915  0.00186175
          15   -0.927248   -0.932537   0.0017739
          16   -0.927568   -0.932227  0.00168814
          17   -0.936208   -0.932461  0.00160293
          18    -0.93676     -0.9327  0.00153002
          19    -0.94272   -0.933227  0.00154035
          20   -0.937016   -0.933416  0.00147354
           1   -0.847256   -0.847256           0
           2   -0.846456   -0.846856      0.0004
           3   -0.844736   -0.846149 0.000743445
           4   -0.846616   -0.846266 0.000538486
           5   -0.846744   -0.846362 0.000427924
           6   -0.847536   -0.846557 0.000400489
           7   -0.848352   -0.846814 0.000424613
           8   -0.852104   -0.847475 0.000756651
           9   -0.844896   -0.847188 0.000726229
          10   -0.848192   -0.847289 0.000657265
          11   -0.853272   -0.847833 0.000805798
          12   -0.856136   -0.848525  0.00100989
          13   -0.846736   -0.848387 0.000939095
          14   -0.846464    -0.84825 0.000880217
          15   -0.847368   -0.848191 0.000821543
          16   -0.841576   -0.847777 0.000872636
          17   -0.845496   -0.847643 0.000830613
          18   -0.851128   -0.847837 0.000806684
          19    -0.84508   -0.847692  0.00077672
          20   -0.851264    -0.84787 0.000758199
           1   -0.760416   -0.760416           0
           2   -0.766448   -0.763432    0.003016
           3    -0.76084   -0.762568  0.00194386
           4   -0.757288   -0.761248   0.0019057
           5   -0.759784   -0.760955  0.00150491
           6    -0.76224   -0.761169  0.00124727
           7   -0.763528   -0.761506  0.00110668
           8   -0.763912   -0.761807  0.00100448
           9   -0.763792   -0.762028 0.000912913
          10    -0.76044   -0.761869 0.000831824
          11   -0.763072   -0.761978 0.000760322
          12    -0.75868   -0.761703 0.000746514
          13   -0.763784   -0.761863 0.000705098
          14   -0.763456   -0.761977 0.000662632
          15   -0.758256   -0.761729  0.00066489
          16   -0.760584   -0.761657 0.000626052
          17   -0.760032   -0.761562 0.000595796
          18   -0.759304   -0.761436 0.000575557
          19   -0.763056   -0.761522 0.000551055
          20     -0.7584   -0.761366  0.00054558
           1   -0.684096   -0.684096           0
           2    -0.68496   -0.684528    0.000432
           3   -0.682416   -0.683824 0.000746876
           4    -0.68156   -0.683258 0.000774124
           5     -0.6798   -0.682566 0.000915353
           6   -0.685888    -0.68312 0.000930083
           7    -0.68588   -0.683514 0.000879407
           8    -0.68556    -0.68377 0.000803373
           9   -0.684176   -0.683815 0.000709943
          10    -0.68232   -0.683666 0.000652356
          11   -0.682968   -0.683602 0.000593476
          12    -0.68212   -0.683479 0.000555669
          13   -0.685128   -0.683606 0.000526651
          14   -0.683368   -0.683589 0.000487879
          15   -0.677432   -0.683178 0.000612167
          16   -0.684296   -0.683248 0.000576877
          17   -0.684224   -0.683305 0.000544914
          18   -0.680232   -0.683135 0.000541381
          19    -0.68084   -0.683014 0.000526143
          20    -0.68116   -0.682921 0.000507678
           1   -0.614096   -0.614096           0
           2   -0.615904      -0.615    0.000904
           3   -0.612808   -0.614269  0.00089793
           4    -0.61348   -0.614072 0.000664891
           5    -0.61336    -0.61393 0.000534346
           6    -0.61452   -0.614028 0.000447251
           7    -0.61456   -0.614104  0.00038556
           8    -0.61524   -0.614246 0.000362845
           9   -0.616032   -0.614444 0.000376537
          10   -0.615224   -0.614522 0.000345689
          11   -0.614744   -0.614543 0.000313336
          12   -0.614448   -0.614535 0.000286144
          13   -0.616344   -0.614674 0.000297746
          14    -0.61328   -0.614574 0.000293087
          15   -0.611208    -0.61435 0.000353286
          16    -0.61472   -0.614373 0.000331277
          17    -0.61272   -0.614276 0.000326018
          18   -0.611488   -0.614121 0.000344187
          19   -0.614368   -0.614134 0.000325828
          20   -0.611592   -0.614007 0.000334216
           1   -0.554208   -0.554208           0
           2    -0.55628   -0.555244    0.001036
           3   -0.553528   -0.554672 0.000827617
           4   -0.552032   -0.554012 0.000882085
           5   -0.552592   -0.553728 0.000739933
           6   -0.557528   -0.554361 0.000875278
           7   -0.557184   -0.554765  0.00084251
           8   -0.555016   -0.554796 0.000730312
           9   -0.555224   -0.554844 0.000645828
          10   -0.557888   -0.555148 0.000652963
          11   -0.553264   -0.554977  0.00061496
          12    -0.55252   -0.554772 0.000597544
          13   -0.556184   -0.554881  0.00056029
          14   -0.555416   -0.554919 0.000520135
          15   -0.553784   -0.554843 0.000490094
          16   -0.554872   -0.554845 0.000458445
          17   -0.552872   -0.554729 0.000445999
          18   -0.554264   -0.554703 0.000421285
          19   -0.555736   -0.554757 0.000402186
          20   -0.551656   -0.554602 0.000411857
           1   -0.504824   -0.504824           0
           2   -0.505912   -0.505368    0.000544
           3   -0.503392   -0.504709 0.000729717
           4      -0.501   -0.503782  0.00106122
           5   -0.504648   -0.503955 0.000840067
           6   -0.507296   -0.504512  0.00088346
           7    -0.50712   -0.504885 0.000834452
           8   -0.504352   -0.504818 0.000725717
           9   -0.504456   -0.504778 0.000641285
          10   -0.506648   -0.504965 0.000603303
          11   -0.504168   -0.504892 0.000550494
          12   -0.503912   -0.504811 0.000509128
          13   -0.503832   -0.504735 0.000474341
          14   -0.506032   -0.504828 0.000448815
          15   -0.504984   -0.504838 0.000417953
          16    -0.50388   -0.504779 0.000395521
          17   -0.502944   -0.504671 0.000386882
          18   -0.504576   -0.504665 0.000364794
          19    -0.50704    -0.50479 0.000366998
          20   -0.499808   -0.504541 0.000428109
           1   -0.462192   -0.462192           0
           2   -0.461888    -0.46204    0.000152
           3   -0.460496   -0.461525 0.000522095
           4   -0.458232   -0.460702 0.000902313
           5     -0.4596   -0.460482 0.000732856
           6   -0.464472   -0.461147 0.000894631
           7   -0.462896   -0.461397  0.00079633
           8   -0.461576   -0.461419 0.000690007
           9   -0.462128   -0.461498 0.000613607
          10   -0.464368   -0.461785 0.000619348
          11   -0.460992   -0.461713 0.000564839
          12   -0.463184   -0.461835 0.000530001
          13   -0.461368   -0.461799 0.000488854
          14    -0.46232   -0.461837 0.000454116
          15   -0.461992   -0.461847 0.000422886
          16   -0.461768   -0.461842 0.000395604
          17   -0.461888   -0.461845 0.000371615
          18   -0.461968   -0.461852 0.000350429
          19    -0.46372    -0.46195 0.000345753
          20   -0.459272   -0.461816 0.000354285
           1   -0.426072   -0.426072           0
           2   -0.427152   -0.426612     0.00054
           3   -0.424704   -0.425976 0.000708305
           4   -0.423176   -0.425276 0.000860725
           5   -0.423328   -0.424886 0.000772203
           6    -0.42804   -0.425412 0.000820845
           7   -0.426824   -0.425614 0.000722471
           8   -0.424624    -0.42549 0.000637792
           9    -0.42444   -0.425373 0.000574452
          10    -0.42652   -0.425488 0.000526445
          11   -0.425696   -0.425507 0.000476563
          12    -0.42592   -0.425541   0.0004364
          13    -0.42568   -0.425552 0.000401571
          14   -0.427152   -0.425666 0.000388952
          15   -0.426664   -0.425733 0.000368153
          16   -0.425088   -0.425692 0.000346726
          17   -0.424256   -0.425608 0.000336475
          18   -0.426368    -0.42565 0.000320029
          19   -0.427632   -0.425755 0.000320183
          20   -0.423408   -0.425637 0.000325624
           1   -0.394416   -0.394416           0
           2   -0.396096   -0.395256     0.00084
           3   -0.392072   -0.394195  0.00116689
           4     -0.3908   -0.393346  0.00118366
           5   -0.393064    -0.39329 0.000918592
           6   -0.397232   -0.393947 0.000997134
           7   -0.395056   -0.394105 0.000857504
           8    -0.39308   -0.393977 0.000753595
           9   -0.393752   -0.393952 0.000665078
          10   -0.393888   -0.393946 0.000594898
          11   -0.394504   -0.393996 0.000540495
          12   -0.395624   -0.394132 0.000511706
          13   -0.394616   -0.394169 0.000472171
          14     -0.3954   -0.394257 0.000445898
          15   -0.394968   -0.394305 0.000417804
          16   -0.394824   -0.394337 0.000392167
          17   -0.393008   -0.394259  0.00037658
          18   -0.395208   -0.394312 0.000358938
          19   -0.395976   -0.394399 0.000350641
          20   -0.392168   -0.394288 0.000350855
           1   -0.367296   -0.367296           0
           2   -0.368456   -0.367876     0.00058
           3   -0.365376   -0.367043 0.000898097
           4    -0.36488   -0.366502 0.000834032
           5   -0.365448   -0.366291  0.00067956
           6   -0.370504   -0.366993 0.000894907
           7   -0.368888   -0.367264 0.000803307
           8    -0.36556   -0.367051 0.000727562
           9     -0.3668   -0.367023 0.000642255
          10    -0.36636   -0.366957 0.000578265
          11   -0.366944   -0.366956 0.000523062
          12   -0.367768   -0.367023 0.000482263
          13   -0.367528   -0.367062 0.000445313
          14   -0.368912   -0.367194 0.000432935
          15   -0.368328    -0.36727 0.000410066
          16    -0.36736   -0.367275 0.000383623
          17   -0.366176   -0.367211  0.00036611
          18   -0.367104   -0.367205 0.000345222
          19    -0.36736   -0.367213  0.00032665
          20   -0.365248   -0.367115  0.00032509
           1   -0.343672   -0.343672           0
           2   -0.343112   -0.343392     0.00028
           3   -0.342408   -0.343064 0.000365674
           4   -0.340144   -0.342334 0.000774441
           5   -0.340136   -0.341894 0.000743709
           6   -0.346176   -0.342608 0.000936995
           7   -0.345168   -0.342974 0.000872274
           8   -0.342464    -0.34291 0.000758093
           9    -0.34176   -0.342782 0.000680676
          10   -0.342192   -0.342723  0.00061167
          11   -0.342648   -0.342716 0.000553318
          12   -0.344912   -0.342899 0.000537227
          13   -0.343936   -0.342979 0.000500569
          14   -0.344752   -0.343106 0.000480428
          15   -0.343664   -0.343143   0.0004488
          16   -0.344504   -0.343228 0.000428346
          17   -0.342328   -0.343175 0.000405829
          18   -0.342968   -0.343164 0.000382792
          19   -0.341808   -0.343092 0.000369047
          20     -0.3412   -0.342998 0.000362667
           1   -0.322864   -0.322864           0
           2    -0.32268   -0.322772     9.2e-05
           3   -0.321232   -0.322259 0.000516074
           4   -0.320584    -0.32184 0.000555381
           5    -0.31856   -0.321184 0.000784477
           6   -0.324528   -0.321741 0.000849053
           7   -0.324128   -0.322082 0.000794462
           8   -0.321552   -0.322016  0.00069121
           9   -0.321432   -0.321951 0.000613034
          10    -0.32104    -0.32186 0.000555832
          11    -0.32212   -0.321884 0.000503325
          12   -0.322152   -0.321906 0.000460014
          13   -0.323464   -0.322026 0.000439796
          14   -0.321984   -0.322023 0.000407183
          15   -0.322888   -0.322081 0.000383429
          16   -0.322448   -0.322103   0.0003594
          17    -0.32148   -0.322067 0.000339584
          18    -0.32332   -0.322136 0.000327645
          19   -0.321272   -0.322091 0.000313243
          20   -0.319544   -0.321964 0.000323305
           1   -0.994344   -0.994344           0
           2          -1   -0.997172    0.002828
           3          -1   -0.998115  0.00188533
           4          -1   -0.998586    0.001414
           5          -1   -0.998869   0.0011312
           6          -1   -0.999057 0.000942667
           7          -1   -0.999192    0.000808
           8          -1   -0.999293    0.000707
           9          -1   -0.999372 0.000628444
          10          -1   -0.999434   0.0005656
          11          -1   -0.999486 0.000514182
          12          -1   -0.999529 0.000471333
          13          -1   -0.999565 0.000435077
          14          -1   -0.999596    0.000404
          15          -1   -0.999623 0.000377067
          16          -1   -0.999646   0.0003535
          17          -1   -0.999667 0.000332706
          18          -1   -0.999686 0.000314222
          19          -1   -0.999702 0.000297684
          20          -1   -0.999717   0.0002828
           1   -0.994336   -0.994336           0
           2          -1   -0.997168    0.002832
           3          -1   -0.998112    0.001888
           4   -0.999928   -0.998566   0.0014101
           5   -0.999968   -0.998846  0.00112768
           6          -1   -0.999039 0.000940605
           7   -0.999992   -0.999175 0.000806538
           8          -1   -0.999278 0.000706057
           9          -1   -0.999358  0.00062783
          10          -1   -0.999422 0.000565204
          11   -0.999888   -0.999465 0.000512995
          12   -0.999992   -0.999509 0.000470355
          13   -0.999984   -0.999545 0.000434206
          14          -1   -0.999578 0.000403307
          15          -1   -0.999606 0.000376512
          16   -0.999392   -0.999592 0.000352449
          17   -0.999992   -0.999616 0.000331901
          18          -1   -0.999637 0.000313645
          19          -1   -0.999656 0.000297292
          20          -1   -0.999674 0.000282559
           1    -1.01749    -1.01749           0
           2       -1.02    -1.01874  0.00125592
           3       -1.02    -1.01916  0.00083728
           4       -1.02    -1.01937  0.00062796
           5       -1.02     -1.0195 0.000502368
           6       -1.02    -1.01958  0.00041864
           7       -1.02    -1.01964 0.000358834
           8       -1.02    -1.01969  0.00031398
           9       -1.02    -1.01972 0.000279093
          10       -1.02    -1.01975 0.000251184
          11       -1.02    -1.01977 0.000228349
          12       -1.02    -1.01979  0.00020932
          13       -1.02    -1.01981 0.000193218
          14       -1.02    -1.01982 0.000179417
          15       -1.02    -1.01983 0.000167456
          16       -1.02    -1.01984  0.00015699
          17       -1.02    -1.01985 0.000147755
          18       -1.02    -1.01986 0.000139547
          19       -1.02    -1.01987 0.000132202
          20       -1.02    -1.01987 0.000125592
           1    -1.01672    -1.01672           0
           2    -1.01811    -1.01741  0.00069368
           3      -1.017    -1.01728 0.000423087
           4    -1.01563    -1.01687  0.00050887
           5    -1.01778    -1.01705 0.000434565
           6    -1.01956    -1.01747 0.000548121
           7    -1.01927    -1.01772 0.000530059
           8    -1.01946    -1.01794  0.00050793
           9    -1.01879    -1.01804 0.000457775
          10     -1.0181    -1.01804 0.000409497
          11    -1.01941    -1.01817 0.000390722
          12    -1.00318    -1.01692  0.00129904
          13    -1.00482    -1.01599   0.0015146
          14    -1.01544    -1.01595  0.00140279
          15    -1.01916    -1.01616  0.00132342
          16    -1.01778    -1.01626  0.00124208
          17    -1.01951    -1.01645  0.00118225
          18     -1.0195    -1.01662  0.00112741
          19    -1.01663    -1.01662  0.00106643
          20     -1.0182     -1.0167  0.00101477
           1   -0.964866   -0.964866           0
           2   -0.971586   -0.968226  0.00335976
           3   -0.965147     -0.9672  0.00219446
           4   -0.966858   -0.967114  0.00155407
           5   -0.983579   -0.970407   0.0035061
           6   -0.961751   -0.968965  0.00320572
           7   -0.968338   -0.968875  0.00271081
           8   -0.960319   -0.967806  0.00257978
           9   -0.963426   -0.967319  0.00232661
          10   -0.956594   -0.966247  0.00234108
          11   -0.967862   -0.966393  0.00212267
          12   -0.962015   -0.966028  0.00197178
          13   -0.975766   -0.966778  0.00196236
          14   -0.973325   -0.967245  0.00187603
          15   -0.959416   -0.966723  0.00182282
          16   -0.957697   -0.966159  0.00179599
          17   -0.967272   -0.966225  0.00168831
          18   -0.956926   -0.965708  0.00167348
          19   -0.965085   -0.965675   0.0015833
          20   -0.960402   -0.965412  0.00152501
           1   -0.858266   -0.858266           0
           2   -0.863282   -0.860774  0.00250768
           3   -0.859096   -0.860214  0.00155214
           4   -0.861646   -0.860572   0.0011544
           5   -0.868486   -0.862155  0.00181789
           6   -0.862428   -0.862201    0.001485
           7   -0.860418   -0.861946  0.00128062
           8   -0.864333   -0.862244  0.00114849
           9   -0.857259    -0.86169  0.00115446
          10   -0.857605   -0.861282  0.00111046
          11   -0.869167   -0.861999  0.00123401
          12    -0.86377   -0.862146  0.00113613
          13    -0.85863   -0.861876  0.00107953
          14   -0.855345   -0.861409  0.00110297
          15   -0.864806   -0.861636  0.00105148
          16    -0.85698   -0.861345   0.0010257
          17   -0.855838   -0.861021  0.00101648
          18   -0.860884   -0.861013 0.000958375
          19   -0.856806   -0.860792 0.000933184
          20   -0.865396   -0.861022 0.000914742
           1    -0.76621    -0.76621           0
           2   -0.774659   -0.770434  0.00422464
           3   -0.766588   -0.769152  0.00275561
           4   -0.765047   -0.768126  0.00220226
           5   -0.769579   -0.768417  0.00173045
           6   -0.767026   -0.768185   0.0014318
           7    -0.76658   -0.767955  0.00123163
           8   -0.766323   -0.767751  0.00108595
           9   -0.769743   -0.767973 0.000982947
          10   -0.766871   -0.767863 0.000886054
          11   -0.769197   -0.767984 0.000810601
          12   -0.764541   -0.767697 0.000793658
          13   -0.769281   -0.767819 0.000740161
          14   -0.766156     -0.7677 0.000695474
          15   -0.767504   -0.767687 0.000647582
          16   -0.767584   -0.767681 0.000605792
          17   -0.762437   -0.767372 0.000647255
          18   -0.766274   -0.767311 0.000613281
          19   -0.767966   -0.767346  0.00058113
          20   -0.763609   -0.767159 0.000582108
           1   -0.687166   -0.687166           0
           2   -0.689483   -0.688325  0.00115876
           3   -0.684673   -0.687107   0.0013889
           4    -0.68651   -0.686958 0.000993396
           5    -0.68452    -0.68647 0.000910989
           6   -0.686457   -0.686468 0.000743823
           7    -0.68752   -0.686618 0.000646352
           8   -0.687819   -0.686769 0.000579537
           9   -0.688476   -0.686958 0.000545176
          10   -0.685292   -0.686792 0.000515298
          11   -0.685061   -0.686634 0.000491947
          12   -0.683988   -0.686414 0.000500319
          13   -0.688399   -0.686566 0.000484904
          14   -0.686337    -0.68655 0.000449232
          15   -0.683653   -0.686357 0.000460669
          16   -0.686777   -0.686383 0.000431715
          17   -0.687954   -0.686476 0.000415916
          18    -0.68365   -0.686319 0.000422391
          19   -0.683982   -0.686196 0.000418035
          20   -0.683763   -0.686074 0.000414812
           1   -0.616465   -0.616465           0
           2   -0.616809   -0.616637  0.00017228
           3   -0.614001   -0.615758 0.000884239
           4    -0.61614   -0.615854 0.000632497
           5   -0.614998   -0.615683 0.000518997
           6   -0.614691   -0.615517 0.000454867
           7    -0.61432   -0.615346 0.000420741
           8   -0.615897   -0.615415 0.000370816
           9   -0.617339   -0.615629 0.000390718
          10   -0.616304   -0.615696 0.000355937
          11   -0.614471   -0.615585 0.000340674
          12   -0.615203   -0.615553  0.00031262
          13   -0.616891   -0.615656 0.000305432
          14   -0.614886   -0.615601 0.000288071
          15   -0.614724   -0.615543 0.000274476
          16   -0.616471   -0.615601 0.000263222
          17   -0.615695   -0.615606 0.000247317
          18   -0.612741   -0.615447 0.000282336
          19   -0.614829   -0.615415 0.000269039
          20   -0.612742   -0.615281 0.000288086
           1   -0.556364   -0.556364           0
           2    -0.55684   -0.556602    0.000238
           3   -0.553904   -0.555702 0.000909849
           4   -0.553751   -0.555214 0.000807408
           5   -0.553911   -0.554954 0.000677542
           6   -0.556769   -0.555256 0.000630488
           7   -0.557775   -0.555616  0.00064298
           8   -0.555773   -0.555636 0.000557182
           9   -0.557063   -0.555794 0.000516331
          10   -0.560352    -0.55625 0.000648847
          11   -0.553697   -0.556018  0.00063114
          12   -0.552935   -0.555761 0.000630842
          13   -0.556919    -0.55585  0.00058709
          14    -0.55642   -0.555891  0.00054506
          15   -0.556536   -0.555934 0.000509245
          16   -0.555297   -0.555894 0.000478016
          17   -0.554819   -0.555831 0.000453448
          18   -0.556502   -0.555868 0.000429136
          19   -0.555194   -0.555833 0.000407471
          20   -0.552573    -0.55567 0.000419505
           1   -0.506035   -0.506035           0
           2    -0.50698   -0.506507  0.00047232
           3   -0.503382   -0.505466  0.00107689
           4   -0.502362    -0.50469  0.00108716
           5   -0.505745   -0.504901 0.000868168
           6   -0.507107   -0.505269 0.000798544
           7    -0.50682    -0.50549 0.000710344
           8   -0.504885   -0.505415 0.000619804
           9    -0.50633   -0.505516 0.000555991
          10   -0.508351     -0.5058 0.000572399
          11   -0.504391   -0.505672 0.000533347
          12   -0.504325   -0.505559  0.00049965
          13   -0.504486   -0.505477 0.000466965
          14    -0.50666   -0.505561 0.000440507
          15   -0.506381   -0.505616 0.000413715
          16   -0.503338   -0.505474 0.000412364
          17   -0.504942   -0.505442 0.000388609
          18    -0.50616   -0.505482 0.000368545
          19   -0.507594   -0.505593 0.000365904
          20   -0.501333    -0.50538 0.000407285
           1    -0.46328    -0.46328           0
           2   -0.462865   -0.463073  0.00020736
           3   -0.460459   -0.462202 0.000879387
           4   -0.458983   -0.461397  0.00101693
           5   -0.461739   -0.461465 0.000790668
           6   -0.465284   -0.462102  0.00090661
           7   -0.463397   -0.462287 0.000788244
           8   -0.463143   -0.462394 0.000690972
           9   -0.463917   -0.462563 0.000632435
          10   -0.464985   -0.462805 0.000615335
          11   -0.461213    -0.46266 0.000575102
          12   -0.463276   -0.462712 0.000527497
          13   -0.461487   -0.462617 0.000494294
          14   -0.463225   -0.462661  0.00045968
          15   -0.463553    -0.46272 0.000432049
          16   -0.462351   -0.462697 0.000404802
          17   -0.463224   -0.462728 0.000381505
          18   -0.463339   -0.462762 0.000361283
          19   -0.464372   -0.462847 0.000352083
          20   -0.459797   -0.462694 0.000367171
           1   -0.427479   -0.427479           0
           2   -0.427707   -0.427593  0.00011372
           3   -0.424865   -0.426683 0.000911794
           4   -0.423551     -0.4259  0.00101443
           5   -0.424739   -0.425668 0.000819404
           6   -0.428447   -0.426131 0.000813734
           7   -0.426548   -0.426191 0.000690311
           8   -0.425654   -0.426124 0.000601578
           9   -0.425538   -0.426059 0.000534513
          10   -0.426931   -0.426146 0.000485983
          11   -0.426206   -0.426151 0.000439622
          12    -0.42607   -0.426144 0.000401376
          13   -0.425688   -0.426109 0.000370881
          14   -0.427908   -0.426238 0.000366628
          15   -0.427001   -0.426289 0.000345084
          16   -0.425551   -0.426243 0.000326069
          17   -0.425738   -0.426213 0.000307726
          18   -0.426702    -0.42624 0.000291395
          19   -0.427846   -0.426325 0.000288306
          20   -0.424822    -0.42625 0.000283644
           1   -0.394902   -0.394902           0
           2    -0.39603   -0.395466  0.00056396
           3   -0.392279   -0.394403  0.00111109
           4   -0.392337   -0.393887 0.000940224
           5   -0.393495   -0.393809 0.000732493
           6    -0.39807   -0.394519 0.000928559
           7     -0.3952   -0.394616  0.00079079
           8   -0.393685     -0.3945 0.000694661
           9   -0.394564   -0.394507 0.000612675
          10   -0.394291   -0.394485 0.000548417
          11    -0.39466   -0.394501 0.000496316
          12   -0.395575   -0.394591 0.000461829
          13   -0.394594   -0.394591 0.000424821
          14   -0.395901   -0.394685 0.000404288
          15   -0.395601   -0.394746 0.000381302
          16   -0.394852   -0.394752 0.000356737
          17    -0.39352    -0.39468 0.000342849
          18   -0.395798   -0.394742 0.000329158
          19   -0.396336   -0.394826 0.000322452
          20    -0.39325   -0.394747 0.000315892
           1   -0.367403   -0.367403           0
           2   -0.368893   -0.368148  0.00074468
           3   -0.365527   -0.367274 0.000973702
           4   -0.365926   -0.366937 0.000766632
           5   -0.365729   -0.366695 0.000641112
           6   -0.371024   -0.367417 0.000891311
           7   -0.368197   -0.367528 0.000761496
           8   -0.365768   -0.367308  0.00069523
           9   -0.367674   -0.367349 0.000614481
          10    -0.36673   -0.367287 0.000553079
          11   -0.367053   -0.367266  0.00050073
          12   -0.368106   -0.367336 0.000462431
          13   -0.367569   -0.367354 0.000425755
          14   -0.369307   -0.367493 0.000418141
          15     -0.3686   -0.367567 0.000396198
          16     -0.3675   -0.367563 0.000370634
          17    -0.36629   -0.367488 0.000356108
          18   -0.367437   -0.367485 0.000335754
          19   -0.367884   -0.367506 0.000318283
          20   -0.365952   -0.367428 0.000311786
           1   -0.343991   -0.343991           0
           2   -0.343645   -0.343818  0.00017312
           3   -0.342841   -0.343493  0.00034057
           4   -0.340623   -0.342775 0.000756823
           5   -0.340998    -0.34242  0.00068551
           6   -0.346702   -0.343133 0.000906941
           7    -0.34476   -0.343366 0.000800967
           8   -0.342712   -0.343284 0.000698455
           9   -0.342695   -0.343219 0.000619453
          10   -0.342262   -0.343123 0.000562246
          11   -0.342896   -0.343102 0.000508987
          12   -0.344846   -0.343248 0.000486827
          13   -0.343897   -0.343298 0.000450595
          14   -0.345521   -0.343456 0.000446386
          15   -0.343557   -0.343463 0.000415617
          16   -0.345086   -0.343565 0.000401785
          17   -0.342522   -0.343503 0.000382365
          18   -0.343927   -0.343527 0.000361265
          19   -0.341898   -0.343441 0.000352313
          20   -0.341528   -0.343345 0.000347656
           1   -0.323013   -0.323013           0
           2   -0.322393   -0.322703  0.00030988
           3   -0.322284   -0.322563 0.000226953
           4   -0.321417   -0.322277 0.000328402
           5   -0.319576   -0.321736 0.000597097
           6   -0.324777   -0.322243 0.000703151
           7   -0.324257   -0.322531 0.000660267
           8   -0.321717   -0.322429 0.000580779
           9    -0.32171   -0.322349 0.000518396
          10   -0.321051   -0.322219 0.000481509
          11   -0.322297   -0.322227 0.000435599
          12   -0.323014   -0.322292 0.000403025
          13   -0.323137   -0.322357 0.000376387
          14   -0.322781   -0.322387 0.000349776
          15   -0.323442   -0.322458 0.000333127
          16   -0.323125   -0.322499 0.000314389
          17   -0.321604   -0.322447 0.000299977
          18   -0.323085   -0.322482 0.000285032
          19   -0.321359   -0.322423 0.000276021
          20   -0.319999   -0.322302 0.000288547
