1 -0.254392 -0.254392 0
2 -0.309063 -0.281728 0.019329
3 -0.331831 -0.298429 0.0187617
4 -0.347708 -0.310749 0.0176587
5 -0.408318 -0.330262 0.0224545
6 -0.372979 -0.337382 0.0198086
7 -0.39886 -0.346164 0.0188254
8 -0.32819 -0.343918 0.0166057
9 -0.391091 -0.349159 0.0155659
10 -0.435353 -0.357778 0.0162211
11 -0.446632 -0.365856 0.0166366
12 -0.447513 -0.372661 0.0165835
13 -0.449505 -0.378572 0.0163274
14 -0.462188 -0.384544 0.0162168
15 -0.464828 -0.389897 0.0159946
16 -0.437629 -0.39288 0.0152706
17 -0.457127 -0.396659 0.0148326
18 -0.474528 -0.400985 0.0146258
19 -0.474387 -0.404849 0.0143572
20 -0.502978 -0.409755 0.0144534
21 -0.559063 -0.416865 0.015415
22 -0.481627 -0.419809 0.0149928
23 -0.458149 -0.421476 0.0144333
24 -0.398926 -0.420536 0.0138625
25 -0.348965 -0.417673 0.0136004
26 -0.331923 -0.414375 0.0134712
27 -0.372527 -0.412825 0.0130612
28 -0.380971 -0.411688 0.0126441
29 -0.276007 -0.407009 0.013045
30 -0.367202 -0.405682 0.0126775
31 -0.42055 -0.406162 0.0122776
32 -0.387985 -0.405594 0.0119071
33 -0.385883 -0.404996 0.0115612
34 -0.42711 -0.405647 0.0112395
35 -0.443403 -0.406725 0.01097
36 -0.400177 -0.406544 0.0106668
37 -0.344126 -0.404857 0.0105111
38 -0.397627 -0.404666 0.0102362
39 -0.421672 -0.405102 0.00998298
40 -0.436152 -0.405879 0.00976354
41 -0.394945 -0.405612 0.00952905
42 -0.45719 -0.40684 0.00938096
43 -0.422958 -0.407215 0.00917029
44 -0.396004 -0.40696 0.00896541
45 -0.405709 -0.406932 0.00876622
46 -0.429264 -0.407418 0.00858908
47 -0.492794 -0.409234 0.00859628
48 -0.433224 -0.409734 0.00843171
49 -0.439525 -0.410342 0.00828152
50 -0.505037 -0.412236 0.00832963
51 -0.50454 -0.414046 0.00836063
52 -0.362956 -0.413063 0.00825737
53 -0.416785 -0.413134 0.00810187
54 -0.423192 -0.41332 0.00795398
55 -0.326298 -0.411738 0.00796517
56 -0.347833 -0.410596 0.00790426
57 -0.421634 -0.41079 0.00776796
58 -0.392562 -0.410476 0.00764038
59 -0.391389 -0.410152 0.00751773
60 -0.390101 -0.409818 0.00739986
61 -0.399932 -0.409656 0.00728033
62 -0.390583 -0.409348 0.0071694
63 -0.388674 -0.40902 0.0070631
64 -0.401185 -0.408898 0.0069538
65 -0.409318 -0.408904 0.00684683
66 -0.40986 -0.408919 0.0067431
67 -0.355187 -0.408117 0.00668998
68 -0.415517 -0.408226 0.00659248
69 -0.478665 -0.409246 0.0065755
70 -0.416815 -0.409355 0.00648246
71 -0.42752 -0.40961 0.0063962
72 -0.405623 -0.409555 0.00630761
73 -0.403 -0.409465 0.00622184
74 -0.369125 -0.40892 0.0061616
75 -0.378882 -0.40852 0.00609244
76 -0.42372 -0.40872 0.00601556
77 -0.444868 -0.409189 0.00595573
78 -0.400363 -0.409076 0.00588045
79 -0.448299 -0.409572 0.00582693
80 -0.421404 -0.40972 0.00575597
81 -0.378999 -0.409341 0.00569739
82 -0.303674 -0.408052 0.0057718
83 -0.3059 -0.406822 0.00583201
84 -0.318923 -0.405775 0.0058557
85 -0.381976 -0.405495 0.0057935
86 -0.443456 -0.405937 0.00574293
87 -0.461949 -0.40658 0.00571289
88 -0.44208 -0.406984 0.0056622
89 -0.323987 -0.406051 0.00567485
90 -0.301674 -0.404892 0.00572908
91 -0.318463 -0.403942 0.00574431
92 -0.352506 -0.403383 0.00570901
93 -0.360927 -0.402926 0.00566585
94 -0.334699 -0.4022 0.00565187
95 -0.302059 -0.401146 0.00568983
96 -0.3478 -0.400591 0.00565763
97 -0.306796 -0.399624 0.00568134
98 -0.324377 -0.398856 0.00567501
99 -0.335703 -0.398218 0.00565343
100 -0.336185 -0.397598 0.00563082
101 -0.3637 -0.397262 0.00558507
102 -0.33936 -0.396694 0.00555908
103 -0.414062 -0.396863 0.00550767
104 -0.391926 -0.396815 0.00545491
105 -0.376358 -0.396621 0.00540644
106 -0.438324 -0.397014 0.00536973
107 -0.391414 -0.396962 0.0053198
108 -0.462774 -0.397571 0.00530533
109 -0.418559 -0.397764 0.00526015
110 -0.370739 -0.397518 0.00521807
111 -0.400826 -0.397548 0.00517114
112 -0.414637 -0.3977 0.00512722
113 -0.450668 -0.398169 0.00510323
114 -0.488436 -0.398961 0.00511953
115 -0.422411 -0.399165 0.00507907
116 -0.433996 -0.399465 0.00504415
117 -0.372067 -0.399231 0.00500647
118 -0.411678 -0.399336 0.00496515
119 -0.425877 -0.399559 0.00492844
120 -0.42461 -0.399768 0.00489179
121 -0.440003 -0.400101 0.00486265
122 -0.425371 -0.400308 0.0048272
123 -0.453944 -0.400744 0.00480761
124 -0.452322 -0.40116 0.0047868
125 -0.411237 -0.40124 0.00474918
126 -0.341914 -0.40077 0.00473477
127 -0.344756 -0.400329 0.00471799
128 -0.419761 -0.40048 0.00468357
129 -0.418683 -0.400621 0.00464939
130 -0.42947 -0.400843 0.00461892
131 -0.340155 -0.40038 0.00460683
132 -0.335395 -0.399888 0.00459816
133 -0.389167 -0.399807 0.0045643
134 -0.354432 -0.399469 0.00454278
135 -0.343164 -0.399052 0.00452823
136 -0.351329 -0.398701 0.00450851
137 -0.372901 -0.398512 0.00447953
138 -0.414458 -0.398628 0.00444856
139 -0.408808 -0.398701 0.00441716
140 -0.429168 -0.398919 0.00439097
141 -0.366956 -0.398692 0.00436567
142 -0.350972 -0.398356 0.00434785
143 -0.43776 -0.398632 0.00432616
144 -0.40633 -0.398685 0.00429645
145 -0.428231 -0.398889 0.00427165
146 -0.422627 -0.399051 0.00424549
147 -0.409705 -0.399124 0.00421722
148 -0.418764 -0.399257 0.00419082
149 -0.417255 -0.399377 0.00416443
150 -0.405448 -0.399418 0.00413686
151 -0.414398 -0.399517 0.00411066
152 -0.43568 -0.399755 0.00409049
153 -0.433464 -0.399975 0.00406969
154 -0.459889 -0.400364 0.00406181
155 -0.437137 -0.400602 0.00404253
156 -0.492635 -0.401191 0.00405944
157 -0.511981 -0.401897 0.00409446
158 -0.449175 -0.402196 0.00407946
159 -0.463854 -0.402584 0.00407219
160 -0.431248 -0.402763 0.00405068
161 -0.449069 -0.403051 0.00403572
162 -0.522696 -0.403789 0.00407783
163 -0.508041 -0.404429 0.00410266
164 -0.457714 -0.404754 0.00409049
165 -0.427404 -0.404891 0.004068
166 -0.447605 -0.405149 0.00405162
167 -0.491703 -0.405667 0.00406038
168 -0.442285 -0.405885 0.00404205
169 -0.401592 -0.405859 0.00401822
170 -0.377527 -0.405693 0.00399803
171 -0.3584 -0.405416 0.00398421
172 -0.373664 -0.405232 0.00396532
173 -0.358247 -0.40496 0.00395169
174 -0.356596 -0.404682 0.00393874
175 -0.309112 -0.404136 0.00395391
176 -0.336977 -0.403754 0.00394982
177 -0.334488 -0.403363 0.00394684
178 -0.314005 -0.402861 0.00395646
179 -0.360621 -0.402625 0.00394139
180 -0.317667 -0.402153 0.00394765
181 -0.33818 -0.4018 0.00394163
182 -0.339902 -0.401459 0.00393462
183 -0.353241 -0.401196 0.00392193
184 -0.37749 -0.401067 0.00390273
185 -0.389629 -0.401005 0.00388213
186 -0.345172 -0.400705 0.00387284
187 -0.411802 -0.400764 0.00385259
188 -0.408302 -0.400805 0.0038323
189 -0.310246 -0.400325 0.00384186
190 -0.339411 -0.400005 0.003835
191 -0.344871 -0.399716 0.00382577
192 -0.453967 -0.399999 0.00381626
193 -0.401979 -0.400009 0.0037965
194 -0.337532 -0.399687 0.00379057
195 -0.383469 -0.399604 0.00377204
196 -0.398672 -0.399599 0.0037528
197 -0.366578 -0.399431 0.00373749
198 -0.425268 -0.399562 0.00372089
199 -0.416139 -0.399645 0.00370313
200 -0.404045 -0.399667 0.00368468
201 -0.408031 -0.399709 0.00366658
202 -0.395913 -0.39969 0.00364848
203 -0.40566 -0.399719 0.00363062
204 -0.446266 -0.399948 0.00361999
205 -0.449796 -0.400191 0.00361049
206 -0.458474 -0.400474 0.00360403
207 -0.430096 -0.400617 0.00358946
208 -0.395405 -0.400592 0.00357229
209 -0.39178 -0.40055 0.00355544
210 -0.445193 -0.400762 0.00354486
211 -0.442094 -0.400958 0.00353347
212 -0.433049 -0.401109 0.00352004
213 -0.482056 -0.401489 0.00352397
214 -0.411213 -0.401535 0.0035078
215 -0.463756 -0.401824 0.0035034
216 -0.394009 -0.401788 0.00348737
217 -0.416847 -0.401857 0.00347199
218 -0.43822 -0.402024 0.00346007
219 -0.44033 -0.402199 0.00344869
220 -0.47089 -0.402511 0.00344711
221 -0.493886 -0.402925 0.00345622
222 -0.419722 -0.403001 0.00344148
223 -0.430824 -0.403125 0.00342831
224 -0.445468 -0.403314 0.00341821
225 -0.471283 -0.403616 0.00341634
226 -0.467453 -0.403899 0.00341288
227 -0.43836 -0.404051 0.00340122
228 -0.418603 -0.404115 0.00338691
229 -0.469721 -0.404401 0.00338421
230 -0.43382 -0.404529 0.00337191
231 -0.489319 -0.404896 0.00337724
232 -0.45365 -0.405106 0.00336921
233 -0.470435 -0.405387 0.0033664
234 -0.497662 -0.405781 0.00337503
235 -0.351602 -0.40555 0.00336853
236 -0.454391 -0.405757 0.00336061
237 -0.517612 -0.406229 0.00337941
238 -0.453895 -0.40643 0.00337114
239 -0.414071 -0.406461 0.00335718
240 -0.368551 -0.406304 0.00334691
241 -0.459228 -0.406523 0.00334022
242 -0.433329 -0.406634 0.00332825
243 -0.424291 -0.406707 0.00331535
244 -0.396201 -0.406664 0.00330204
245 -0.414915 -0.406697 0.00328874
246 -0.394247 -0.406647 0.00327576
247 -0.389801 -0.406578 0.0032632
248 -0.401851 -0.406559 0.0032501
249 -0.430851 -0.406657 0.00323851
250 -0.370043 -0.40651 0.00322887
251 -0.40472 -0.406503 0.00321601
252 -0.380229 -0.406399 0.00320494
253 -0.385313 -0.406316 0.00319336
254 -0.419933 -0.406369 0.00318123
255 -0.375045 -0.406246 0.00317113
256 -0.386989 -0.406171 0.00315963
257 -0.339327 -0.405911 0.00315803
258 -0.370045 -0.405772 0.00314884
259 -0.428164 -0.405859 0.00313787
260 -0.459231 -0.406064 0.00313251
261 -0.457148 -0.40626 0.00312662
262 -0.399628 -0.406234 0.00311479
263 -0.431583 -0.406331 0.00310444
264 -0.392568 -0.406279 0.00309311
265 -0.368816 -0.406137 0.00308467
266 -0.351969 -0.405934 0.00307979
267 -0.406221 -0.405935 0.00306825
268 -0.434428 -0.406041 0.00305865
269 -0.431582 -0.406136 0.00304875
270 -0.395952 -0.406098 0.00303769
271 -0.394039 -0.406054 0.00302681
272 -0.388479 -0.405989 0.00301637
273 -0.367012 -0.405846 0.0030087
274 -0.359068 -0.405676 0.00300256
275 -0.390654 -0.405621 0.00299214
276 -0.36217 -0.405463 0.00298543
277 -0.417852 -0.405508 0.00297499
278 -0.427879 -0.405589 0.00296538
279 -0.396614 -0.405556 0.00295492
280 -0.381567 -0.405471 0.00294561
281 -0.417049 -0.405512 0.00293542
282 -0.393164 -0.405468 0.00292533
283 -0.398201 -0.405443 0.00291511
284 -0.371449 -0.405323 0.0029073
285 -0.399469 -0.405302 0.00289717
286 -0.353651 -0.405122 0.00289267
287 -0.340033 -0.404895 0.00289146
288 -0.32494 -0.404617 0.00289472
289 -0.367611 -0.404489 0.00288754
290 -0.371513 -0.404376 0.00287982
291 -0.376425 -0.404279 0.00287152
292 -0.346871 -0.404083 0.00286841
293 -0.4223 -0.404145 0.0028593
294 -0.445707 -0.404286 0.00285306
295 -0.507671 -0.404637 0.00286483
296 -0.548494 -0.405123 0.00289609
297 -0.580935 -0.405715 0.00294621
298 -0.483709 -0.405977 0.00294793
299 -0.464649 -0.406173 0.00294459
300 -0.456602 -0.406341 0.00293957
301 -0.428454 -0.406414 0.00293072
302 -0.430561 -0.406494 0.00292211
303 -0.429926 -0.406572 0.00291349
304 -0.358559 -0.406414 0.00290818
305 -0.357039 -0.406252 0.00290315
306 -0.370743 -0.406136 0.00289598
307 -0.352221 -0.40596 0.00289187
308 -0.42482 -0.406021 0.00288313
309 -0.460687 -0.406198 0.00287922
310 -0.440603 -0.406309 0.00287207
311 -0.500125 -0.406611 0.00287863
312 -0.50189 -0.406916 0.00288556
313 -0.45556 -0.407072 0.00288052
314 -0.401401 -0.407054 0.0028714
315 -0.416382 -0.407083 0.00286244
316 -0.419545 -0.407123 0.00285365
317 -0.422388 -0.407171 0.00284506
318 -0.481021 -0.407403 0.00284557
319 -0.407636 -0.407404 0.00283665
320 -0.393367 -0.40736 0.00282813
321 -0.38104 -0.407278 0.00282051
322 -0.476175 -0.407492 0.00281985
323 -0.474542 -0.4077 0.00281875
324 -0.40254 -0.407684 0.0028101
325 -0.48864 -0.407933 0.00281247
326 -0.379004 -0.407844 0.00280524
327 -0.440118 -0.407943 0.0027984
328 -0.451763 -0.408076 0.00279305
329 -0.406669 -0.408072 0.00278457
330 -0.389423 -0.408015 0.0027767
331 -0.365693 -0.407888 0.00277126
332 -0.392811 -0.407842 0.00276328
333 -0.356487 -0.407688 0.00275928
334 -0.315229 -0.407411 0.00276487
335 -0.354018 -0.407252 0.00276121
336 -0.371582 -0.407146 0.00275503
337 -0.360907 -0.407008 0.00275027
338 -0.358003 -0.406863 0.00274595
339 -0.438472 -0.406957 0.00273944
340 -0.347499 -0.406782 0.00273695
341 -0.32265 -0.406535 0.00274003
342 -0.351477 -0.406374 0.00273674
343 -0.334606 -0.406165 0.00273675
344 -0.329122 -0.405941 0.00273794
345 -0.342821 -0.405758 0.00273611
346 -0.41722 -0.405791 0.0027284
347 -0.356166 -0.405648 0.00272429
348 -0.393111 -0.405612 0.0027167
349 -0.377526 -0.405532 0.0027101
350 -0.40751 -0.405537 0.00270237
351 -0.444934 -0.405649 0.002697
352 -0.42465 -0.405703 0.00268987
353 -0.391245 -0.405662 0.00268257
354 -0.485252 -0.405887 0.00268439
355 -0.550887 -0.406296 0.00270773
356 -0.521271 -0.406619 0.00271931
357 -0.498958 -0.406877 0.00272397
358 -0.52753 -0.407214 0.00273713
359 -0.454357 -0.407346 0.00273266
360 -0.432806 -0.407416 0.00272598
361 -0.451927 -0.40754 0.00272122
362 -0.449061 -0.407654 0.00271611
363 -0.476983 -0.407845 0.00271534
364 -0.392298 -0.407803 0.00270821
365 -0.475969 -0.407989 0.00270723
366 -0.428407 -0.408045 0.0027004
367 -0.417873 -0.408072 0.00269318
368 -0.437709 -0.408153 0.00268706
369 -0.465754 -0.408309 0.00268431
370 -0.463445 -0.408458 0.00268119
371 -0.513404 -0.408741 0.00268884
372 -0.435011 -0.408811 0.00268254
373 -0.461292 -0.408952 0.00267904
374 -0.462318 -0.409095 0.00267567
375 -0.345517 -0.408925 0.0026739
376 -0.369562 -0.40882 0.00266884
377 -0.431765 -0.408881 0.00266246
378 -0.41968 -0.40891 0.00265557
379 -0.422285 -0.408945 0.00264879
380 -0.447579 -0.409047 0.00264377
381 -0.40301 -0.409031 0.00263688
382 -0.462419 -0.409171 0.00263368
383 -0.435942 -0.409241 0.00262773
384 -0.441525 -0.409325 0.00262223
385 -0.435157 -0.409392 0.00261628
386 -0.420548 -0.409421 0.00260966
387 -0.374171 -0.40933 0.00260451
388 -0.454984 -0.409447 0.00260045
389 -0.420001 -0.409474 0.00259391
390 -0.373764 -0.409383 0.00258887
391 -0.383456 -0.409316 0.0025831
392 -0.382488 -0.409248 0.00257742
393 -0.420618 -0.409277 0.00257102
394 -0.418696 -0.409301 0.00256461
395 -0.425109 -0.409341 0.00255843
396 -0.402997 -0.409325 0.00255202
397 -0.389467 -0.409275 0.00254608
398 -0.398706 -0.409248 0.00253982
399 -0.439911 -0.409325 0.00253462
400 -0.39316 -0.409285 0.0025286
401 -0.324334 -0.409073 0.00253115
402 -0.345188 -0.408914 0.00252984
403 -0.431039 -0.408969 0.00252416
404 -0.460561 -0.409097 0.00252114
405 -0.405069 -0.409087 0.00251494
406 -0.376004 -0.409005 0.00251006
407 -0.407164 -0.409001 0.0025039
408 -0.329217 -0.408805 0.00250538
409 -0.36459 -0.408697 0.00250159
410 -0.377216 -0.40862 0.00249667
411 -0.339141 -0.408451 0.00249631
412 -0.381656 -0.408386 0.0024911
413 -0.380525 -0.408319 0.00248598
414 -0.382943 -0.408257 0.00248073
415 -0.35953 -0.40814 0.00247753
416 -0.355498 -0.408013 0.0024748
417 -0.387534 -0.407964 0.00246936
418 -0.344684 -0.407813 0.00246808
419 -0.399987 -0.407794 0.00246226
420 -0.462658 -0.407925 0.00245986
421 -0.395175 -0.407895 0.00245421
422 -0.382594 -0.407835 0.00244912
423 -0.382789 -0.407775 0.00244405
424 -0.400015 -0.407757 0.00243835
425 -0.432748 -0.407816 0.00243333
426 -0.375979 -0.407741 0.00242876
427 -0.33198 -0.407564 0.00242955
428 -0.408488 -0.407566 0.00242387
429 -0.495498 -0.407771 0.00242687
430 -0.501326 -0.407988 0.00243096
431 -0.505385 -0.408214 0.0024358
432 -0.531178 -0.408499 0.00244674
433 -0.554821 -0.408837 0.00246431
434 -0.527493 -0.40911 0.00247375
435 -0.517869 -0.40936 0.00248067
436 -0.398929 -0.409336 0.00247509
437 -0.399351 -0.409314 0.00246954
438 -0.401587 -0.409296 0.00246396
439 -0.416186 -0.409312 0.0024584
440 -0.473378 -0.409457 0.00245712
441 -0.417357 -0.409475 0.00245161
442 -0.445682 -0.409557 0.00244743
443 -0.45124 -0.409651 0.00244372
444 -0.49078 -0.409834 0.00244503
445 -0.480376 -0.409992 0.00244467
446 -0.467244 -0.410121 0.00244256
447 -0.458904 -0.41023 0.00243953
448 -0.428501 -0.410271 0.00243443
449 -0.373877 -0.41019 0.00243036
450 -0.452476 -0.410284 0.00242677
451 -0.38732 -0.410233 0.00242192
452 -0.437866 -0.410294 0.00241734
453 -0.413111 -0.4103 0.00241201
454 -0.405238 -0.410289 0.00240672
455 -0.359423 -0.410177 0.00240403
456 -0.426602 -0.410213 0.00239903
457 -0.462313 -0.410327 0.00239648
458 -0.433848 -0.410378 0.0023918
459 -0.436625 -0.410436 0.00238727
460 -0.39202 -0.410396 0.00238242
461 -0.373354 -0.410315 0.00237861
462 -0.378345 -0.410246 0.00237446
463 -0.482191 -0.410401 0.00237441
464 -0.494107 -0.410582 0.00237614
465 -0.399397 -0.410558 0.00237115
466 -0.39275 -0.41052 0.00236637
467 -0.432795 -0.410567 0.00236179
468 -0.452388 -0.410657 0.00235843
469 -0.481536 -0.410808 0.00235824
470 -0.437481 -0.410865 0.0023539
471 -0.325333 -0.410683 0.0023559
472 -0.386127 -0.410631 0.00235148
473 -0.413088 -0.410636 0.00234652
474 -0.464145 -0.410749 0.00234428
475 -0.430674 -0.410791 0.00233972
476 -0.350692 -0.410665 0.00233821
477 -0.370497 -0.41058 0.00233482
478 -0.378827 -0.410514 0.00233088
479 -0.375335 -0.410441 0.00232717
480 -0.356371 -0.410328 0.00232505
481 -0.375376 -0.410255 0.00232135
482 -0.403897 -0.410242 0.00231657
483 -0.321049 -0.410057 0.00231912
484 -0.337894 -0.409908 0.00231912
485 -0.418408 -0.409926 0.00231441
486 -0.467635 -0.410045 0.00231269
487 -0.412835 -0.41005 0.00230795
488 -0.37661 -0.409982 0.00230423
489 -0.368469 -0.409897 0.00230108
490 -0.357249 -0.409789 0.0022989
491 -0.421129 -0.409813 0.00229433
492 -0.445852 -0.409886 0.00229084
493 -0.497081 -0.410063 0.00229301
494 -0.454405 -0.410152 0.00229012
495 -0.483142 -0.4103 0.00229024
496 -0.363593 -0.410206 0.00228755
497 -0.405584 -0.410196 0.00228297
498 -0.40443 -0.410185 0.00227842
499 -0.417388 -0.410199 0.00227389
500 -0.356388 -0.410092 0.00227189
501 -0.388976 -0.41005 0.00226775
502 -0.367664 -0.409965 0.0022648
503 -0.380415 -0.409906 0.00226106
504 -0.395974 -0.409879 0.00225674
505 -0.418649 -0.409896 0.00225234
506 -0.448084 -0.409972 0.00224916
507 -0.448666 -0.410048 0.00224601
508 -0.397667 -0.410023 0.00224172
509 -0.353856 -0.409913 0.00224003
510 -0.396097 -0.409886 0.00223581
511 -0.432475 -0.40993 0.00223187
512 -0.394026 -0.409899 0.00222772
513 -0.353123 -0.409789 0.00222613
514 -0.397775 -0.409765 0.00222192
515 -0.36246 -0.409673 0.0022195
516 -0.375663 -0.409607 0.00221618
517 -0.39737 -0.409584 0.00221202
518 -0.359553 -0.409487 0.00220986
519 -0.399416 -0.409468 0.00220569
520 -0.372195 -0.409396 0.00220261
521 -0.376563 -0.409333 0.00219928
522 -0.425261 -0.409364 0.00219528
523 -0.437527 -0.409417 0.00219174
524 -0.450402 -0.409496 0.00218896
525 -0.414134 -0.409504 0.0021848
526 -0.385544 -0.409459 0.00218113
527 -0.410368 -0.409461 0.00217699
528 -0.404057 -0.40945 0.00217289
529 -0.365136 -0.409367 0.0021704
530 -0.334481 -0.409225 0.00217089
531 -0.3573 -0.409128 0.00216901
532 -0.367197 -0.409049 0.00216636
533 -0.413443 -0.409057 0.00216231
534 -0.411094 -0.409061 0.00215827
535 -0.380421 -0.409007 0.0021549
536 -0.292295 -0.408789 0.00216185
537 -0.378817 -0.408734 0.00215854
538 -0.412354 -0.40874 0.00215454
539 -0.395787 -0.408716 0.00215068
540 -0.412244 -0.408723 0.00214671
541 -0.376691 -0.408664 0.00214356
542 -0.339505 -0.408536 0.00214339
543 -0.360676 -0.408448 0.00214126
544 -0.45387 -0.408531 0.00213895
545 -0.358562 -0.40844 0.00213699
546 -0.384642 -0.408396 0.00213352
547 -0.358782 -0.408305 0.00213155
548 -0.429574 -0.408344 0.00212801
549 -0.446935 -0.408415 0.0021253
550 -0.504039 -0.408588 0.00212853
551 -0.465306 -0.408691 0.00212716
552 -0.480413 -0.408821 0.00212727
553 -0.476583 -0.408944 0.00212695
554 -0.422169 -0.408968 0.00212324
555 -0.45334 -0.409048 0.00212092
556 -0.494105 -0.409201 0.00212261
557 -0.51137 -0.409384 0.00212671
558 -0.475769 -0.409503 0.00212623
559 -0.450502 -0.409576 0.00212369
560 -0.475491 -0.409694 0.00212316
561 -0.422483 -0.409717 0.00211949
562 -0.425349 -0.409745 0.00211591
563 -0.423697 -0.409769 0.00211229
564 -0.463673 -0.409865 0.00211071
565 -0.435745 -0.409911 0.00210747
566 -0.378757 -0.409856 0.00210446
567 -0.421408 -0.409876 0.00210085
568 -0.35035 -0.409771 0.00209977
569 -0.41471 -0.40978 0.00209609
570 -0.382223 -0.409732 0.00209297
571 -0.404464 -0.409723 0.00208933
572 -0.442084 -0.409779 0.00208644
573 -0.472411 -0.409888 0.00208566
574 -0.47522 -0.410002 0.00208513
575 -0.48207 -0.410128 0.00208527
576 -0.474028 -0.410238 0.0020846
577 -0.428032 -0.410269 0.00208121
578 -0.408057 -0.410265 0.00207761
579 -0.383715 -0.41022 0.00207453
580 -0.368083 -0.410147 0.00207223
581 -0.377089 -0.41009 0.00206944
582 -0.37449 -0.410029 0.00206679
583 -0.323118 -0.40988 0.00206861
584 -0.362261 -0.409798 0.00206668
585 -0.371639 -0.409733 0.00206417
586 -0.422011 -0.409754 0.00206076
587 -0.446399 -0.409816 0.00205819
588 -0.365922 -0.409742 0.00205605
589 -0.348437 -0.409638 0.00205519
590 -0.362531 -0.409558 0.00205326
591 -0.42131 -0.409578 0.00204988
592 -0.381016 -0.40953 0.00204698
593 -0.358758 -0.409444 0.00204532
594 -0.399293 -0.409427 0.00204195
595 -0.376279 -0.409371 0.00203928
596 -0.41286 -0.409377 0.00203586
597 -0.446107 -0.409438 0.00203338
598 -0.280238 -0.409222 0.00204143
599 -0.428931 -0.409255 0.00203829
600 -0.452064 -0.409327 0.00203614
601 -0.494265 -0.409468 0.00203765
602 -0.427658 -0.409498 0.00203449
603 -0.381478 -0.409452 0.00203164
604 -0.407715 -0.409449 0.00202828
605 -0.368371 -0.409381 0.00202607
606 -0.378929 -0.409331 0.00202334
607 -0.402734 -0.40932 0.00202004
608 -0.402235 -0.409308 0.00201675
609 -0.426397 -0.409336 0.00201364
610 -0.378981 -0.409287 0.00201095
611 -0.376776 -0.409233 0.00200836
612 -0.417219 -0.409246 0.00200512
613 -0.355706 -0.409159 0.00200375
614 -0.350528 -0.409064 0.00200276
615 -0.354259 -0.408974 0.00200149
616 -0.385987 -0.408937 0.00199859
617 -0.434725 -0.408979 0.00199579
618 -0.371764 -0.408919 0.00199346
619 -0.329536 -0.40879 0.00199436
620 -0.363457 -0.408717 0.00199249
621 -0.332031 -0.408594 0.0019931
622 -0.345696 -0.408493 0.00199246
623 -0.355544 -0.408408 0.00199107
624 -0.422884 -0.408431 0.00198802
625 -0.373488 -0.408375 0.00198562
626 -0.405065 -0.40837 0.00198246
627 -0.364398 -0.4083 0.00198054
628 -0.364697 -0.40823 0.0019786
629 -0.443993 -0.408287 0.00197627
630 -0.441524 -0.40834 0.00197384
631 -0.397529 -0.408323 0.00197079
632 -0.423112 -0.408346 0.00196781
633 -0.437441 -0.408392 0.00196523
634 -0.428617 -0.408424 0.00196239
635 -0.356746 -0.408342 0.00196099
636 -0.426135 -0.40837 0.00195811
637 -0.468352 -0.408465 0.00195729
638 -0.475057 -0.408569 0.00195701
639 -0.383198 -0.408529 0.00195435
640 -0.375072 -0.408477 0.00195199
641 -0.436097 -0.40852 0.00194942
642 -0.396098 -0.408501 0.00194648
643 -0.392742 -0.408476 0.00194361
644 -0.500171 -0.408619 0.0019458
645 -0.506683 -0.408771 0.00194871
646 -0.464941 -0.408858 0.00194764
647 -0.37878 -0.408811 0.00194518
648 -0.397904 -0.408794 0.00194225
649 -0.431522 -0.408829 0.00193958
650 -0.469226 -0.408922 0.00193882
651 -0.418636 -0.408937 0.00193589
652 -0.363609 -0.408868 0.00193417
653 -0.396944 -0.408849 0.0019313
654 -0.413609 -0.408857 0.00192836
655 -0.415353 -0.408867 0.00192544
656 -0.448571 -0.408927 0.00192346
657 -0.354102 -0.408844 0.00192234
658 -0.375799 -0.408793 0.00192007
659 -0.374779 -0.408742 0.00191785
660 -0.408348 -0.408741 0.00191495
661 -0.465717 -0.408827 0.00191399
662 -0.466191 -0.408914 0.00191306
663 -0.402186 -0.408904 0.0019102
664 -0.411741 -0.408908 0.00190733
665 -0.404426 -0.408901 0.00190447
666 -0.372873 -0.408847 0.00190238
667 -0.363166 -0.408779 0.00190076
668 -0.391928 -0.408754 0.00189808
669 -0.345455 -0.408659 0.0018976
670 -0.385127 -0.408624 0.00189509
671 -0.40632 -0.40862 0.00189227
672 -0.417253 -0.408633 0.0018895
673 -0.386031 -0.4086 0.00188699
674 -0.443531 -0.408652 0.0018849
675 -0.515939 -0.408811 0.0018888
676 -0.498584 -0.408943 0.00189067
677 -0.457271 -0.409015 0.00188922
678 -0.527193 -0.409189 0.00189446
679 -0.578198 -0.409438 0.00190795
680 -0.585135 -0.409696 0.00192256
681 -0.53564 -0.409881 0.00192861
682 -0.585813 -0.410139 0.00194296
683 -0.503983 -0.410277 0.00194497
684 -0.463144 -0.410354 0.00194366
685 -0.413481 -0.410358 0.00194083
686 -0.479138 -0.410459 0.00194059
687 -0.425699 -0.410481 0.00193789
688 -0.453812 -0.410544 0.0019361
689 -0.360208 -0.410471 0.00193466
690 -0.411222 -0.410472 0.00193186
691 -0.525412 -0.410638 0.00193621
692 -0.560996 -0.410856 0.00194557
693 -0.464736 -0.410933 0.00194431
694 -0.399071 -0.410916 0.00194159
695 -0.493653 -0.411035 0.00194244
696 -0.437438 -0.411073 0.00194002
697 -0.409208 -0.41107 0.00193724
698 -0.414995 -0.411076 0.00193447
699 -0.427544 -0.4111 0.00193185
700 -0.37648 -0.41105 0.00192972
701 -0.367543 -0.410988 0.00192796
702 -0.382457 -0.410948 0.00192565
703 -0.30302 -0.410794 0.00192902
704 -0.33451 -0.410686 0.00192932
705 -0.359435 -0.410613 0.00192795
706 -0.396903 -0.410594 0.00192532
707 -0.411418 -0.410595 0.00192259
708 -0.422365 -0.410611 0.00191995
709 -0.395822 -0.41059 0.00191736
710 -0.324097 -0.410469 0.00191852
711 -0.235268 -0.410222 0.00193158
712 -0.258572 -0.410009 0.00194058
713 -0.405623 -0.410003 0.00193787
714 -0.362731 -0.409937 0.00193628
715 -0.336341 -0.409834 0.00193631
716 -0.308257 -0.409692 0.00193879
717 -0.311508 -0.409555 0.00194092
718 -0.322635 -0.409434 0.00194199
719 -0.343899 -0.409343 0.00194142
720 -0.353597 -0.409265 0.00194027
721 -0.41733 -0.409277 0.00193761
722 -0.405807 -0.409272 0.00193493
723 -0.340516 -0.409177 0.00193459
724 -0.382521 -0.40914 0.00193227
725 -0.384291 -0.409106 0.00192991
726 -0.345499 -0.409018 0.00192924
727 -0.293071 -0.408859 0.00193317
728 -0.327832 -0.408747 0.00193371
729 -0.339582 -0.408652 0.00193339
730 -0.378085 -0.408611 0.00193119
731 -0.382976 -0.408575 0.00192887
732 -0.38387 -0.408542 0.00192653
733 -0.353551 -0.408467 0.00192536
734 -0.339713 -0.408373 0.00192501
735 -0.342933 -0.408284 0.00192445
736 -0.361834 -0.408221 0.00192287
737 -0.314473 -0.408094 0.00192447
738 -0.299853 -0.407947 0.00192744
739 -0.303163 -0.407805 0.00193004
740 -0.41607 -0.407816 0.00192746
741 -0.38706 -0.407788 0.00192507
742 -0.421008 -0.407806 0.00192255
743 -0.34266 -0.407719 0.00192197
744 -0.353815 -0.407646 0.00192075
745 -0.360257 -0.407582 0.00191922
746 -0.376757 -0.407541 0.00191709
747 -0.340232 -0.407451 0.00191664
748 -0.414786 -0.407461 0.00191411
749 -0.393376 -0.407442 0.00191164
750 -0.35005 -0.407366 0.00191063
751 -0.437821 -0.407406 0.00190851
752 -0.37759 -0.407366 0.00190639
753 -0.297748 -0.407221 0.0019094
754 -0.33307 -0.407122 0.0019094
755 -0.420486 -0.40714 0.00190696
756 -0.416758 -0.407153 0.00190448
757 -0.409039 -0.407155 0.00190196
758 -0.444286 -0.407204 0.00190008
759 -0.428911 -0.407233 0.0018978
760 -0.365874 -0.407179 0.00189608
761 -0.449842 -0.407235 0.00189442
762 -0.473283 -0.407321 0.00189391
763 -0.420812 -0.407339 0.00189151
764 -0.458502 -0.407406 0.00189022
765 -0.440884 -0.40745 0.00188826
766 -0.397341 -0.407437 0.00188584
767 -0.475402 -0.407525 0.00188546
768 -0.462145 -0.407596 0.00188435
769 -0.489106 -0.407702 0.00188487
770 -0.497321 -0.407819 0.00188602
771 -0.463819 -0.407891 0.00188497
772 -0.409032 -0.407893 0.00188253
773 -0.408511 -0.407894 0.00188009
774 -0.430153 -0.407922 0.00187788
775 -0.312245 -0.407799 0.00187951
776 -0.397924 -0.407786 0.00187713
777 -0.378674 -0.407749 0.00187509
778 -0.306834 -0.407619 0.00187716
779 -0.308454 -0.407492 0.00187906
780 -0.300002 -0.407354 0.0018817
781 -0.401106 -0.407346 0.00187931
782 -0.382953 -0.407315 0.00187717
783 -0.386247 -0.407288 0.00187496
784 -0.394427 -0.407271 0.00187264
785 -0.375922 -0.407231 0.00187068
786 -0.324889 -0.407127 0.00187123
787 -0.406381 -0.407126 0.00186885
788 -0.380504 -0.407092 0.00186679
789 -0.353502 -0.407024 0.00186566
790 -0.415044 -0.407034 0.00186332
791 -0.39427 -0.407018 0.00186104
792 -0.383929 -0.406989 0.00185892
793 -0.357538 -0.406926 0.00185762
794 -0.377936 -0.40689 0.00185564
795 -0.427087 -0.406915 0.00185348
796 -0.361492 -0.406858 0.00185203
797 -0.260979 -0.406675 0.00185873
798 -0.299111 -0.40654 0.00186128
799 -0.313012 -0.406423 0.00186263
800 -0.334233 -0.406333 0.00186248
801 -0.405067 -0.406332 0.00186016
802 -0.417379 -0.406345 0.00185789
803 -0.382898 -0.406316 0.0018558
804 -0.355174 -0.406253 0.00185459
805 -0.438336 -0.406292 0.00185271
806 -0.432281 -0.406325 0.00185069
807 -0.478093 -0.406414 0.00185053
808 -0.512129 -0.406544 0.00185286
809 -0.526807 -0.406693 0.00185653
810 -0.530779 -0.406846 0.00186054
811 -0.51699 -0.406982 0.0018632
812 -0.549042 -0.407157 0.0018691
813 -0.496854 -0.407267 0.00187006
814 -0.493041 -0.407373 0.00187073
815 -0.456679 -0.407433 0.00186941
816 -0.486962 -0.407531 0.00186966
817 -0.430649 -0.407559 0.00186758
818 -0.421979 -0.407577 0.00186538
819 -0.438405 -0.407614 0.00186348
820 -0.41675 -0.407625 0.00186124
821 -0.42689 -0.407649 0.00185913
822 -0.36105 -0.407592 0.00185773
823 -0.389031 -0.40757 0.00185561
824 -0.4488 -0.40762 0.00185403
825 -0.448243 -0.407669 0.00185244
826 -0.466142 -0.40774 0.00185155
827 -0.389288 -0.407717 0.00184944
828 -0.468433 -0.407791 0.00184866
829 -0.455485 -0.407848 0.00184733
830 -0.424931 -0.407869 0.00184521
831 -0.399364 -0.407859 0.00184302
832 -0.401141 -0.407851 0.00184083
833 -0.451461 -0.407903 0.00183936
834 -0.497865 -0.408011 0.00184031
835 -0.491981 -0.408111 0.00184086
836 -0.514009 -0.408238 0.00184301
837 -0.477719 -0.408321 0.00184267
838 -0.468516 -0.408393 0.00184187
839 -0.432528 -0.408422 0.0018399
840 -0.39886 -0.40841 0.00183775
841 -0.397463 -0.408397 0.00183561
842 -0.350484 -0.408328 0.00183472
843 -0.329769 -0.408235 0.00183491
844 -0.294285 -0.4081 0.00183769
845 -0.392339 -0.408082 0.00183561
846 -0.408094 -0.408082 0.00183344
847 -0.331582 -0.407991 0.0018335
848 -0.351031 -0.407924 0.00183257
849 -0.428294 -0.407948 0.00183057
850 -0.411477 -0.407952 0.00182842
851 -0.508872 -0.408071 0.00183011
852 -0.46496 -0.408138 0.00182918
853 -0.437201 -0.408172 0.00182735
854 -0.483377 -0.40826 0.00182734
855 -0.411335 -0.408263 0.0018252
856 -0.411025 -0.408267 0.00182307
857 -0.441528 -0.408305 0.00182136
858 -0.463031 -0.408369 0.00182035
859 -0.47989 -0.408452 0.00182014
860 -0.371437 -0.408409 0.00181853
861 -0.359885 -0.408353 0.00181729
862 -0.4344 -0.408383 0.00181543
863 -0.363551 -0.408331 0.00181407
864 -0.341693 -0.408254 0.00181361
865 -0.390524 -0.408234 0.00181163
866 -0.43475 -0.408264 0.0018098
867 -0.427268 -0.408286 0.00180784
868 -0.467496 -0.408354 0.00180705
869 -0.42095 -0.408369 0.00180502
870 -0.45966 -0.408428 0.00180391
871 -0.398948 -0.408417 0.00180187
872 -0.399264 -0.408406 0.00179984
873 -0.388467 -0.408384 0.00179792
874 -0.406542 -0.408382 0.00179587
875 -0.373171 -0.408341 0.00179426
876 -0.423832 -0.408359 0.0017923
877 -0.434146 -0.408388 0.0017905
878 -0.490131 -0.408481 0.00179088
879 -0.472635 -0.408554 0.00179033
880 -0.507511 -0.408667 0.00179182
881 -0.504653 -0.408776 0.0017931
882 -0.50055 -0.40888 0.00179408
883 -0.466586 -0.408945 0.00179324
884 -0.453211 -0.408995 0.00179191
885 -0.397609 -0.408982 0.00178993
886 -0.360698 -0.408928 0.00178874
887 -0.38232 -0.408898 0.00178698
888 -0.330827 -0.40881 0.00178712
889 -0.387814 -0.408786 0.00178527
890 -0.448551 -0.408831 0.00178382
891 -0.467403 -0.408897 0.00178303
892 -0.493953 -0.408992 0.00178358
893 -0.478279 -0.40907 0.00178327
894 -0.418619 -0.40908 0.00178131
895 -0.434512 -0.409109 0.00177954
896 -0.465635 -0.409172 0.00177868
897 -0.446412 -0.409214 0.00177718
898 -0.494797 -0.409309 0.00177775
899 -0.470033 -0.409376 0.00177706
900 -0.543372 -0.409525 0.00178131
901 -0.37709 -0.409489 0.0017797
902 -0.502663 -0.409593 0.00178072
903 -0.492072 -0.409684 0.00178109
904 -0.451659 -0.40973 0.00177972
905 -0.446261 -0.409771 0.00177821
906 -0.397376 -0.409757 0.0017763
907 -0.370733 -0.409714 0.00177487
908 -0.378972 -0.40968 0.00177323
909 -0.394881 -0.409664 0.00177136
910 -0.391629 -0.409644 0.00176952
911 -0.392662 -0.409625 0.00176768
912 -0.483842 -0.409707 0.00176761
913 -0.420341 -0.409718 0.00176571
914 -0.403704 -0.409712 0.00176379
915 -0.455772 -0.409762 0.00176259
916 -0.414001 -0.409767 0.00176067
917 -0.387836 -0.409743 0.00175891
918 -0.39598 -0.409728 0.00175706
919 -0.339842 -0.409652 0.00175679
920 -0.348512 -0.409585 0.00175614
921 -0.390449 -0.409565 0.00175435
922 -0.412484 -0.409568 0.00175245
923 -0.413742 -0.409572 0.00175056
924 -0.362123 -0.409521 0.00174942
925 -0.463241 -0.409579 0.00174849
926 -0.466201 -0.40964 0.00174767
927 -0.472234 -0.409708 0.00174709
928 -0.462465 -0.409765 0.00174613
929 -0.366683 -0.409718 0.00174487
930 -0.385427 -0.409692 0.00174319
931 -0.412672 -0.409695 0.00174132
932 -0.312102 -0.409591 0.0017426
933 -0.39217 -0.409572 0.00174083
934 -0.407003 -0.409569 0.00173897
935 -0.329784 -0.409484 0.0017392
936 -0.390376 -0.409463 0.00173746
937 -0.409359 -0.409463 0.00173561
938 -0.467648 -0.409525 0.00173486
939 -0.507232 -0.409629 0.00173613
940 -0.39904 -0.409618 0.00173432
941 -0.402951 -0.409611 0.0017325
942 -0.428688 -0.409631 0.00173077
943 -0.423437 -0.409646 0.001729
944 -0.439195 -0.409677 0.00172745
945 -0.388455 -0.409655 0.00172577
946 -0.410046 -0.409655 0.00172395
947 -0.321495 -0.409562 0.00172464
948 -0.329813 -0.409478 0.00172487
949 -0.346626 -0.409412 0.00172432
950 -0.336883 -0.409335 0.0017242
951 -0.327655 -0.409249 0.00172452
952 -0.378072 -0.409217 0.00172302
953 -0.466569 -0.409277 0.00172226
954 -0.381412 -0.409248 0.00172071
955 -0.373069 -0.40921 0.00171932
956 -0.439784 -0.409242 0.00171782
957 -0.433871 -0.409268 0.00171622
958 -0.479206 -0.409341 0.00171598
959 -0.464164 -0.409398 0.00171514
960 -0.402078 -0.40939 0.00171337
961 -0.432882 -0.409414 0.00171176
962 -0.429192 -0.409435 0.00171011
963 -0.483852 -0.409512 0.00171008
964 -0.426421 -0.40953 0.00170839
965 -0.431253 -0.409552 0.00170677
966 -0.443101 -0.409587 0.00170536
967 -0.397474 -0.409575 0.00170364
968 -0.417442 -0.409583 0.0017019
969 -0.497111 -0.409673 0.00170254
970 -0.42923 -0.409693 0.0017009
971 -0.376928 -0.409659 0.00169949
972 -0.427109 -0.409677 0.00169783
973 -0.386908 -0.409654 0.00169625
974 -0.367757 -0.409611 0.00169505
975 -0.379382 -0.40958 0.0016936
976 -0.369926 -0.409539 0.00169235
977 -0.422007 -0.409552 0.00169066
978 -0.409186 -0.409552 0.00168894
979 -0.469258 -0.409613 0.00168831
980 -0.473959 -0.409678 0.00168787
981 -0.419585 -0.409688 0.00168617
982 -0.433673 -0.409713 0.00168463
983 -0.405372 -0.409709 0.00168293
984 -0.448584 -0.409748 0.00168168
985 -0.37059 -0.409708 0.00168044
986 -0.35689 -0.409655 0.00167959
987 -0.394431 -0.409639 0.00167796
988 -0.371706 -0.409601 0.0016767
989 -0.332188 -0.409523 0.00167683
990 -0.40524 -0.409518 0.00167514
991 -0.377376 -0.409486 0.00167377
992 -0.443079 -0.40952 0.00167242
993 -0.428275 -0.409539 0.00167085
994 -0.418165 -0.409547 0.00166919
995 -0.454634 -0.409593 0.00166812
996 -0.482574 -0.409666 0.00166806
997 -0.440322 -0.409697 0.00166667
998 -0.395593 -0.409682 0.00166506
999 -0.366612 -0.409639 0.00166395
1000 -0.403566 -0.409633 0.0016623
1001 -0.37366 -0.409597 0.00166102
1002 -0.358675 -0.409547 0.00166014
1003 -0.324287 -0.409462 0.00166066
1004 -0.384766 -0.409437 0.00165919
1005 -0.345434 -0.409373 0.00165876
1006 -0.425238 -0.409389 0.00165719
1007 -0.380662 -0.40936 0.00165579
1008 -0.439863 -0.409391 0.00165442
1009 -0.423869 -0.409405 0.00165285
1010 -0.426457 -0.409422 0.00165129
1011 -0.413376 -0.409426 0.00164967
1012 -0.450875 -0.409467 0.00164854
1013 -0.410077 -0.409467 0.00164692
1014 -0.335827 -0.409395 0.00164689
1015 -0.328033 -0.409315 0.00164722
1016 -0.327221 -0.409234 0.00164758
1017 -0.313218 -0.409139 0.00164866
1018 -0.340689 -0.409072 0.00164841
1019 -0.362512 -0.409027 0.00164743
1020 -0.257606 -0.408878 0.00165249
1021 -0.363203 -0.408833 0.00165148
1022 -0.400445 -0.408825 0.00164988
1023 -0.374889 -0.408792 0.0016486
1024 -0.355071 -0.408739 0.00164783
1025 -0.28053 -0.408614 0.00165096
1026 -0.330189 -0.408538 0.00165112
1027 -0.342619 -0.408474 0.00165076
1028 -0.364703 -0.408431 0.0016497
1029 -0.369368 -0.408393 0.00164853
1030 -0.38791 -0.408373 0.00164705
1031 -0.395276 -0.408361 0.0016455
1032 -0.3909 -0.408344 0.001644
1033 -0.37646 -0.408313 0.0016427
1034 -0.386253 -0.408292 0.00164125
1035 -0.389701 -0.408274 0.00163976
1036 -0.330064 -0.408198 0.00163991
1037 -0.324301 -0.408117 0.00164033
1038 -0.254026 -0.407969 0.00164545
1039 -0.331488 -0.407895 0.00164551
1040 -0.26434 -0.407757 0.00164971
1041 -0.325294 -0.407678 0.00165002
1042 -0.389597 -0.407661 0.00164853
1043 -0.442003 -0.407693 0.00164728
1044 -0.486399 -0.407769 0.00164743
1045 -0.501049 -0.407858 0.00164827
1046 -0.443487 -0.407892 0.00164704
1047 -0.357859 -0.407844 0.00164616
1048 -0.355174 -0.407794 0.00164536
1049 -0.384258 -0.407772 0.00164394
1050 -0.399648 -0.407764 0.0016424
1051 -0.412015 -0.407768 0.00164084
1052 -0.443558 -0.407802 0.00163963
1053 -0.380036 -0.407776 0.00163829
1054 -0.378915 -0.407748 0.00163696
1055 -0.367759 -0.40771 0.00163585
1056 -0.316432 -0.407624 0.00163658
1057 -0.35457 -0.407574 0.0016358
1058 -0.386245 -0.407554 0.00163438
1059 -0.427016 -0.407572 0.00163294
1060 -0.365728 -0.407532 0.00163188
1061 -0.425947 -0.40755 0.00163043
1062 -0.41117 -0.407553 0.0016289
1063 -0.445363 -0.407589 0.00162775
1064 -0.435663 -0.407615 0.00162644
1065 -0.520565 -0.407721 0.00162837
1066 -0.480642 -0.40779 0.00162827
1067 -0.510548 -0.407886 0.00162959
1068 -0.482897 -0.407956 0.00162958
1069 -0.439143 -0.407985 0.00162832
1070 -0.446115 -0.408021 0.00162719
1071 -0.412373 -0.408025 0.00162567
1072 -0.379637 -0.407999 0.00162437
1073 -0.355353 -0.40795 0.0016236
1074 -0.35199 -0.407897 0.00162292
1075 -0.353401 -0.407847 0.0016222
1076 -0.398333 -0.407838 0.00162072
1077 -0.397191 -0.407828 0.00161925
1078 -0.346251 -0.407771 0.00161875
1079 -0.340192 -0.407708 0.00161846
1080 -0.386239 -0.407688 0.00161708
1081 -0.461009 -0.407738 0.00161634
1082 -0.439813 -0.407767 0.00161512
1083 -0.394749 -0.407755 0.00161367
1084 -0.383067 -0.407733 0.00161234
1085 -0.345994 -0.407676 0.00161186
1086 -0.359705 -0.407631 0.00161098
1087 -0.347725 -0.407576 0.00161044
1088 -0.390852 -0.407561 0.00160904
1089 -0.37877 -0.407535 0.00160778
1090 -0.351528 -0.407483 0.00160712
1091 -0.364989 -0.407444 0.00160612
1092 -0.340405 -0.407383 0.00160582
1093 -0.361966 -0.407341 0.00160489
1094 -0.37219 -0.407309 0.00160375
1095 -0.410378 -0.407312 0.00160228
1096 -0.371129 -0.407279 0.00160116
1097 -0.351382 -0.407228 0.00160051
1098 -0.358587 -0.407184 0.00159967
1099 -0.414967 -0.407191 0.00159823
1100 -0.399456 -0.407184 0.00159679
1101 -0.440327 -0.407214 0.00159562
1102 -0.376168 -0.407186 0.00159442
1103 -0.319902 -0.407107 0.00159494
1104 -0.346579 -0.407052 0.00159444
1105 -0.348413 -0.406999 0.00159388
1106 -0.399214 -0.406992 0.00159245
1107 -0.428028 -0.407011 0.00159113
1108 -0.497372 -0.407092 0.00159178
1109 -0.381018 -0.407069 0.00159052
1110 -0.417529 -0.407078 0.00158911
1111 -0.404755 -0.407076 0.00158769
1112 -0.426076 -0.407093 0.00158635
1113 -0.449926 -0.407132 0.00158539
1114 -0.394835 -0.40712 0.00158401
1115 -0.458412 -0.407166 0.00158325
1116 -0.502185 -0.407252 0.00158412
1117 -0.455102 -0.407294 0.00158328
1118 -0.483436 -0.407363 0.00158333
1119 -0.486121 -0.407433 0.00158348
1120 -0.436127 -0.407459 0.00158227
1121 -0.453208 -0.407499 0.00158139
1122 -0.374735 -0.40747 0.00158025
1123 -0.417461 -0.407479 0.00157887
1124 -0.441711 -0.40751 0.00157776
1125 -0.417185 -0.407518 0.00157638
1126 -0.440285 -0.407547 0.00157524
1127 -0.49151 -0.407622 0.00157561
1128 -0.428556 -0.40764 0.00157432
1129 -0.413968 -0.407646 0.00157294
1130 -0.407449 -0.407646 0.00157154
1131 -0.379636 -0.407621 0.00157035
1132 -0.488508 -0.407692 0.00157059
1133 -0.419667 -0.407703 0.00156924
1134 -0.423197 -0.407717 0.00156791
1135 -0.407083 -0.407716 0.00156653
1136 -0.42277 -0.407729 0.00156521
1137 -0.495727 -0.407807 0.00156574
1138 -0.555669 -0.407937 0.00156975
1139 -0.48898 -0.408008 0.00156998
1140 -0.474022 -0.408066 0.00156967
1141 -0.47767 -0.408127 0.00156948
1142 -0.406348 -0.408125 0.00156811
1143 -0.402724 -0.40812 0.00156674
1144 -0.364883 -0.408083 0.00156583
1145 -0.328361 -0.408013 0.00156601
1146 -0.374753 -0.407984 0.00156491
1147 -0.416141 -0.407991 0.00156356
1148 -0.396852 -0.407981 0.00156223
1149 -0.35397 -0.407934 0.00156158
1150 -0.404018 -0.407931 0.00156023
1151 -0.377901 -0.407905 0.00155909
1152 -0.419763 -0.407915 0.00155777
1153 -0.486566 -0.407983 0.00155791
1154 -0.468762 -0.408036 0.00155745
1155 -0.468141 -0.408088 0.00155697
1156 -0.49067 -0.40816 0.00155726
1157 -0.39301 -0.408146 0.00155597
1158 -0.387537 -0.408129 0.00155473
1159 -0.45907 -0.408173 0.00155401
1160 -0.44542 -0.408205 0.001553
1161 -0.399378 -0.408197 0.00155168
1162 -0.483172 -0.408262 0.00155169
1163 -0.444605 -0.408293 0.00155067
1164 -0.463815 -0.408341 0.00155007
1165 -0.405971 -0.408339 0.00154874
1166 -0.399243 -0.408331 0.00154743
1167 -0.3738 -0.408301 0.00154639
1168 -0.398676 -0.408293 0.00154509
1169 -0.404187 -0.408289 0.00154377
1170 -0.417749 -0.408298 0.00154247
1171 -0.404721 -0.408294 0.00154116
1172 -0.358467 -0.408252 0.00154043
1173 -0.31302 -0.408171 0.00154125
1174 -0.390237 -0.408155 0.00154002
1175 -0.42062 -0.408166 0.00153874
1176 -0.438376 -0.408192 0.00153765
1177 -0.46502 -0.40824 0.0015371
1178 -0.430849 -0.408259 0.00153591
1179 -0.4348 -0.408282 0.00153478
1180 -0.437337 -0.408306 0.00153367
1181 -0.458902 -0.408349 0.00153297
1182 -0.387797 -0.408332 0.00153177
1183 -0.351323 -0.408284 0.00153124
1184 -0.449387 -0.408318 0.00153034
1185 -0.447697 -0.408352 0.00152941
1186 -0.405667 -0.408349 0.00152812
1187 -0.381357 -0.408327 0.001527
1188 -0.443041 -0.408356 0.00152599
1189 -0.472428 -0.40841 0.00152566
1190 -0.385628 -0.408391 0.0015245
1191 -0.470805 -0.408443 0.00152412
1192 -0.408658 -0.408443 0.00152284
1193 -0.464022 -0.40849 0.00152228
1194 -0.431036 -0.408509 0.00152112
1195 -0.408854 -0.408509 0.00151985
1196 -0.38241 -0.408487 0.00151873
1197 -0.41684 -0.408494 0.00151748
1198 -0.416913 -0.408501 0.00151623
1199 -0.401908 -0.408496 0.00151498
1200 -0.43113 -0.408514 0.00151383
1201 -0.484157 -0.408577 0.00151388
1202 -0.525647 -0.408675 0.00151575
1203 -0.441272 -0.408702 0.00151473
1204 -0.371954 -0.408671 0.00151378
1205 -0.359515 -0.408631 0.00151308
1206 -0.404702 -0.408627 0.00151182
1207 -0.423373 -0.40864 0.00151062
1208 -0.46486 -0.408686 0.00151009
1209 -0.446406 -0.408717 0.00150916
1210 -0.461599 -0.408761 0.00150855
1211 -0.509659 -0.408844 0.0015096
1212 -0.48192 -0.408905 0.00150956
1213 -0.410211 -0.408906 0.00150831
1214 -0.422231 -0.408917 0.00150711
1215 -0.410838 -0.408918 0.00150587
1216 -0.461614 -0.408962 0.00150526
1217 -0.430016 -0.408979 0.00150412
1218 -0.381315 -0.408956 0.00150306
1219 -0.370764 -0.408925 0.00150215
1220 -0.365916 -0.40889 0.00150133
1221 -0.375974 -0.408863 0.00150034
1222 -0.444066 -0.408891 0.00149939
1223 -0.441126 -0.408918 0.0014984
1224 -0.470457 -0.408968 0.00149802
1225 -0.386746 -0.40895 0.0014969
1226 -0.424649 -0.408963 0.00149574
1227 -0.359968 -0.408923 0.00149505
1228 -0.446428 -0.408953 0.00149415
1229 -0.399267 -0.408945 0.00149295
1230 -0.461646 -0.408988 0.00149235
1231 -0.454856 -0.409026 0.0014916
1232 -0.515611 -0.409112 0.0014929
1233 -0.433787 -0.409132 0.00149182
1234 -0.403474 -0.409128 0.00149062
1235 -0.455181 -0.409165 0.00148988
1236 -0.469421 -0.409214 0.00148947
1237 -0.372574 -0.409184 0.00148856
1238 -0.371234 -0.409153 0.00148768
1239 -0.386045 -0.409135 0.00148659
1240 -0.442541 -0.409162 0.00148564
1241 -0.413818 -0.409165 0.00148445
1242 -0.390562 -0.40915 0.00148333
1243 -0.378279 -0.409126 0.00148234
1244 -0.366002 -0.409091 0.00148155
1245 -0.397063 -0.409081 0.0014804
1246 -0.422068 -0.409092 0.00147924
1247 -0.382174 -0.40907 0.00147822
1248 -0.37965 -0.409046 0.00147722
1249 -0.373884 -0.409018 0.00147631
1250 -0.416562 -0.409024 0.00147514
1251 -0.371828 -0.408995 0.00147426
1252 -0.379272 -0.408971 0.00147327
1253 -0.353128 -0.408926 0.00147277
1254 -0.366087 -0.408892 0.00147199
1255 -0.377788 -0.408867 0.00147103
1256 -0.34449 -0.408816 0.00147075
1257 -0.309392 -0.408737 0.0014717
1258 -0.294252 -0.408646 0.00147334
1259 -0.382804 -0.408625 0.00147232
1260 -0.398248 -0.408617 0.00147117
1261 -0.368448 -0.408585 0.00147035
1262 -0.40112 -0.408579 0.0014692
1263 -0.380428 -0.408557 0.0014682
1264 -0.432953 -0.408576 0.00146717
1265 -0.394829 -0.408566 0.00146605
1266 -0.394769 -0.408555 0.00146493
1267 -0.427885 -0.40857 0.00146385
1268 -0.421323 -0.40858 0.00146273
1269 -0.398766 -0.408572 0.0014616
1270 -0.404915 -0.408569 0.00146045
1271 -0.442423 -0.408596 0.00145955
1272 -0.468627 -0.408643 0.00145916
1273 -0.391254 -0.40863 0.00145808
1274 -0.424901 -0.408642 0.00145699
1275 -0.412162 -0.408645 0.00145585
1276 -0.380299 -0.408623 0.00145488
1277 -0.447913 -0.408654 0.00145407
1278 -0.441743 -0.40868 0.00145316
1279 -0.391854 -0.408666 0.00145208
1280 -0.455413 -0.408703 0.00145141
1281 -0.414674 -0.408708 0.00145028
1282 -0.438613 -0.408731 0.00144934
1283 -0.425654 -0.408744 0.00144827
1284 -0.384838 -0.408725 0.00144726
1285 -0.41943 -0.408734 0.00144616
1286 -0.424404 -0.408746 0.00144508
1287 -0.378128 -0.408722 0.00144416
1288 -0.385259 -0.408704 0.00144315
1289 -0.434133 -0.408724 0.00144217
1290 -0.438758 -0.408747 0.00144124
1291 -0.497215 -0.408816 0.00144175
1292 -0.492644 -0.40888 0.00144209
1293 -0.412889 -0.408884 0.00144098
1294 -0.389622 -0.408869 0.00143994
1295 -0.38179 -0.408848 0.00143898
1296 -0.463383 -0.40889 0.00143849
1297 -0.421907 -0.4089 0.00143741
1298 -0.444962 -0.408928 0.00143657
1299 -0.432335 -0.408946 0.00143558
1300 -0.442321 -0.408971 0.00143471
1301 -0.504581 -0.409045 0.00143548
1302 -0.449573 -0.409076 0.00143472
1303 -0.426633 -0.409089 0.00143368
1304 -0.397705 -0.409081 0.00143261
1305 -0.394278 -0.409069 0.00143156
1306 -0.442329 -0.409095 0.00143069
1307 -0.410101 -0.409096 0.00142959
1308 -0.455325 -0.409131 0.00142894
1309 -0.415597 -0.409136 0.00142785
1310 -0.428117 -0.40915 0.00142684
1311 -0.324765 -0.409086 0.0014272
1312 -0.41292 -0.409089 0.00142611
1313 -0.404506 -0.409085 0.00142503
1314 -0.430485 -0.409102 0.00142404
1315 -0.435519 -0.409122 0.0014231
1316 -0.39902 -0.409114 0.00142204
1317 -0.451588 -0.409146 0.00142133
1318 -0.412821 -0.409149 0.00142025
1319 -0.420853 -0.409158 0.0014192
1320 -0.455401 -0.409193 0.00141856
1321 -0.435837 -0.409213 0.00141763
1322 -0.405549 -0.40921 0.00141656
1323 -0.408297 -0.40921 0.00141549
1324 -0.391024 -0.409196 0.00141448
1325 -0.416786 -0.409202 0.00141343
1326 -0.425315 -0.409214 0.00141241
1327 -0.386496 -0.409197 0.00141145
1328 -0.385839 -0.409179 0.0014105
1329 -0.391761 -0.409166 0.0014095
1330 -0.47984 -0.409219 0.00140944
1331 -0.465061 -0.409261 0.00140901
1332 -0.471385 -0.409308 0.00140872
1333 -0.45097 -0.409339 0.00140801
1334 -0.338466 -0.409286 0.00140796
1335 -0.330289 -0.409227 0.00140815
1336 -0.429718 -0.409242 0.00140718
1337 -0.419067 -0.409249 0.00140614
1338 -0.419038 -0.409257 0.00140511
1339 -0.431665 -0.409274 0.00140416
1340 -0.36856 -0.409243 0.00140344
1341 -0.395636 -0.409233 0.00140243
1342 -0.439545 -0.409256 0.00140157
1343 -0.459094 -0.409293 0.00140102
1344 -0.425218 -0.409305 0.00140002
1345 -0.465825 -0.409347 0.00139961
1346 -0.412866 -0.409349 0.00139858
1347 -0.421614 -0.409358 0.00139757
1348 -0.399299 -0.409351 0.00139655
1349 -0.360744 -0.409315 0.00139598
1350 -0.346231 -0.409268 0.00139573
1351 -0.365741 -0.409236 0.00139507
1352 -0.354934 -0.409196 0.00139461
1353 -0.35476 -0.409155 0.00139416
1354 -0.436448 -0.409176 0.00139328
1355 -0.414621 -0.40918 0.00139226
1356 -0.355264 -0.40914 0.0013918
1357 -0.440841 -0.409163 0.00139097
1358 -0.408624 -0.409163 0.00138994
1359 -0.40517 -0.40916 0.00138892
1360 -0.428113 -0.409174 0.00138797
1361 -0.393049 -0.409162 0.001387
1362 -0.421071 -0.409171 0.00138601
1363 -0.460907 -0.409209 0.00138551
1364 -0.493635 -0.409271 0.00138588
1365 -0.349121 -0.409226 0.00138557
1366 -0.367985 -0.409196 0.00138488
1367 -0.373455 -0.40917 0.00138411
1368 -0.381087 -0.40915 0.00138325
1369 -0.376236 -0.409126 0.00138245
1370 -0.416279 -0.409131 0.00138145
1371 -0.469181 -0.409175 0.00138114
1372 -0.354274 -0.409135 0.00138071
1373 -0.403693 -0.409131 0.00137971
1374 -0.381643 -0.409111 0.00137885
1375 -0.348973 -0.409067 0.00137854
1376 -0.291597 -0.408982 0.00138018
1377 -0.374827 -0.408957 0.0013794
1378 -0.382308 -0.408937 0.00137854
1379 -0.361987 -0.408903 0.00137796
1380 -0.376225 -0.40888 0.00137716
1381 -0.360184 -0.408844 0.00137662
1382 -0.440221 -0.408867 0.00137581
1383 -0.423548 -0.408878 0.00137486
1384 -0.401399 -0.408872 0.00137387
1385 -0.408689 -0.408872 0.00137288
1386 -0.439665 -0.408894 0.00137207
1387 -0.477829 -0.408944 0.00137198
1388 -0.457125 -0.408979 0.00137143
1389 -0.488324 -0.409036 0.00137163
1390 -0.491456 -0.409095 0.00137193
1391 -0.464667 -0.409135 0.00137152
1392 -0.496983 -0.409198 0.00137199
1393 -0.458892 -0.409234 0.00137147
1394 -0.520011 -0.409313 0.00137278
1395 -0.473051 -0.409359 0.00137256
1396 -0.448693 -0.409387 0.00137187
1397 -0.365997 -0.409356 0.00137124
1398 -0.405665 -0.409354 0.00137026
1399 -0.463176 -0.409392 0.00136982
1400 -0.468129 -0.409434 0.00136948
1401 -0.480477 -0.409485 0.00136944
1402 -0.49102 -0.409543 0.0013697
1403 -0.419216 -0.40955 0.00136874
1404 -0.376059 -0.409526 0.00136797
1405 -0.351358 -0.409485 0.00136763
1406 -0.355743 -0.409446 0.00136719
1407 -0.391271 -0.409433 0.00136628
1408 -0.37238 -0.409407 0.00136556
1409 -0.382345 -0.409388 0.00136473
1410 -0.35828 -0.409352 0.00136424
1411 -0.365171 -0.40932 0.00136363
1412 -0.324159 -0.40926 0.001364
1413 -0.343022 -0.409213 0.00136384
1414 -0.325178 -0.409154 0.00136417
1415 -0.351282 -0.409113 0.00136382
1416 -0.437442 -0.409133 0.001363
1417 -0.460482 -0.409169 0.00136252
1418 -0.427235 -0.409182 0.00136162
1419 -0.478508 -0.409231 0.00136154
1420 -0.378743 -0.409209 0.00136075
1421 -0.429989 -0.409224 0.00135987
1422 -0.422893 -0.409233 0.00135895
1423 -0.459566 -0.409269 0.00135845
1424 -0.45648 -0.409302 0.0013579
1425 -0.435929 -0.409321 0.00135708
1426 -0.425667 -0.409332 0.00135617
1427 -0.463961 -0.40937 0.00135576
1428 -0.444576 -0.409395 0.00135504
1429 -0.5145 -0.409469 0.00135609
1430 -0.497703 -0.40953 0.00135654
1431 -0.452384 -0.40956 0.00135592
1432 -0.410169 -0.409561 0.00135498
1433 -0.442689 -0.409584 0.00135423
1434 -0.501994 -0.409648 0.00135482
1435 -0.492965 -0.409706 0.00135512
1436 -0.42605 -0.409718 0.00135422
1437 -0.482557 -0.409768 0.00135423
1438 -0.46686 -0.409808 0.00135387
1439 -0.516972 -0.409882 0.00135497
1440 -0.548823 -0.409979 0.00135746
1441 -0.476579 -0.410025 0.00135731
1442 -0.392238 -0.410013 0.00135642
1443 -0.437932 -0.410032 0.00135562
1444 -0.425528 -0.410043 0.00135472
1445 -0.432041 -0.410058 0.00135387
1446 -0.403628 -0.410054 0.00135294
1447 -0.408273 -0.410052 0.00135201
1448 -0.408725 -0.410052 0.00135107
1449 -0.417837 -0.410057 0.00135015
1450 -0.416989 -0.410062 0.00134923
1451 -0.4106 -0.410062 0.0013483
1452 -0.454142 -0.410092 0.00134771
1453 -0.405497 -0.410089 0.00134679
1454 -0.336966 -0.410039 0.0013468
1455 -0.33525 -0.409988 0.00134686
1456 -0.35786 -0.409952 0.00134641
1457 -0.368465 -0.409923 0.00134578
1458 -0.399658 -0.409916 0.00134488
1459 -0.406492 -0.409914 0.00134396
1460 -0.350242 -0.409873 0.00134366
1461 -0.308868 -0.409804 0.00134452
1462 -0.346797 -0.409761 0.00134429
1463 -0.399352 -0.409754 0.00134339
1464 -0.320129 -0.409692 0.00134386
1465 -0.415955 -0.409697 0.00134295
1466 -0.385589 -0.40968 0.00134214
1467 -0.408327 -0.409679 0.00134122
1468 -0.400622 -0.409673 0.00134032
1469 -0.4329 -0.409689 0.00133951
1470 -0.472563 -0.409732 0.00133928
1471 -0.428592 -0.409745 0.00133843
1472 -0.400849 -0.409739 0.00133753
1473 -0.327941 -0.409683 0.00133778
1474 -0.371168 -0.409657 0.00133712
1475 -0.342963 -0.409612 0.00133698
1476 -0.349754 -0.409571 0.00133669
1477 -0.388644 -0.409557 0.00133586
1478 -0.464516 -0.409594 0.00133547
1479 -0.472042 -0.409636 0.00133524
1480 -0.369774 -0.409609 0.00133461
1481 -0.406842 -0.409608 0.00133371
1482 -0.38406 -0.40959 0.00133292
1483 -0.382806 -0.409572 0.00133214
1484 -0.374314 -0.409549 0.00133146
1485 -0.380931 -0.409529 0.0013307
1486 -0.387074 -0.409514 0.00132989
1487 -0.334252 -0.409464 0.00132996
1488 -0.364253 -0.409433 0.00132941
1489 -0.337425 -0.409385 0.0013294
1490 -0.449944 -0.409412 0.00132879
1491 -0.412238 -0.409414 0.0013279
1492 -0.331009 -0.409361 0.00132805
1493 -0.360187 -0.409328 0.00132756
1494 -0.415002 -0.409332 0.00132668
1495 -0.466612 -0.409371 0.00132635
1496 -0.463512 -0.409407 0.00132595
1497 -0.466291 -0.409445 0.00132561
1498 -0.401956 -0.40944 0.00132474
1499 -0.374554 -0.409416 0.00132406
1500 -0.327668 -0.409362 0.0013243
1501 -0.341363 -0.409317 0.00132419
1502 -0.390352 -0.409304 0.00132337
1503 -0.369171 -0.409277 0.00132276
1504 -0.362287 -0.409246 0.00132225
1505 -0.364318 -0.409216 0.0013217
1506 -0.382468 -0.409198 0.00132095
1507 -0.362755 -0.409168 0.00132043
1508 -0.356371 -0.409133 0.00132002
1509 -0.331781 -0.409081 0.00132014
1510 -0.343136 -0.409038 0.00131998
1511 -0.332836 -0.408987 0.00132007
1512 -0.367003 -0.408959 0.00131949
1513 -0.397608 -0.408952 0.00131864
1514 -0.35601 -0.408917 0.00131824
1515 -0.283364 -0.408834 0.00131997
1516 -0.340162 -0.408789 0.00131987
1517 -0.400904 -0.408784 0.00131901
1518 -0.417173 -0.408789 0.00131816
1519 -0.396974 -0.408781 0.00131731
1520 -0.433642 -0.408798 0.00131655
1521 -0.474047 -0.408841 0.00131638
1522 -0.4342 -0.408857 0.00131562
1523 -0.460047 -0.408891 0.00131519
1524 -0.422751 -0.4089 0.00131435
1525 -0.423974 -0.40891 0.00131353
1526 -0.41232 -0.408912 0.00131267
1527 -0.463421 -0.408948 0.0013123
1528 -0.443805 -0.408971 0.00131164
1529 -0.423939 -0.40898 0.00131081
1530 -0.44371 -0.409003 0.00131015
1531 -0.470082 -0.409043 0.00130991
1532 -0.448624 -0.409069 0.00130931
1533 -0.447732 -0.409094 0.00130869
1534 -0.400175 -0.409088 0.00130785
1535 -0.484657 -0.409138 0.00130793
1536 -0.455645 -0.409168 0.00130743
1537 -0.457964 -0.4092 0.00130696
1538 -0.419372 -0.409206 0.00130613
1539 -0.402593 -0.409202 0.00130529
1540 -0.403809 -0.409198 0.00130444
1541 -0.396414 -0.40919 0.00130362
1542 -0.432775 -0.409205 0.00130287
1543 -0.382706 -0.409188 0.00130214
1544 -0.388429 -0.409175 0.00130136
1545 -0.359697 -0.409143 0.00130092
1546 -0.369683 -0.409117 0.00130032
1547 -0.391712 -0.409106 0.00129953
1548 -0.424971 -0.409116 0.00129873
1549 -0.360908 -0.409085 0.00129827
1550 -0.359423 -0.409053 0.00129783
1551 -0.385572 -0.409038 0.00129708
1552 -0.355433 -0.409003 0.0012967
1553 -0.441773 -0.409024 0.00129604
1554 -0.435007 -0.409041 0.00129531
1555 -0.449762 -0.409067 0.00129474
1556 -0.417821 -0.409073 0.00129392
1557 -0.445378 -0.409096 0.0012933
1558 -0.474135 -0.409138 0.00129315
1559 -0.476185 -0.409181 0.00129303
1560 -0.488239 -0.409232 0.00129319
1561 -0.477288 -0.409275 0.0012931
1562 -0.485869 -0.409324 0.0012932
1563 -0.504467 -0.409385 0.00129381
1564 -0.566136 -0.409485 0.00129686
1565 -0.462491 -0.409519 0.00129647
1566 -0.424015 -0.409529 0.00129567
1567 -0.504517 -0.409589 0.00129627
1568 -0.483541 -0.409636 0.0012963
1569 -0.474722 -0.409678 0.00129613
1570 -0.463755 -0.409712 0.00129577
1571 -0.491128 -0.409764 0.00129598
1572 -0.430444 -0.409777 0.00129522
1573 -0.401178 -0.409772 0.00129441
1574 -0.493035 -0.409825 0.00129467
1575 -0.443107 -0.409846 0.00129402
1576 -0.516092 -0.409913 0.00129495
1577 -0.486608 -0.409962 0.00129504
1578 -0.400062 -0.409956 0.00129424
1579 -0.441419 -0.409976 0.00129357
1580 -0.461216 -0.410008 0.00129316
1581 -0.419944 -0.410014 0.00129235
1582 -0.410603 -0.410015 0.00129154
1583 -0.385123 -0.409999 0.00129082
1584 -0.35502 -0.409964 0.00129047
1585 -0.365517 -0.409936 0.00128996
1586 -0.40801 -0.409935 0.00128915
1587 -0.360973 -0.409904 0.0012887
1588 -0.45797 -0.409934 0.00128825
1589 -0.408238 -0.409933 0.00128744
1590 -0.373759 -0.409911 0.00128683
1591 -0.35487 -0.409876 0.00128648
1592 -0.315689 -0.409817 0.00128704
1593 -0.383203 -0.4098 0.00128634
1594 -0.38197 -0.409783 0.00128565
1595 -0.416872 -0.409787 0.00128485
1596 -0.406987 -0.409785 0.00128405
1597 -0.473903 -0.409825 0.00128387
1598 -0.442375 -0.409846 0.00128323
1599 -0.422581 -0.409854 0.00128245
1600 -0.37536 -0.409832 0.00128183
1601 -0.337274 -0.409787 0.00128183
1602 -0.396069 -0.409778 0.00128106
1603 -0.450813 -0.409804 0.00128051
1604 -0.432421 -0.409818 0.00127979
1605 -0.408973 -0.409818 0.001279
1606 -0.421676 -0.409825 0.00127822
1607 -0.405565 -0.409822 0.00127743
1608 -0.447266 -0.409846 0.00127685
1609 -0.384876 -0.40983 0.00127615
1610 -0.460752 -0.409862 0.00127575
1611 -0.428211 -0.409873 0.00127501
1612 -0.362432 -0.409844 0.00127455
1613 -0.339677 -0.4098 0.00127451
1614 -0.388904 -0.409787 0.00127378
1615 -0.414587 -0.40979 0.001273
1616 -0.379765 -0.409772 0.00127235
1617 -0.347537 -0.409733 0.00127214
1618 -0.357941 -0.409701 0.00127176
1619 -0.406822 -0.409699 0.00127097
1620 -0.407029 -0.409698 0.00127019
1621 -0.405276 -0.409695 0.00126941
1622 -0.44294 -0.409715 0.00126879
1623 -0.414562 -0.409718 0.00126801
1624 -0.360207 -0.409688 0.0012676
1625 -0.353413 -0.409653 0.00126729
1626 -0.375034 -0.409632 0.00126669
1627 -0.359845 -0.409601 0.00126628
1628 -0.395724 -0.409593 0.00126553
1629 -0.49354 -0.409644 0.0012658
1630 -0.449699 -0.409669 0.00126527
1631 -0.45884 -0.409699 0.00126485
1632 -0.386218 -0.409685 0.00126416
1633 -0.444642 -0.409706 0.00126356
1634 -0.436309 -0.409722 0.0012629
1635 -0.355096 -0.409689 0.00126256
1636 -0.403965 -0.409685 0.0012618
1637 -0.372085 -0.409663 0.00126124
1638 -0.317524 -0.409606 0.00126172
1639 -0.4156 -0.40961 0.00126096
1640 -0.344959 -0.40957 0.0012608
1641 -0.46934 -0.409607 0.00126056
1642 -0.374418 -0.409585 0.00125997
1643 -0.368388 -0.40956 0.00125946
1644 -0.358136 -0.409529 0.00125908
1645 -0.338984 -0.409486 0.00125904
1646 -0.387235 -0.409473 0.00125835
1647 -0.457557 -0.409502 0.00125793
1648 -0.482674 -0.409546 0.00125795
1649 -0.370274 -0.409523 0.00125741
1650 -0.439469 -0.409541 0.00125678
1651 -0.462379 -0.409573 0.00125642
1652 -0.398897 -0.409566 0.00125568
1653 -0.384741 -0.409551 0.00125501
1654 -0.358758 -0.40952 0.00125463
1655 -0.367751 -0.409495 0.00125412
1656 -0.348059 -0.409458 0.00125391
1657 -0.400515 -0.409453 0.00125317
1658 -0.358146 -0.409422 0.0012528
1659 -0.459934 -0.409452 0.00125241
1660 -0.365031 -0.409425 0.00125194
1661 -0.394538 -0.409417 0.00125122
1662 -0.373543 -0.409395 0.00125065
1663 -0.445488 -0.409417 0.00125009
1664 -0.37498 -0.409396 0.00124951
1665 -0.332339 -0.40935 0.00124962
1666 -0.36009 -0.40932 0.00124922
1667 -0.337458 -0.409277 0.00124921
1668 -0.372917 -0.409255 0.00124865
1669 -0.407156 -0.409254 0.0012479
1670 -0.41685 -0.409258 0.00124716
1671 -0.394104 -0.409249 0.00124645
1672 -0.381433 -0.409233 0.00124582
1673 -0.354442 -0.4092 0.0012455
1674 -0.372253 -0.409178 0.00124495
1675 -0.357462 -0.409147 0.00124459
1676 -0.391929 -0.409137 0.00124389
1677 -0.357005 -0.409106 0.00124354
1678 -0.474943 -0.409145 0.00124342
1679 -0.414922 -0.409148 0.00124268
1680 -0.41627 -0.409153 0.00124195
1681 -0.464554 -0.409186 0.00124165
1682 -0.500505 -0.40924 0.0012421
1683 -0.480601 -0.409282 0.00124208
1684 -0.42622 -0.409292 0.00124138
1685 -0.435112 -0.409308 0.00124074
1686 -0.406801 -0.409306 0.00124001
1687 -0.464815 -0.409339 0.00123971
1688 -0.464283 -0.409372 0.0012394
1689 -0.43791 -0.409389 0.00123878
1690 -0.423984 -0.409397 0.00123808
1691 -0.50435 -0.409453 0.00123862
1692 -0.547716 -0.409535 0.00124058
1693 -0.498657 -0.409588 0.00124097
1694 -0.425763 -0.409597 0.00124027
1695 -0.403315 -0.409594 0.00123954
1696 -0.435761 -0.409609 0.00123891
1697 -0.390434 -0.409598 0.00123823
1698 -0.346495 -0.40956 0.00123806
1699 -0.391763 -0.40955 0.00123737
1700 -0.353244 -0.409517 0.00123709
1701 -0.469415 -0.409552 0.00123686
1702 -0.473458 -0.40959 0.00123671
1703 -0.477445 -0.409629 0.00123662
1704 -0.425364 -0.409639 0.00123593
1705 -0.410513 -0.409639 0.00123521
1706 -0.35725 -0.409609 0.00123486
1707 -0.395193 -0.4096 0.00123417
1708 -0.418025 -0.409605 0.00123346
1709 -0.365423 -0.409579 0.001233
1710 -0.357603 -0.409549 0.00123266
1711 -0.422934 -0.409557 0.00123196
1712 -0.354965 -0.409525 0.00123166
1713 -0.406679 -0.409523 0.00123094
1714 -0.3784 -0.409505 0.00123035
1715 -0.408384 -0.409504 0.00122964
1716 -0.398729 -0.409498 0.00122894
1717 -0.432094 -0.409511 0.00122829
1718 -0.393666 -0.409502 0.00122761
1719 -0.404332 -0.409499 0.0012269
1720 -0.45925 -0.409528 0.00122653
1721 -0.41244 -0.409529 0.00122582
1722 -0.394375 -0.409521 0.00122514
1723 -0.37809 -0.409502 0.00122456
1724 -0.367381 -0.409478 0.00122409
1725 -0.343249 -0.40944 0.00122399
1726 -0.312133 -0.409383 0.00122457
1727 -0.337512 -0.409342 0.00122457
1728 -0.399851 -0.409336 0.00122388
1729 -0.450005 -0.40936 0.00122339
1730 -0.409123 -0.40936 0.00122269
1731 -0.481818 -0.409401 0.0012227
1732 -0.42194 -0.409409 0.00122201
1733 -0.455825 -0.409435 0.0012216
1734 -0.428455 -0.409446 0.00122095
1735 -0.396456 -0.409439 0.00122027
1736 -0.383555 -0.409424 0.00121965
1737 -0.443892 -0.409444 0.00121911
1738 -0.387586 -0.409431 0.00121848
1739 -0.373214 -0.40941 0.00121795
1740 -0.366504 -0.409386 0.0012175
1741 -0.406356 -0.409384 0.0012168
1742 -0.491255 -0.409431 0.00121701
1743 -0.443771 -0.409451 0.00121647
1744 -0.346237 -0.409414 0.00121632
1745 -0.381586 -0.409399 0.00121572
1746 -0.36802 -0.409375 0.00121526
1747 -0.394565 -0.409366 0.00121459
1748 -0.379547 -0.409349 0.00121402
1749 -0.413109 -0.409351 0.00121333
1750 -0.35676 -0.409321 0.001213
1751 -0.389431 -0.40931 0.00121237
1752 -0.438346 -0.409327 0.00121179
1753 -0.500265 -0.409378 0.00121221
1754 -0.42621 -0.409388 0.00121155
1755 -0.48855 -0.409433 0.0012117
1756 -0.503647 -0.409487 0.0012122
1757 -0.510154 -0.409544 0.00121286
1758 -0.464497 -0.409575 0.00121257
1759 -0.51186 -0.409634 0.00121328
1760 -0.480962 -0.409674 0.00121327
1761 -0.453048 -0.409699 0.00121283
1762 -0.394936 -0.40969 0.00121217
1763 -0.38747 -0.409678 0.00121155
1764 -0.441638 -0.409696 0.00121099
1765 -0.37324 -0.409675 0.00121048
1766 -0.368088 -0.409652 0.00121003
1767 -0.410806 -0.409652 0.00120934
1768 -0.422203 -0.409659 0.00120868
1769 -0.478569 -0.409698 0.00120862
1770 -0.440266 -0.409716 0.00120806
1771 -0.407727 -0.409714 0.00120738
1772 -0.346691 -0.409679 0.00120723
1773 -0.374253 -0.409659 0.00120671
1774 -0.359909 -0.409631 0.00120636
1775 -0.328338 -0.409585 0.00120655
1776 -0.318297 -0.409534 0.00120696
1777 -0.424922 -0.409542 0.00120631
1778 -0.434374 -0.409556 0.00120571
1779 -0.472944 -0.409592 0.00120556
1780 -0.42711 -0.409602 0.00120493
1781 -0.411145 -0.409603 0.00120425
1782 -0.398979 -0.409597 0.00120359
1783 -0.416254 -0.4096 0.00120292
1784 -0.406375 -0.409599 0.00120225
1785 -0.374058 -0.409579 0.00120174
1786 -0.374437 -0.409559 0.00120123
1787 -0.362035 -0.409532 0.00120085
1788 -0.370089 -0.40951 0.00120038
1789 -0.411815 -0.409512 0.00119971
1790 -0.434732 -0.409526 0.00119912
1791 -0.450159 -0.409548 0.00119867
1792 -0.445211 -0.409568 0.00119816
1793 -0.399382 -0.409563 0.00119751
1794 -0.402146 -0.409559 0.00119685
1795 -0.375876 -0.40954 0.00119633
1796 -0.373798 -0.40952 0.00119583
1797 -0.380104 -0.409503 0.00119527
1798 -0.346926 -0.409469 0.00119512
1799 -0.384361 -0.409455 0.00119453
1800 -0.407186 -0.409453 0.00119387
1801 -0.431123 -0.409466 0.00119327
1802 -0.403039 -0.409462 0.00119261
1803 -0.419782 -0.409468 0.00119196
1804 -0.386422 -0.409455 0.00119137
1805 -0.394681 -0.409447 0.00119074
1806 -0.357572 -0.409418 0.00119043
1807 -0.367464 -0.409395 0.00118999
1808 -0.425403 -0.409404 0.00118937
1809 -0.355711 -0.409374 0.00118908
1810 -0.387036 -0.409362 0.00118849
1811 -0.403717 -0.409358 0.00118784
1812 -0.395261 -0.409351 0.00118721
1813 -0.448768 -0.409372 0.00118675
1814 -0.45987 -0.4094 0.00118642
1815 -0.488036 -0.409444 0.00118656
1816 -0.550488 -0.409521 0.00118845
1817 -0.568627 -0.409609 0.00119101
1818 -0.476417 -0.409646 0.00119092
1819 -0.48842 -0.409689 0.00119106
1820 -0.462256 -0.409718 0.00119075
1821 -0.460713 -0.409746 0.00119043
1822 -0.468306 -0.409778 0.00119021
1823 -0.533963 -0.409846 0.0011915
1824 -0.525181 -0.409909 0.00119253
1825 -0.513431 -0.409966 0.00119322
1826 -0.510081 -0.410021 0.00119383
1827 -0.476051 -0.410057 0.00119372
1828 -0.472677 -0.410091 0.00119356
1829 -0.452205 -0.410114 0.00119313
1830 -0.428472 -0.410124 0.00119252
1831 -0.428946 -0.410135 0.00119191
1832 -0.44385 -0.410153 0.0011914
1833 -0.485696 -0.410194 0.00119147
1834 -0.527716 -0.410258 0.00119254
1835 -0.541974 -0.41033 0.00119405
1836 -0.463744 -0.410359 0.00119375
1837 -0.426227 -0.410368 0.00119313
1838 -0.426699 -0.410377 0.00119252
1839 -0.501554 -0.410426 0.0011929
1840 -0.463827 -0.410455 0.0011926
1841 -0.569257 -0.410542 0.00119507
1842 -0.559017 -0.410622 0.00119714
1843 -0.593522 -0.410721 0.00120059
1844 -0.522137 -0.410782 0.00120146
1845 -0.517545 -0.41084 0.0012022
1846 -0.475924 -0.410875 0.00120207
1847 -0.536314 -0.410943 0.00120333
1848 -0.505559 -0.410994 0.00120377
1849 -0.447515 -0.411014 0.00120328
1850 -0.437448 -0.411028 0.00120272
1851 -0.48915 -0.41107 0.00120281
1852 -0.449943 -0.411091 0.00120234
1853 -0.52092 -0.411151 0.00120315
1854 -0.476243 -0.411186 0.00120302
1855 -0.414295 -0.411187 0.00120237
1856 -0.421148 -0.411193 0.00120173
1857 -0.42458 -0.4112 0.00120111
1858 -0.441294 -0.411216 0.00120057
1859 -0.435453 -0.411229 0.0012
1860 -0.503703 -0.411279 0.00120038
1861 -0.517699 -0.411336 0.0012011
1862 -0.549879 -0.41141 0.00120275
1863 -0.491237 -0.411453 0.00120287
1864 -0.485098 -0.411493 0.00120287
1865 -0.48913 -0.411534 0.00120295
1866 -0.434315 -0.411547 0.00120237
1867 -0.427941 -0.411555 0.00120175
1868 -0.431032 -0.411566 0.00120116
1869 -0.396902 -0.411558 0.00120054
1870 -0.430025 -0.411568 0.00119994
1871 -0.447606 -0.411587 0.00119945
1872 -0.446182 -0.411606 0.00119895
1873 -0.425215 -0.411613 0.00119833
1874 -0.433859 -0.411625 0.00119775
1875 -0.355152 -0.411595 0.00119749
1876 -0.349618 -0.411562 0.00119731
1877 -0.394313 -0.411552 0.00119671
1878 -0.376863 -0.411534 0.00119621
1879 -0.387824 -0.411521 0.00119564
1880 -0.306205 -0.411465 0.00119632
1881 -0.333912 -0.411424 0.00119639
1882 -0.381748 -0.411408 0.00119586
1883 -0.382133 -0.411393 0.00119533
1884 -0.360467 -0.411366 0.001195
1885 -0.39389 -0.411356 0.0011944
1886 -0.450231 -0.411377 0.00119395
1887 -0.416811 -0.41138 0.00119332
1888 -0.391906 -0.41137 0.00119273
1889 -0.422511 -0.411376 0.00119211
1890 -0.396366 -0.411368 0.00119151
1891 -0.440028 -0.411383 0.00119097
1892 -0.519708 -0.41144 0.00119172
1893 -0.407129 -0.411438 0.00119109
1894 -0.363554 -0.411412 0.00119073
1895 -0.436607 -0.411426 0.00119018
1896 -0.42047 -0.41143 0.00118956
1897 -0.416486 -0.411433 0.00118894
1898 -0.415312 -0.411435 0.00118831
1899 -0.354812 -0.411405 0.00118806
1900 -0.420321 -0.41141 0.00118744
1901 -0.416486 -0.411413 0.00118682
1902 -0.442924 -0.411429 0.00118631
1903 -0.390426 -0.411418 0.00118574
1904 -0.359788 -0.411391 0.00118543
1905 -0.395395 -0.411383 0.00118484
1906 -0.380405 -0.411366 0.00118433
1907 -0.339076 -0.411329 0.00118431
1908 -0.329772 -0.411286 0.00118446
1909 -0.342977 -0.41125 0.00118438
1910 -0.39302 -0.411241 0.0011838
1911 -0.379279 -0.411224 0.0011833
1912 -0.423373 -0.41123 0.0011827
1913 -0.422132 -0.411236 0.00118209
1914 -0.319654 -0.411188 0.00118244
1915 -0.399674 -0.411182 0.00118184
1916 -0.393538 -0.411173 0.00118126
1917 -0.451711 -0.411194 0.00118083
1918 -0.488629 -0.411234 0.00118091
1919 -0.425699 -0.411242 0.00118032
1920 -0.403818 -0.411238 0.00117971
1921 -0.410167 -0.411237 0.00117909
1922 -0.448465 -0.411257 0.00117864
1923 -0.475371 -0.41129 0.0011785
1924 -0.433825 -0.411302 0.00117794
1925 -0.388567 -0.41129 0.00117739
1926 -0.39406 -0.411281 0.00117681
1927 -0.457114 -0.411305 0.00117644
1928 -0.401317 -0.4113 0.00117584
1929 -0.407527 -0.411298 0.00117524
1930 -0.27961 -0.411229 0.00117661
1931 -0.347784 -0.411197 0.00117646
1932 -0.341006 -0.41116 0.00117641
1933 -0.38386 -0.411146 0.00117588
1934 -0.454246 -0.411168 0.00117549
1935 -0.399101 -0.411162 0.0011749
1936 -0.355066 -0.411133 0.00117465
1937 -0.35626 -0.411105 0.00117438
1938 -0.343302 -0.41107 0.0011743
1939 -0.377838 -0.411053 0.00117382
1940 -0.358933 -0.411026 0.00117352
1941 -0.396215 -0.411018 0.00117294
1942 -0.397996 -0.411012 0.00117235
1943 -0.453437 -0.411033 0.00117195
1944 -0.458236 -0.411058 0.0011716
1945 -0.48454 -0.411095 0.00117161
1946 -0.44113 -0.411111 0.00117111
1947 -0.424893 -0.411118 0.00117053
1948 -0.422495 -0.411124 0.00116994
1949 -0.377379 -0.411107 0.00116947
1950 -0.362485 -0.411082 0.00116914
1951 -0.421882 -0.411087 0.00116855
1952 -0.431326 -0.411098 0.001168
1953 -0.444392 -0.411115 0.00116752
1954 -0.40818 -0.411113 0.00116693
1955 -0.536784 -0.411177 0.0011681
1956 -0.514889 -0.41123 0.0011687
1957 -0.538422 -0.411295 0.00116991
1958 -0.521991 -0.411352 0.00117068
1959 -0.529223 -0.411412 0.00117163
1960 -0.540368 -0.411478 0.00117288
1961 -0.51457 -0.41153 0.00117346
1962 -0.521749 -0.411587 0.0011742
1963 -0.479679 -0.411621 0.00117412
1964 -0.501782 -0.411667 0.00117442
1965 -0.445214 -0.411684 0.00117394
1966 -0.440403 -0.411699 0.00117344
1967 -0.484575 -0.411736 0.00117342
1968 -0.503992 -0.411783 0.00117376
1969 -0.549275 -0.411853 0.00117524
1970 -0.535173 -0.411915 0.00117631
1971 -0.529945 -0.411975 0.00117724
1972 -0.516988 -0.412028 0.00117785
1973 -0.458804 -0.412052 0.00117749
1974 -0.479042 -0.412086 0.00117738
1975 -0.49424 -0.412128 0.00117752
1976 -0.521335 -0.412183 0.00117822
1977 -0.483477 -0.412219 0.00117817
1978 -0.48424 -0.412255 0.00117814
1979 -0.477964 -0.412289 0.00117801
1980 -0.551898 -0.412359 0.00117953
1981 -0.534692 -0.412421 0.00118055
1982 -0.427122 -0.412428 0.00117997
1983 -0.427768 -0.412436 0.0011794
1984 -0.419636 -0.41244 0.00117882
1985 -0.403193 -0.412435 0.00117823
1986 -0.429782 -0.412444 0.00117767
1987 -0.408464 -0.412442 0.00117708
1988 -0.389976 -0.41243 0.00117654
1989 -0.433224 -0.412441 0.001176
1990 -0.404912 -0.412437 0.00117541
1991 -0.371688 -0.412417 0.001175
1992 -0.466899 -0.412444 0.00117473
1993 -0.465318 -0.41247 0.00117444
1994 -0.42778 -0.412478 0.00117387
1995 -0.391072 -0.412467 0.00117333
1996 -0.366618 -0.412444 0.00117297
1997 -0.436908 -0.412457 0.00117245
1998 -0.41644 -0.412459 0.00117186
1999 -0.407566 -0.412456 0.00117128
2000 -0.43303 -0.412467 0.00117074
