1 -0.416969 -0.416969 0
2 -0.413289 -0.415129 0.00130107
3 -0.413977 -0.414745 0.000922358
4 -0.415575 -0.414953 0.000714728
5 -0.416315 -0.415225 0.000621516
6 -0.416256 -0.415397 0.000541169
7 -0.409827 -0.414601 0.000870537
8 -0.411517 -0.414216 0.000842791
9 -0.412385 -0.414012 0.000773305
10 -0.414748 -0.414086 0.00069947
11 -0.412849 -0.413973 0.000644863
12 -0.420139 -0.414487 0.000769032
13 -0.41379 -0.414434 0.000711745
14 -0.414979 -0.414472 0.000661973
15 -0.412766 -0.414359 0.000627541
16 -0.41604 -0.414464 0.000597057
17 -0.414255 -0.414452 0.000562063
18 -0.411945 -0.414312 0.000547814
19 -0.411321 -0.414155 0.00054113
20 -0.415483 -0.414221 0.000518133
21 -0.421066 -0.414547 0.000587087
22 -0.413477 -0.414499 0.000562412
23 -0.413874 -0.414471 0.000538614
24 -0.410707 -0.414315 0.00053853
25 -0.414523 -0.414323 0.000517053
26 -0.41563 -0.414373 0.000499603
27 -0.424142 -0.414735 0.000597915
28 -0.417618 -0.414838 0.000585357
29 -0.416116 -0.414882 0.000566829
30 -0.413089 -0.414822 0.000551077
31 -0.411896 -0.414728 0.000541326
32 -0.414982 -0.414736 0.000524468
33 -0.409359 -0.414573 0.000533287
34 -0.414504 -0.414571 0.000517606
35 -0.416021 -0.414612 0.000504474
36 -0.416165 -0.414655 0.000492302
37 -0.416328 -0.414701 0.000481067
38 -0.41061 -0.414593 0.000480302
39 -0.414433 -0.414589 0.000468004
40 -0.415152 -0.414603 0.000456515
