1 -7.56362 -7.56362 0
2 -7.55169 -7.55766 0.00421695
3 -7.54899 -7.55477 0.00366903
4 -7.53884 -7.55079 0.00441251
5 -7.53971 -7.54857 0.00404807
6 -7.54369 -7.54776 0.00345418
7 -7.54588 -7.54749 0.00297117
8 -7.53642 -7.5461 0.00290411
9 -7.56652 -7.54837 0.00335212
10 -7.56139 -7.54967 0.00326001
11 -7.56072 -7.55068 0.00311456
12 -7.53653 -7.5495 0.00307005
13 -7.54964 -7.54951 0.00283391
14 -7.55078 -7.5496 0.00263293
15 -7.56293 -7.55049 0.00260298
16 -7.53075 -7.54926 0.00271699
17 -7.55652 -7.54968 0.00259059
18 -7.53572 -7.54891 0.00256018
19 -7.55383 -7.54917 0.00243853
20 -7.55173 -7.5493 0.00231996
21 -7.55901 -7.54976 0.00225513
22 -7.53758 -7.5492 0.00221951
23 -7.53563 -7.54861 0.00220006
24 -7.54042 -7.54827 0.00213471
25 -7.5313 -7.54759 0.00215463
26 -7.54621 -7.54754 0.00207242
27 -7.55325 -7.54775 0.00200642
28 -7.54841 -7.54778 0.0019349
29 -7.53426 -7.54731 0.00192352
30 -7.53215 -7.5468 0.00192462
31 -7.54227 -7.54666 0.00186808
32 -7.54313 -7.54655 0.00181296
33 -7.54918 -7.54663 0.00175977
34 -7.55125 -7.54676 0.00171325
35 -7.54842 -7.54681 0.00166496
36 -7.54608 -7.54679 0.00161883
37 -7.54342 -7.5467 0.00157764
38 -7.53393 -7.54636 0.00157152
39 -7.53693 -7.54612 0.00154973
40 -7.53798 -7.54592 0.00152429
41 -7.55646 -7.54617 0.00150865
42 -7.54629 -7.54618 0.00147273
43 -7.54866 -7.54624 0.00143961
44 -7.55994 -7.54655 0.0014402
45 -7.55915 -7.54683 0.00143517
46 -7.55817 -7.54707 0.00142499
47 -7.55445 -7.54723 0.0014033
48 -7.55137 -7.54732 0.0013767
49 -7.52642 -7.54689 0.0014131
50 -7.53306 -7.54661 0.00141167
