1 -5.48074 -5.48074 0
2 -5.46747 -5.47411 0.00469229
3 -5.4659 -5.47137 0.00384285
4 -5.44623 -5.46509 0.00616028
5 -5.42927 -5.45792 0.00808364
6 -5.47264 -5.46037 0.00709867
7 -5.43551 -5.45682 0.00691653
8 -5.44629 -5.4555 0.00617604
9 -5.43195 -5.45289 0.00601885
10 -5.47424 -5.45502 0.00578347
11 -5.47316 -5.45667 0.00548769
12 -5.49489 -5.45986 0.00588232
13 -5.44844 -5.45898 0.005495
14 -5.49227 -5.46136 0.00559354
15 -5.45587 -5.46099 0.0052326
16 -5.47191 -5.46167 0.00494989
17 -5.4445 -5.46066 0.00476073
18 -5.4579 -5.46051 0.00449872
19 -5.45151 -5.46004 0.0042868
20 -5.44388 -5.45923 0.00414786
21 -5.45391 -5.45898 0.00395807
22 -5.47141 -5.45954 0.00381829
23 -5.46945 -5.45997 0.00367648
24 -5.46725 -5.46027 0.00353578
25 -5.45384 -5.46002 0.00340369
26 -5.43896 -5.45921 0.00336776
27 -5.45482 -5.45904 0.00324695
28 -5.48132 -5.45984 0.00322698
29 -5.47807 -5.46047 0.00317635
30 -5.48058 -5.46114 0.00314044
31 -5.46101 -5.46113 0.00303914
32 -5.48646 -5.46193 0.00304548
33 -5.44032 -5.46127 0.00302272
34 -5.46221 -5.4613 0.00293395
35 -5.44698 -5.46089 0.0028785
36 -5.48622 -5.46159 0.00288325
37 -5.47345 -5.46191 0.00282307
38 -5.44462 -5.46146 0.00278524
39 -5.4395 -5.4609 0.00277015
40 -5.44868 -5.46059 0.00271768
41 -5.45081 -5.46035 0.00266185
42 -5.47811 -5.46077 0.00263184
43 -5.48219 -5.46127 0.00261732
44 -5.47293 -5.46154 0.0025712
45 -5.48393 -5.46204 0.00256174
46 -5.45678 -5.46192 0.0025086
47 -5.48505 -5.46241 0.00250303
48 -5.46223 -5.46241 0.00245089
49 -5.47157 -5.4626 0.00240799
50 -5.45911 -5.46253 0.00236085
