0 0 0
0.0128248 0 0
0.0256496 0 0
0.0384745 0 0
0.0512993 0 0
0.0641241 0 0
0.0769489 0 0
0.0897737 0 0
0.102599 0 0
0.115423 0 0
0.128248 0 0
0.141073 0 0
0.153898 0 0
0.166723 0 0
0.179547 0 0
0.192372 0 0
0.205197 0 0
0.218022 0 0
0.230847 0 0
0.243672 0 0
0.256496 0 0
0.269321 0 0
0.282146 0 0
0.294971 0 0
0.307796 0 0
0.32062 0 0
0.333445 0 0
0.34627 0 0
0.359095 0 0
0.37192 0 0
0.384745 0 0
0.397569 0 0
0.410394 0 0
0.423219 0 0
0.436044 0 0
0.448869 0 0
0.461694 0 0
0.474518 0 0
0.487343 0 0
0.500168 0 0
0.512993 0 0
0.525818 0 0
0.538642 0 0
0.551467 0 0
0.564292 0 0
0.577117 0 0
0.589942 0 0
0.602767 0 0
0.615591 0 0
0.628416 0 0
0.641241 0 0
0.654066 0 0
0.666891 0 0
0.679715 0 0
0.69254 0 0
0.705365 0 0
0.71819 0 0
0.731015 0 0
0.74384 0 0
0.756664 0 0
0.769489 0 0
0.782314 0 0
0.795139 0 0
0.807964 0 0
0.820788 0 0
0.833613 0 0
0.846438 0 0
0.859263 0 0
0.872088 0 0
0.884913 0 0
0.897737 0 0
0.910562 0.0004874 0.000153091
0.923387 0.00261612 0.000431168
0.936212 0.012518 0.000899043
0.949037 0.0492132 0.00196353
0.961861 0.141924 0.00368746
0.974686 0.319633 0.00521663
0.987511 0.601721 0.00646613
1.00034 0.97891 0.00966827
1.01316 1.407 0.0110862
1.02599 1.85747 0.0125805
1.03881 2.26807 0.0156985
1.05164 2.61397 0.0175968
1.06446 2.82503 0.0162078
1.07728 2.97784 0.0173723
1.09011 3.01608 0.0139678
1.10293 3.03131 0.0132221
1.11576 2.95212 0.0147594
1.12858 2.82104 0.0142126
1.14141 2.66143 0.0140245
1.15423 2.51284 0.0140686
1.16706 2.32014 0.0122783
1.17988 2.15876 0.0126117
1.19271 2.00971 0.0103975
1.20553 1.86058 0.0110766
1.21836 1.7109 0.0103904
1.23118 1.58532 0.0109654
1.24401 1.46235 0.00953777
1.25683 1.3627 0.00951217
1.26966 1.27546 0.00751588
1.28248 1.20071 0.00913458
1.29531 1.12355 0.00871015
1.30813 1.04848 0.00910304
1.32096 0.990177 0.0104117
1.33378 0.943531 0.0100518
1.34661 0.885586 0.00927153
1.35943 0.84736 0.0079327
1.37226 0.813487 0.00764835
1.38508 0.774919 0.00585321
1.39791 0.734392 0.00601365
1.41073 0.712867 0.005513
1.42355 0.691145 0.00663066
1.43638 0.677701 0.0062649
1.4492 0.655616 0.00591898
1.46203 0.633814 0.00649435
1.47485 0.628381 0.00635136
1.48768 0.61223 0.00617401
1.5005 0.603139 0.00587787
1.51333 0.596417 0.00631902
1.52615 0.586682 0.00599747
1.53898 0.585173 0.00499848
1.5518 0.586585 0.0058022
1.56463 0.587914 0.0056845
1.57745 0.587153 0.00588466
1.59028 0.603172 0.00563429
1.6031 0.600626 0.00554467
1.61593 0.602796 0.0058247
1.62875 0.613561 0.00569824
1.64158 0.61768 0.00632246
1.6544 0.630465 0.00563051
1.66723 0.640463 0.00539064
1.68005 0.658552 0.00542938
1.69288 0.673352 0.00602725
1.7057 0.69123 0.00637925
1.71853 0.709467 0.00624727
1.73135 0.732401 0.00661553
1.74418 0.748875 0.00457639
1.757 0.770536 0.00521355
1.76983 0.784434 0.00616257
1.78265 0.802733 0.00621059
1.79547 0.83943 0.00646222
1.8083 0.872254 0.00658718
1.82112 0.907574 0.00651219
1.83395 0.927985 0.00669486
1.84677 0.953443 0.0063112
1.8596 0.986372 0.00676722
1.87242 1.01978 0.00779908
1.88525 1.04634 0.00686315
1.89807 1.06796 0.00728448
1.9109 1.09074 0.00644848
1.92372 1.12227 0.0067182
1.93655 1.13498 0.00711165
1.94937 1.1556 0.00643438
1.9622 1.1758 0.00654487
1.97502 1.18523 0.00597088
1.98785 1.20616 0.0057084
2.00067 1.21697 0.00536994
2.0135 1.22571 0.00544105
2.02632 1.23885 0.0052843
2.03915 1.24557 0.00582754
2.05197 1.26288 0.00568108
2.0648 1.27458 0.00618369
2.07762 1.27732 0.00626202
2.09045 1.27611 0.00589765
2.10327 1.27981 0.00567552
2.1161 1.27567 0.00586064
2.12892 1.2696 0.00591871
2.14174 1.27018 0.00617037
2.15457 1.25832 0.00597033
2.16739 1.24607 0.00583805
2.18022 1.23488 0.00604553
2.19304 1.22303 0.00600628
2.20587 1.21377 0.00691109
2.21869 1.18799 0.00630496
2.23152 1.16626 0.00598037
2.24434 1.14392 0.0058022
2.25717 1.12922 0.00535016
2.26999 1.1021 0.00516623
2.28282 1.07641 0.00512306
2.29564 1.05469 0.0056048
2.30847 1.0317 0.00592612
2.32129 1.00938 0.00572441
2.33412 0.993428 0.00452395
2.34694 0.972409 0.00421458
2.35977 0.958365 0.00436124
2.37259 0.950331 0.00437968
2.38542 0.933875 0.00440056
2.39824 0.91632 0.005646
2.41107 0.903407 0.00513974
2.42389 0.888118 0.0048052
2.43672 0.877257 0.00442161
2.44954 0.870864 0.00495147
2.46237 0.86326 0.00509156
2.47519 0.855664 0.00518907
2.48802 0.844753 0.00514064
2.50084 0.842155 0.00500434
2.51366 0.840918 0.00481782
2.52649 0.833586 0.00451055
2.53931 0.834855 0.00448154
2.55214 0.828144 0.00476431
