0 0 0
0.0323165 0 0
0.064633 0 0
0.0969496 0 0
0.129266 0 0
0.161583 0 0
0.193899 0 0
0.226216 0 0
0.258532 0 0
0.290849 0 0
0.323165 0 0
0.355482 0 0
0.387798 0 0
0.420115 0 0
0.452431 0 0
0.484748 0 0
0.517064 0 0
0.549381 0 0
0.581697 0 0
0.614014 0 0
0.64633 0 0
0.678647 0 0
0.710963 0 0
0.74328 0 0
0.775596 0 0
0.807913 0 0
0.84023 0 0
0.872546 0.00597516 0.00139387
0.904863 0.0672293 0.0069225
0.937179 0.321911 0.0163636
0.969496 0.796651 0.0241991
1.00181 1.37802 0.0416674
1.03413 1.75617 0.0438404
1.06645 1.96879 0.0584074
1.09876 1.98616 0.0561084
1.13108 2.02408 0.0641687
1.16339 1.88986 0.0445514
1.19571 1.81018 0.04451
1.22803 1.69671 0.0485748
1.26034 1.64594 0.0435662
1.29266 1.58475 0.0382572
1.32498 1.52439 0.0308969
1.35729 1.41549 0.0354155
1.38961 1.34228 0.0315519
1.42193 1.3078 0.0324932
1.45424 1.26294 0.0273398
1.48656 1.23063 0.0227572
1.51888 1.1945 0.0258813
1.55119 1.18027 0.0292454
1.58351 1.18529 0.0307244
1.61583 1.13935 0.0273927
1.64814 1.10265 0.0266249
1.68046 1.09823 0.0261114
1.71278 1.1134 0.0259438
1.74509 1.08584 0.019687
1.77741 1.08842 0.0256864
1.80973 1.08448 0.0185196
1.84204 1.04703 0.0201046
1.87436 1.05206 0.0204719
1.90667 1.04454 0.0208733
1.93899 1.04702 0.0195462
1.97131 1.05972 0.0214459
2.00362 1.04044 0.0203785
2.03594 1.02344 0.0175507
2.06826 1.03809 0.0192774
2.10057 1.06599 0.0203516
2.13289 1.05993 0.0182827
2.16521 1.04496 0.01796
2.19752 1.06021 0.0198748
2.22984 1.07624 0.0211504
2.26216 1.06968 0.0201343
2.29447 1.04705 0.0185422
2.32679 1.05919 0.0159993
2.35911 1.02116 0.0131685
2.39142 1.02059 0.012482
2.42374 1.0198 0.0124129
2.45606 1.01909 0.0138261
2.48837 1.01216 0.014056
2.52069 1.02413 0.0143391
2.55301 1.0231 0.0120952
2.58532 1.00445 0.0135105
2.61764 1.0164 0.0146479
2.64995 1.02223 0.0140351
2.68227 1.01677 0.0152239
2.71459 1.01909 0.0135194
2.7469 1.00259 0.0143402
2.77922 1.01271 0.0160476
2.81154 0.998416 0.0156808
2.84385 1.0017 0.0139092
2.87617 1.00788 0.0135169
2.90849 0.9939 0.012734
2.9408 1.00446 0.0140717
2.97312 1.00584 0.013874
3.00544 1.00737 0.0127239
3.03775 1.00637 0.0102616
3.07007 1.00056 0.0114451
3.10239 0.993706 0.00955592
3.1347 0.984101 0.00959634
3.16702 0.993739 0.00893171
3.19934 1.00365 0.00819413
3.23165 1.00442 0.0102197
3.26397 1.00252 0.0113575
3.29629 0.984891 0.0113673
3.3286 0.979754 0.0121828
3.36092 0.984732 0.0113167
3.39323 0.996078 0.0106726
3.42555 0.996107 0.0107457
3.45787 0.989003 0.00963044
3.49018 0.987548 0.0114804
3.5225 0.982369 0.0129367
3.55482 0.98444 0.0128771
3.58713 0.974487 0.0116375
3.61945 0.981049 0.0118191
3.65177 0.982709 0.00983852
3.68408 0.975557 0.0100416
3.7164 0.987581 0.0108458
3.74872 0.97939 0.00869045
3.78103 0.990884 0.00890696
3.81335 0.991858 0.00897994
3.84567 0.988104 0.00762799
3.87798 0.983163 0.00822371
3.9103 0.980653 0.00728465
3.94262 0.985577 0.00857305
3.97493 0.9868 0.0089552
4.00725 0.975558 0.00916903
4.03957 0.98438 0.00923619
4.07188 0.983628 0.00901628
4.1042 0.979998 0.00812315
4.13651 0.97527 0.00753261
4.16883 0.983474 0.0089103
4.20115 0.984918 0.00937208
4.23346 0.988751 0.0100207
4.26578 0.990137 0.00920225
4.2981 0.986261 0.00707256
4.33041 0.980939 0.00724753
4.36273 0.986651 0.00815212
4.39505 0.985592 0.00904262
4.42736 0.989957 0.00786812
4.45968 0.986619 0.00560315
4.492 0.975393 0.00615059
4.52431 0.963509 0.00791782
4.55663 0.972334 0.00845863
4.58895 0.959313 0.00766002
4.62126 0.967995 0.00743515
4.65358 0.969724 0.00720062
4.6859 0.971465 0.00657641
4.71821 0.976749 0.00701279
4.75053 0.980588 0.00783951
4.78285 0.974709 0.00640135
4.81516 0.981668 0.00581836
4.84748 0.981744 0.00681573
4.87979 0.980512 0.00771474
4.91211 0.979284 0.00800138
4.94443 0.985453 0.00718692
4.97674 0.988225 0.00887736
5.00906 0.98447 0.0080373
5.04138 0.976891 0.00745139
5.07369 0.985268 0.00517926
5.10601 0.989953 0.00597857
5.13833 0.989107 0.00620088
5.17064 0.978492 0.00649396
5.20296 0.973268 0.00623845
5.23528 0.982207 0.00763398
5.26759 0.982529 0.00802522
5.29991 0.985001 0.00761664
5.33223 0.984125 0.00718149
5.36454 0.985063 0.00691878
5.39686 0.99043 0.00685586
5.42918 0.988781 0.00625506
5.46149 0.983136 0.00765623
5.49381 0.983295 0.00615385
5.52612 0.980718 0.0058137
5.55844 0.989553 0.00721018
5.59076 0.982319 0.00592555
5.62307 0.984982 0.00618431
5.65539 0.986622 0.00517942
5.68771 0.976824 0.00633402
5.72002 0.982127 0.00484559
5.75234 0.983385 0.00501115
5.78466 0.990212 0.00485324
5.81697 0.989189 0.00523599
5.84929 0.98996 0.00495809
5.88161 0.985714 0.00620265
5.91392 0.981815 0.00549071
5.94624 0.98708 0.00547785
5.97856 0.993851 0.00573325
6.01087 0.997528 0.00502066
6.04319 0.993756 0.00605039
6.07551 0.984633 0.00541233
6.10782 0.988891 0.00568688
6.14014 0.985769 0.00551925
6.17246 0.980005 0.00509058
6.20477 0.983155 0.00502615
6.23709 0.985918 0.00597794
6.2694 0.98781 0.00589297
6.30172 0.99473 0.00607506
6.33404 0.990695 0.006331
6.36635 0.988784 0.00685682
6.39867 0.993881 0.00621371
6.43099 0.98947 0.0057948
