0 0 0
0.0115332 0 0
0.0230664 0 0
0.0345996 0 0
0.0461329 0 0
0.0576661 0 0
0.0691993 0 0
0.0807325 0 0
0.0922657 0 0
0.103799 0 0
0.115332 0 0
0.126865 0 0
0.138399 0 0
0.149932 0 0
0.161465 0 0
0.172998 0 0
0.184531 0 0
0.196065 0 0
0.207598 0 0
0.219131 0 0
0.230664 0 0
0.242198 0 0
0.253731 0 0
0.265264 0 0
0.276797 0 0
0.28833 0 0
0.299864 0 0
0.311397 0 0
0.32293 0 0
0.334463 0 0
0.345996 0 0
0.35753 0 0
0.369063 0 0
0.380596 0 0
0.392129 0 0
0.403663 0 0
0.415196 0 0
0.426729 0 0
0.438262 0 0
0.449795 0 0
0.461329 0 0
0.472862 0 0
0.484395 0 0
0.495928 0 0
0.507461 0 0
0.518995 0 0
0.530528 0 0
0.542061 0 0
0.553594 0 0
0.565128 0 0
0.576661 0 0
0.588194 0 0
0.599727 0 0
0.61126 0 0
0.622794 0 0
0.634327 0 0
0.64586 0 0
0.657393 0 0
0.668926 0 0
0.68046 0 0
0.691993 0 0
0.703526 0 0
0.715059 0 0
0.726593 0 0
0.738126 0 0
0.749659 0 0
0.761192 0 0
0.772725 0 0
0.784259 0 0
0.795792 0 0
0.807325 0 0
0.818858 0 0
0.830391 0 0
0.841925 0 0
0.853458 0 0
0.864991 0 0
0.876524 0 0
0.888058 0 0
0.899591 0 0
0.911124 0 0
0.922657 0.000208426 0.000120918
0.93419 0.00138308 0.000292605
0.945724 0.00662047 0.000623349
0.957257 0.0334615 0.00126228
0.96879 0.116768 0.00270385
0.980323 0.326977 0.00417436
0.991856 0.751202 0.00562856
1.00339 1.44955 0.00893564
1.01492 2.42572 0.0107436
1.02646 3.6249 0.0144742
1.03799 4.81827 0.01412
1.04952 5.75259 0.0131517
1.06106 6.3977 0.0194165
1.07259 6.56439 0.0174739
1.08412 6.32392 0.017915
1.09566 5.74721 0.0155036
1.10719 4.96386 0.0156183
1.11872 4.05256 0.0141621
1.13026 3.16597 0.0106812
1.14179 2.36396 0.0110757
1.15332 1.68796 0.00797032
1.16485 1.16224 0.00607568
1.17639 0.763794 0.00569903
1.18792 0.488416 0.00483372
1.19945 0.297398 0.00369601
1.21099 0.180104 0.00340701
1.22252 0.10283 0.00228784
1.23405 0.0578169 0.00157321
1.24559 0.0306465 0.0012448
1.25712 0.0166076 0.00106377
1.26865 0.00789004 0.000646006
1.28019 0.00356738 0.000455589
1.29172 0.00158974 0.000260584
1.30325 0.00121929 0.000271157
1.31479 0.00100714 0.000230759
1.32632 0.00162606 0.000292375
1.33785 0.00369069 0.000437617
1.34939 0.00764 0.000590305
1.36092 0.0138598 0.000847129
1.37245 0.0247863 0.00127218
1.38399 0.0428193 0.00194047
1.39552 0.0713049 0.00225336
1.40705 0.11368 0.00230459
1.41859 0.175179 0.00303977
1.43012 0.259651 0.00342704
1.44165 0.366205 0.00356701
1.45319 0.497664 0.0038423
1.46472 0.653221 0.00390695
1.47625 0.824531 0.00494347
1.48778 0.995904 0.00679146
1.49932 1.1374 0.00633614
1.51085 1.24461 0.00657844
1.52238 1.31285 0.00669097
1.53392 1.32754 0.007197
1.54545 1.27495 0.00783852
1.55698 1.19067 0.00630939
1.56852 1.05001 0.00475009
1.58005 0.878862 0.00412503
1.59158 0.707237 0.00368073
1.60312 0.550951 0.00295568
1.61465 0.406301 0.00362518
1.62618 0.291561 0.00269327
1.63772 0.196104 0.00270243
1.64925 0.130212 0.00238873
1.66078 0.0812928 0.00182699
1.67232 0.050527 0.00134699
1.68385 0.0294777 0.000917202
1.69538 0.0222129 0.000849575
1.70692 0.0252887 0.000983223
1.71845 0.039724 0.00123005
1.72998 0.0714923 0.00164329
1.74152 0.129268 0.00265579
1.75305 0.225918 0.00294898
1.76458 0.375503 0.00405697
1.77612 0.598486 0.00484091
1.78765 0.895543 0.00510119
1.79918 1.28319 0.00561131
1.81071 1.73403 0.00554478
1.82225 2.23221 0.00716798
1.83378 2.73381 0.00678624
1.84531 3.18279 0.00927822
1.85685 3.5084 0.0102076
1.86838 3.68466 0.0104497
1.87991 3.69323 0.010249
1.89145 3.52645 0.00989212
1.90298 3.22122 0.00716171
1.91451 2.80106 0.0083055
1.92605 2.32717 0.00662442
1.93758 1.85582 0.00502497
1.94911 1.4048 0.0056683
1.96065 1.01435 0.00505036
1.97218 0.706725 0.00472483
1.98371 0.474358 0.00385258
1.99525 0.310149 0.00275381
2.00678 0.194413 0.00294871
2.01831 0.122478 0.00209858
2.02985 0.0928885 0.00164367
2.04138 0.0972679 0.00146427
2.05291 0.134712 0.00161349
2.06445 0.204761 0.00220062
2.07598 0.308859 0.00222778
2.08751 0.44691 0.00229912
2.09905 0.613746 0.00290417
2.11058 0.796313 0.00297001
2.12211 0.994317 0.00371392
2.13364 1.1597 0.00355207
2.14518 1.29702 0.004531
2.15671 1.37794 0.00409607
2.16824 1.3859 0.00474132
2.17978 1.33374 0.00476065
2.19131 1.2306 0.00425631
2.20284 1.08332 0.00425086
2.21438 0.916489 0.00358875
2.22591 0.743972 0.00320295
2.23744 0.580988 0.00271834
2.24898 0.435726 0.00250612
2.26051 0.325138 0.0024495
2.27204 0.25053 0.00254345
2.28358 0.214048 0.00276
2.29511 0.219756 0.00300079
