1 5.59742 5.59742 0
2 5.66252 5.62997 0.0230195
3 5.6744 5.64478 0.0195377
4 5.72483 5.66479 0.0226956
5 5.73052 5.67794 0.0216311
6 5.70789 5.68293 0.0185929
7 5.69009 5.68395 0.0159649
8 5.7437 5.69142 0.015619
9 5.58011 5.67905 0.0181305
10 5.61122 5.67227 0.0175405
11 5.61335 5.66691 0.0167437
12 5.74335 5.67328 0.0165157
13 5.66983 5.67302 0.0152474
14 5.6697 5.67278 0.0141602
15 5.5983 5.66782 0.0140598
16 5.77502 5.67452 0.0146912
17 5.63243 5.67204 0.014034
18 5.7443 5.67605 0.0138166
19 5.64981 5.67467 0.0131583
20 5.66107 5.67399 0.012518
21 5.62445 5.67163 0.0121422
22 5.73854 5.67467 0.011965
23 5.75103 5.67799 0.0118964
24 5.72148 5.67981 0.0115379
25 5.77276 5.68352 0.0116601
26 5.68792 5.68369 0.0112129
27 5.64995 5.68244 0.010867
28 5.67832 5.6823 0.0104799
29 5.75479 5.6848 0.0104124
30 5.76955 5.68762 0.0104416
31 5.71254 5.68843 0.0101356
32 5.71148 5.68915 0.00984445
33 5.67565 5.68874 0.00955462
34 5.6608 5.68792 0.00930887
35 5.68033 5.6877 0.00904543
36 5.69604 5.68793 0.00879713
37 5.70734 5.68845 0.008575
38 5.75484 5.6902 0.00852545
39 5.73694 5.6914 0.00839065
40 5.73938 5.6926 0.00826619
41 5.63239 5.69113 0.00819398
42 5.69463 5.69121 0.00799931
43 5.67633 5.69087 0.00782077
44 5.61582 5.68916 0.00782681
45 5.62225 5.68768 0.00779284
46 5.62646 5.68635 0.00773622
47 5.65052 5.68558 0.00760908
48 5.66684 5.68519 0.00746056
49 5.79826 5.6875 0.00765686
50 5.76398 5.68903 0.00765498
