1 0.0485748 0.0485748 0
2 0.0490552 0.048815 0.000169872
3 0.0488799 0.0488366 0.000114617
4 0.0490447 0.0488887 9.705e-05
5 0.0485235 0.0488156 0.00010146
6 0.0491081 0.0488644 9.55424e-05
7 0.048727 0.0488447 8.38847e-05
8 0.0486973 0.0488263 7.53977e-05
9 0.0493168 0.0488808 8.44505e-05
10 0.0494965 0.0489424 9.58547e-05
11 0.0491162 0.0489582 8.84334e-05
12 0.0486661 0.0489338 8.43462e-05
13 0.0488736 0.0489292 7.79851e-05
14 0.0493613 0.0489601 7.82857e-05
15 0.0490221 0.0489642 7.31756e-05
16 0.0490754 0.0489712 6.89314e-05
17 0.0489884 0.0489722 6.4884e-05
18 0.0492047 0.0489851 6.25528e-05
19 0.0487262 0.0489715 6.07265e-05
20 0.0491694 0.0489814 5.84914e-05
21 0.0487802 0.0489718 5.64853e-05
22 0.0491487 0.0489798 5.44875e-05
23 0.0489529 0.0489786 5.21311e-05
24 0.0490287 0.0489807 5.00006e-05
25 0.0493689 0.0489963 5.0354e-05
26 0.048512 0.0489776 5.17478e-05
27 0.0484808 0.0489592 5.30021e-05
28 0.0489692 0.0489596 5.11104e-05
29 0.0490323 0.0489621 4.94094e-05
30 0.0491535 0.0489685 4.81724e-05
31 0.0490095 0.0489698 4.66367e-05
32 0.0492908 0.0489798 4.62453e-05
33 0.04915 0.048985 4.51306e-05
34 0.0491843 0.0489908 4.41824e-05
35 0.0489316 0.0489892 4.29524e-05
36 0.0489769 0.0489888 4.17606e-05
37 0.0491768 0.0489939 4.09397e-05
38 0.0490855 0.0489963 3.99333e-05
39 0.0489235 0.0489944 3.8953e-05
40 0.0492838 0.0490017 3.86451e-05
