1 1.30717 1.30717 0
2 1.37636 1.34177 0.0244624
3 1.43075 1.37143 0.0291976
4 1.49168 1.40149 0.034019
5 1.58153 1.4375 0.0421651
6 1.39139 1.42981 0.0358311
7 1.52535 1.44346 0.0332102
8 1.56511 1.45867 0.0323532
9 1.54061 1.46777 0.0300123
10 1.34316 1.45531 0.0294847
11 1.3582 1.44648 0.0280949
12 1.26186 1.4311 0.0296688
13 1.51543 1.43759 0.0280868
14 1.24519 1.42384 0.0292499
15 1.44656 1.42536 0.0273391
16 1.37215 1.42203 0.0258319
17 1.51585 1.42755 0.0248949
18 1.41594 1.42691 0.0235202
19 1.44212 1.42771 0.022296
20 1.47606 1.43012 0.0213118
21 1.44624 1.43089 0.0203108
22 1.33278 1.42643 0.0198711
23 1.39991 1.42528 0.0190406
24 1.40962 1.42463 0.0182584
25 1.44218 1.42533 0.0175416
26 1.51039 1.4286 0.0171693
27 1.44709 1.42928 0.0165471
28 1.31023 1.42503 0.0164933
29 1.32029 1.42142 0.0163152
30 1.34853 1.41899 0.0159513
31 1.39474 1.41821 0.0154559
32 1.30177 1.41457 0.0153952
33 1.51176 1.41752 0.0152078
34 1.39113 1.41674 0.0147803
35 1.51056 1.41942 0.0145991
36 1.28379 1.41565 0.0146716
37 1.40075 1.41525 0.0142806
38 1.49979 1.41747 0.014077
39 1.50848 1.41981 0.0139082
40 1.46223 1.42087 0.0136008
41 1.46606 1.42197 0.0133137
42 1.33728 1.41995 0.0131485
43 1.32683 1.41779 0.0130198
44 1.35229 1.4163 0.0128088
45 1.33213 1.41443 0.0126599
46 1.44267 1.41504 0.0123996
47 1.29341 1.41246 0.0124029
48 1.39086 1.41201 0.0121527
49 1.36931 1.41113 0.0119359
50 1.43828 1.41168 0.0117095
