1 0.00186281 0.0579677 0.998317
2 0.0865317 0.167848 0.00798467
3 -0.0643264 0.106764 -0.978682
4 -0.0468957 1.00268 -0.534793
5 -0.18519 1.45858 0.344428
6 -0.29058 1.00501 -0.540539
7 0.161376 0.15023 -0.795674
8 -0.0337681 0.803605 -0.0642226
9 0.649095 0.138659 -0.366787
10 0.510492 0.300094 0.610315
11 1.19795 0.381295 -0.111358
12 1.26767 1.04228 -0.858515
13 1.06872 0.118037 -1.1844
14 0.498386 0.445961 -0.431279
15 1.11775 -0.33874 -0.45644
16 1.29174 0.642543 -0.373929
17 2.20609 0.951865 -0.635266
18 2.15107 1.06028 -1.62785
19 1.94301 0.789835 -2.56783
20 1.79294 1.14095 -3.49206
21 2.52315 0.470667 -3.35969
22 2.4569 0.430845 -2.36268
23 3.0138 0.330659 -3.1872
24 2.38243 1.10455 -3.23695
25 2.20009 2.08179 -3.12852
26 2.67157 2.54235 -3.88058
27 2.23393 3.08765 -4.5955
28 2.33994 3.11212 -3.60144
29 2.16423 3.07442 -4.58516
30 2.23773 3.22419 -3.59917
31 2.77194 2.68996 -2.94403
32 3.12209 3.23641 -3.70481
33 3.84678 3.54743 -4.3197
34 3.67251 4.07695 -5.14991
35 3.17298 3.69964 -5.92972
36 3.1816 3.68694 -6.9296
37 3.53784 4.60951 -7.07774
38 3.72681 4.51872 -6.09997
39 3.46664 3.96268 -6.88936
40 4.33037 4.18854 -7.33988
41 4.66497 3.93702 -8.24805
42 4.33154 4.20712 -9.15131
43 3.94474 4.2656 -10.0716
44 3.96824 4.5215 -11.038
45 3.91365 3.94936 -10.2197
46 4.5695 3.98875 -10.9736
47 4.61902 4.03865 -9.97604
48 5.1296 3.82869 -9.14223
49 6.05404 3.55325 -8.87854
50 6.26608 3.90031 -7.96498
51 5.88556 4.52026 -8.65118
52 5.88423 4.51302 -7.65121
53 6.25952 3.6786 -8.05482
54 6.91271 3.17858 -8.62344
55 7.35193 3.10466 -7.72811
56 7.26518 3.92748 -8.28975
57 7.82593 3.36662 -8.89884
58 7.71657 2.48889 -9.36536
59 7.40161 2.63279 -10.3035
60 8.01641 2.34182 -11.0365
61 8.01198 2.31113 -10.037
62 8.67536 1.83955 -9.45604
63 8.65739 1.86624 -8.45655
64 8.73234 1.76786 -7.46423
65 7.75288 1.82145 -7.65864
66 7.78458 2.1945 -6.73136
67 7.26644 2.21064 -5.87622
68 6.58887 1.48167 -5.7787
69 6.74891 1.12725 -4.85741
70 6.52009 1.95126 -4.3391
71 6.68812 2.92008 -4.52119
72 6.75773 2.85948 -3.52545
73 6.99967 2.56896 -4.45123
74 6.99816 2.58805 -5.45105
75 7.48394 1.88813 -5.97462
76 7.99611 1.88127 -6.83347
77 8.61992 2.45187 -6.29936
78 7.8156 2.88891 -6.70192
79 8.07328 2.64833 -7.63772
80 7.14902 3.02923 -7.66349
81 6.92229 3.05161 -8.63719
82 6.78951 2.8457 -9.60671
83 7.09742 2.75382 -10.5537
84 7.90983 2.24209 -10.2742
85 7.92018 3.2382 -10.1866
86 8.17074 2.3494 -10.5704
87 7.50191 2.531 -11.2913
88 6.83613 1.86505 -11.6278
89 7.70649 2.29202 -11.8731
90 8.30556 2.18581 -11.0794
91 8.50192 2.14205 -12.059
92 8.18704 1.90638 -12.9784
93 8.18605 2.25159 -12.0399
94 7.22338 2.07522 -12.2452
95 7.08693 2.12446 -13.2346
96 7.48358 1.98483 -14.1419
97 7.40205 1.53552 -13.2523
98 7.98986 2.33342 -13.1188
99 8.21976 3.05223 -13.7749
100 7.2601 3.31758 -13.8679
