0 0 0
10000 0.0057778 0.0028889
20000 0.00335397 0.0016751
30000 0.00252954 0.00119143
40000 0.00197223 0.000941958
50000 0.00164451 0.000789972
60000 0.00139321 0.000687671
70000 0.00121041 0.000613271
80000 0.00108101 0.00055585
90000 0.00117716 0.000505788
100000 0.00130943 0.000461964
110000 0.00119636 0.000426363
120000 0.00111406 0.00039668
130000 0.00105212 0.000371409
140000 0.00101061 0.000349471
150000 0.00097824 0.000330185
160000 0.000937895 0.000313171
170000 0.000910468 0.000297967
180000 0.000871737 0.000284383
190000 0.000863968 0.000271985
200000 0.000823229 0.000260824
210000 0.000796074 0.000250656
220000 0.000762863 0.000241392
230000 0.000824032 0.000232466
240000 0.000796731 0.000224274
250000 0.000767309 0.000216741
260000 0.000738764 0.000209793
270000 0.00072457 0.000203312
280000 0.000700341 0.000197291
290000 0.000676596 0.000191684
300000 0.000665138 0.00018641
310000 0.000650991 0.000181449
320000 0.000643805 0.000176755
330000 0.000625132 0.00017234
340000 0.000607019 0.000168181
350000 0.000603593 0.000164216
360000 0.000595859 0.000160445
370000 0.000622889 0.00015677
380000 0.000607559 0.000153288
390000 0.000592908 0.000149983
400000 0.000578304 0.000146843
410000 0.000618807 0.000143747
420000 0.000606754 0.000140797
430000 0.000604007 0.000137967
440000 0.000603349 0.000135247
450000 0.00059011 0.00013265
460000 0.000578062 0.000130168
470000 0.000575564 0.000127777
480000 0.00056389 0.000125488
490000 0.00057382 0.000123263
500000 0.000564663 0.000121126
510000 0.000553862 0.000119074
520000 0.000560543 0.00011708
530000 0.000554993 0.000115157
540000 0.000545938 0.000113306
550000 0.000536454 0.000111523
560000 0.000527134 0.000109804
570000 0.000518868 0.000108146
580000 0.000510355 0.000106545
590000 0.000502411 0.000104999
600000 0.000494109 0.000103504
610000 0.000507611 0.000102035
620000 0.000501896 0.000100612
630000 0.00049613 9.92331e-05
640000 0.000488759 9.78973e-05
650000 0.000485522 9.65989e-05
660000 0.000479007 9.53396e-05
670000 0.00047191 9.41182e-05
680000 0.00046541 9.29326e-05
690000 0.000460317 9.178e-05
700000 0.000455009 9.06594e-05
710000 0.000451598 8.95677e-05
720000 0.000449267 8.85031e-05
730000 0.000444443 8.74665e-05
740000 0.000439836 8.64569e-05
750000 0.000434672 8.54736e-05
760000 0.000435858 8.45106e-05
770000 0.000440686 8.35646e-05
780000 0.000435293 8.26429e-05
790000 0.000432296 8.17428e-05
800000 0.000431458 8.0862e-05
810000 0.000426568 8.00028e-05
820000 0.000606429 7.90674e-05
830000 0.000601022 7.81556e-05
840000 0.000594672 7.72667e-05
850000 0.000589182 7.63998e-05
860000 0.000582393 7.55544e-05
870000 0.000579445 7.47286e-05
880000 0.000575051 7.39222e-05
890000 0.000569424 7.31349e-05
900000 0.000563143 7.23664e-05
910000 0.000557361 7.16159e-05
920000 0.000556043 7.08813e-05
930000 0.000551462 7.01631e-05
940000 0.000545867 6.94613e-05
950000 0.000541003 6.8775e-05
960000 0.000535537 6.81041e-05
970000 0.00053136 6.74475e-05
980000 0.000547859 6.67978e-05
990000 0.00054288 6.61621e-05
