0 0 0
10000 0.00238771 0.00119385
20000 0.00412719 0.00119631
30000 0.00297865 0.000869643
40000 0.00288568 0.00068137
50000 0.00249151 0.000556342
60000 0.00212596 0.000472884
70000 0.00188084 0.000415204
80000 0.00190912 0.000369582
90000 0.00170767 0.000336
100000 0.0016287 0.000309118
110000 0.00152892 0.00028756
120000 0.00146019 0.000269601
130000 0.0013629 0.000254884
140000 0.00127845 0.00024257
150000 0.00133601 0.000230485
160000 0.00126381 0.000220159
170000 0.00121284 0.000211081
180000 0.00115329 0.000203144
190000 0.00112944 0.000195853
200000 0.00108291 0.000189333
210000 0.00103677 0.000183479
220000 0.00109355 0.000177463
230000 0.00106306 0.000171957
240000 0.00105987 0.000166743
250000 0.00102806 0.000161962
260000 0.00108396 0.000157125
270000 0.00108812 0.000152524
280000 0.00105028 0.000148322
290000 0.00101493 0.000144469
300000 0.000982476 0.000140918
310000 0.000979903 0.000137522
320000 0.000985372 0.000134245
330000 0.000965891 0.00013117
340000 0.000956812 0.000128245
350000 0.000937124 0.000125496
360000 0.000915371 0.000122915
370000 0.000892262 0.000120492
380000 0.000877192 0.000118193
390000 0.000858359 0.000116019
400000 0.000837476 0.000113968
410000 0.000819183 0.000112024
420000 0.000802483 0.000110176
430000 0.000811915 0.000108348
440000 0.000816382 0.000106556
450000 0.000802075 0.000104846
460000 0.000810183 0.000103162
470000 0.000830054 0.00010148
480000 0.000814314 9.98779e-05
490000 0.000798984 9.83488e-05
500000 0.000795846 9.68653e-05
510000 0.000780891 9.54477e-05
520000 0.000766607 9.40912e-05
530000 0.000774044 9.27533e-05
540000 0.000764253 9.14645e-05
550000 0.00075139 9.02275e-05
560000 0.000738874 8.90391e-05
570000 0.000726108 8.78974e-05
580000 0.000714439 8.67982e-05
590000 0.00070393 8.57377e-05
600000 0.00069803 8.47068e-05
610000 0.000690238 8.37074e-05
620000 0.00068516 8.27342e-05
630000 0.000674961 8.17936e-05
640000 0.000669565 8.08774e-05
650000 0.000659422 7.99915e-05
660000 0.000651436 7.91315e-05
670000 0.000647819 7.82905e-05
680000 0.000640176 7.74734e-05
690000 0.000638906 7.6671e-05
700000 0.000629876 7.58928e-05
710000 0.000621805 7.51367e-05
720000 0.000613232 7.44026e-05
730000 0.000605302 7.36888e-05
740000 0.000597268 7.29947e-05
750000 0.000589392 7.23194e-05
760000 0.00058206 7.16617e-05
770000 0.000576211 7.10192e-05
780000 0.000574079 7.03873e-05
790000 0.000567072 6.97712e-05
800000 0.000560028 6.91704e-05
810000 0.000557346 6.85799e-05
820000 0.00055259 6.80014e-05
830000 0.00055011 6.74326e-05
840000 0.000549 6.68717e-05
850000 0.000544619 6.63219e-05
860000 0.000540038 6.57832e-05
870000 0.000534395 6.52561e-05
880000 0.00052864 6.47406e-05
890000 0.000526396 6.4233e-05
900000 0.000531306 6.3727e-05
910000 0.000525612 6.32318e-05
920000 0.000524367 6.27436e-05
930000 0.000518928 6.22656e-05
940000 0.000514077 6.17972e-05
950000 0.000517719 6.13311e-05
960000 0.000514811 6.08728e-05
970000 0.000509631 6.04238e-05
980000 0.000506138 5.99826e-05
990000 0.000501266 5.955e-05
