1 1 -nan
2 1.41076 0.00440365
3 1.72661 0.00538093
4 2.00141 0.00663245
5 2.23479 0.00824087
6 2.45235 0.00854637
7 2.64701 0.00996489
8 2.82138 0.0109016
9 2.99295 0.0122171
10 3.15407 0.0127006
11 3.31701 0.0124988
12 3.47531 0.0138528
13 3.62509 0.0145725
14 3.75371 0.015521
15 3.88163 0.016783
16 4.01001 0.0175818
17 4.11556 0.0179498
18 4.22788 0.0184875
19 4.34307 0.0194512
20 4.45331 0.01987
21 4.5643 0.0210679
22 4.66952 0.0216723
23 4.77939 0.0229041
24 4.8887 0.0232988
25 4.99284 0.0233299
26 5.09194 0.0234456
27 5.19708 0.0231996
28 5.29091 0.0232827
29 5.39153 0.0234435
30 5.48075 0.0244609
31 5.57302 0.024428
32 5.66267 0.0252851
33 5.74877 0.0250647
34 5.83028 0.0255591
35 5.91978 0.0250502
36 6.00488 0.0248492
37 6.08925 0.0248332
38 6.16819 0.0253533
39 6.24038 0.0252058
40 6.31185 0.025976
41 6.3893 0.0262869
42 6.46747 0.0272676
43 6.54405 0.0269858
44 6.61655 0.0274581
45 6.68664 0.027915
46 6.76012 0.0282448
47 6.84007 0.0291567
48 6.90565 0.0295232
49 6.97567 0.0295748
50 7.04734 0.0292768
51 7.11846 0.0283833
52 7.18763 0.028833
53 7.26481 0.0290503
54 7.33717 0.0296979
55 7.40522 0.030488
56 7.48548 0.0320737
57 7.55689 0.0327697
58 7.62393 0.0328786
59 7.68771 0.033466
60 7.76335 0.0348686
61 7.83065 0.035747
62 7.89173 0.0358903
63 7.94311 0.036741
64 8.00184 0.0370945
65 8.05564 0.0380483
66 8.1088 0.0383415
67 8.17389 0.0395923
68 8.24285 0.0395005
69 8.31038 0.0399855
70 8.36202 0.0402606
71 8.42458 0.0411065
72 8.47715 0.0417446
73 8.53509 0.041175
74 8.59317 0.0408331
75 8.6476 0.0406358
76 8.70344 0.0419758
77 8.76386 0.0425512
78 8.81948 0.0434039
79 8.86946 0.0442343
80 8.92036 0.044797
81 8.9728 0.0460504
82 9.03287 0.0467695
83 9.09739 0.0488093
84 9.14277 0.0487917
85 9.20653 0.0495445
86 9.26069 0.0498782
87 9.31984 0.0496919
88 9.3623 0.0496294
89 9.41701 0.0502094
90 9.47309 0.0495317
91 9.53365 0.0503757
92 9.59124 0.0508283
93 9.64365 0.0514318
94 9.69986 0.0507813
95 9.7375 0.0520621
96 9.7851 0.0510949
97 9.83359 0.0505143
98 9.88211 0.0511207
99 9.94336 0.0507212
100 9.99777 0.0511704
