1 1 -nan
2 1.41465 0.00423731
3 1.73654 0.00552059
4 2.00567 0.00659371
5 2.2379 0.00738775
6 2.45019 0.00884566
7 2.65256 0.0101043
8 2.84097 0.0103785
9 3.00517 0.0117738
10 3.15949 0.0129674
11 3.31085 0.0131254
12 3.4612 0.0136633
13 3.60391 0.0138604
14 3.74515 0.0146487
15 3.8707 0.0148041
16 3.99526 0.0155413
17 4.11938 0.0156089
18 4.24044 0.0160327
19 4.35656 0.0164529
20 4.45995 0.0179889
21 4.57085 0.0180649
22 4.67357 0.0184736
23 4.77749 0.0194773
24 4.88441 0.0195726
25 4.97922 0.0202824
26 5.08419 0.0210292
27 5.17855 0.0213688
28 5.27349 0.0212417
29 5.36617 0.0207042
30 5.45553 0.0211392
31 5.54472 0.0208218
32 5.63809 0.0206324
33 5.71433 0.0209065
34 5.80578 0.0210617
35 5.88912 0.0220689
36 5.97682 0.0222536
37 6.05993 0.0228031
38 6.14052 0.0234043
39 6.22325 0.0243091
40 6.29748 0.0241945
41 6.37881 0.0240246
42 6.46312 0.023505
43 6.53988 0.0230802
44 6.61213 0.0228087
45 6.68818 0.0232269
46 6.76467 0.0231535
47 6.8289 0.023522
48 6.89123 0.0234435
49 6.96226 0.0242234
50 7.04058 0.0243264
51 7.11307 0.0248418
52 7.18564 0.0249056
53 7.26272 0.0262938
54 7.33691 0.0277254
55 7.40194 0.0277286
56 7.45812 0.0284824
57 7.53103 0.0290792
58 7.59702 0.0304228
59 7.66558 0.0313538
60 7.73876 0.0327007
61 7.8051 0.0328973
62 7.86199 0.0342555
63 7.93179 0.0340289
64 8.00375 0.034385
65 8.0733 0.0349837
66 8.1424 0.0350602
67 8.2004 0.0356548
68 8.26764 0.0361603
69 8.32284 0.0359564
70 8.37548 0.0363294
71 8.44609 0.0372749
72 8.49467 0.0376281
73 8.55222 0.0369519
74 8.60602 0.038222
75 8.65938 0.0387307
76 8.70892 0.0386715
77 8.77226 0.0388538
78 8.82134 0.0390271
79 8.87856 0.0399448
80 8.94837 0.0401454
81 9.00727 0.0404711
82 9.06183 0.0399325
83 9.11759 0.0404764
84 9.16602 0.039771
85 9.21938 0.0399078
86 9.28354 0.0401085
87 9.33009 0.0403197
88 9.37566 0.0398117
89 9.41908 0.040313
90 9.47611 0.0409497
91 9.5196 0.0418119
92 9.56837 0.0417555
93 9.62612 0.0415239
94 9.68002 0.0414745
95 9.72686 0.0423681
96 9.77664 0.0419961
97 9.81469 0.0422182
98 9.86641 0.0425977
99 9.92223 0.0426488
100 9.96789 0.0431181
