0 1.00554 0
10000 0.999764 0.0057778
20000 0.999415 0.00335397
30000 1.0003 0.00252954
40000 1.00007 0.00197223
50000 1.0004 0.00164451
60000 1.0005 0.00139321
70000 1.0004 0.00121041
80000 1.00023 0.00108101
90000 0.999562 0.00117716
100000 1.00032 0.00130943
110000 1.00027 0.00119636
120000 1.0001 0.00111406
130000 0.999894 0.00105212
140000 1.00014 0.00101061
150000 1.00039 0.00097824
160000 1.00021 0.000937895
170000 0.99999 0.000910468
180000 0.999855 0.000871737
190000 1.0001 0.000863968
200000 1.00006 0.000823229
210000 0.999923 0.000796074
220000 0.999865 0.000762863
230000 1.00025 0.000824032
240000 1.00015 0.000796731
250000 1.00009 0.000767309
260000 1.00012 0.000738764
270000 0.999984 0.00072457
280000 0.999943 0.000700341
290000 0.999941 0.000676596
300000 1.00006 0.000665138
310000 0.999965 0.000650991
320000 0.999837 0.000643805
330000 0.999863 0.000625132
340000 0.999859 0.000607019
350000 0.999732 0.000603593
360000 0.999629 0.000595859
370000 0.999857 0.000622889
380000 0.999825 0.000607559
390000 0.999854 0.000592908
400000 0.999847 0.000578304
410000 1.0001 0.000618807
420000 1.00005 0.000606754
430000 0.99993 0.000604007
440000 0.999806 0.000603349
450000 0.999811 0.00059011
460000 0.999784 0.000578062
470000 0.999679 0.000575564
480000 0.999664 0.00056389
490000 0.999509 0.00057382
500000 0.999559 0.000564663
510000 0.999573 0.000553862
520000 0.99971 0.000560543
530000 0.999784 0.000554993
540000 0.999749 0.000545938
550000 0.999769 0.000536454
560000 0.999755 0.000527134
570000 0.999724 0.000518868
580000 0.999705 0.000510355
590000 0.999731 0.000502411
600000 0.999732 0.000494109
610000 0.999879 0.000507611
620000 0.999928 0.000501896
630000 0.999974 0.00049613
640000 0.999956 0.000488759
650000 1.00002 0.000485522
660000 0.999993 0.000479007
670000 0.999992 0.00047191
680000 0.999973 0.00046541
690000 1.00001 0.000460317
700000 1.00004 0.000455009
710000 0.999993 0.000451598
720000 0.999934 0.000449267
730000 0.9999 0.000444443
740000 0.999866 0.000439836
750000 0.999842 0.000434672
760000 0.999765 0.000435858
770000 0.99986 0.000440686
780000 0.999874 0.000435293
790000 0.999828 0.000432296
800000 0.99989 0.000431458
810000 0.999871 0.000426568
820000 1.00031 0.000606429
830000 1.00035 0.000601022
840000 1.00032 0.000594672
850000 1.00028 0.000589182
860000 1.00028 0.000582393
870000 1.00021 0.000579445
880000 1.00016 0.000575051
890000 1.00013 0.000569424
900000 1.00014 0.000563143
910000 1.00016 0.000557361
920000 1.00008 0.000556043
930000 1.00012 0.000551462
940000 1.00014 0.000545867
950000 1.00017 0.000541003
960000 1.00018 0.000535537
970000 1.00014 0.00053136
980000 1.0003 0.000547859
990000 1.00027 0.00054288
