0 3.14083 0
100 3.14052 0.000306099
200 3.14041 0.000210323
300 3.14063 0.000267816
400 3.1409 0.000344364
500 3.14111 0.000350336
600 3.14123 0.000317548
700 3.14123 0.000275005
800 3.14116 0.000253075
900 3.14121 0.000233818
1000 3.14126 0.000217184
1100 3.14128 0.000199217
1200 3.14124 0.000187234
1300 3.1414 0.000234395
1400 3.14145 0.000223444
1500 3.14144 0.000209154
1600 3.14136 0.000211376
1700 3.1414 0.000203013
1800 3.14148 0.000207917
1900 3.14154 0.000205908
2000 3.14152 0.000197522
2100 3.1415 0.000188893
2200 3.14148 0.000181843
2300 3.14147 0.000174401
2400 3.14144 0.00016953
2500 3.14143 0.000163254
2600 3.14147 0.000161523
2700 3.14144 0.000158522
2800 3.14139 0.00016019
2900 3.14138 0.000154996
3000 3.14139 0.000149944
3100 3.1414 0.000145771
3200 3.14137 0.000143198
3300 3.14141 0.000142406
3400 3.14142 0.000139206
3500 3.14143 0.000135518
3600 3.14144 0.000132624
3700 3.14142 0.000131915
3800 3.14143 0.000128694
3900 3.14143 0.000125511
4000 3.14144 0.000122681
4100 3.14143 0.00012028
4200 3.14143 0.000117681
4300 3.1414 0.000120223
4400 3.14139 0.000118192
4500 3.14142 0.000121124
4600 3.14144 0.000120345
4700 3.14146 0.000118695
4800 3.14147 0.000116658
4900 3.14147 0.000114302
5000 3.14144 0.000115066
5100 3.14145 0.000113467
5200 3.14148 0.000115854
5300 3.14148 0.000113849
5400 3.14151 0.00011581
5500 3.14154 0.000119235
5600 3.14156 0.000118276
5700 3.14154 0.000118551
5800 3.14154 0.000116623
5900 3.14153 0.000115168
6000 3.14154 0.000113778
6100 3.14154 0.000112171
6200 3.14152 0.000111643
6300 3.14152 0.000109971
6400 3.14153 0.000108754
6500 3.14152 0.000107414
6600 3.14153 0.000106113
6700 3.14152 0.000104841
6800 3.14153 0.000103318
6900 3.14153 0.00010202
7000 3.14155 0.000102119
7100 3.14155 0.000100808
7200 3.14155 9.97626e-05
7300 3.14154 9.9935e-05
7400 3.14153 9.90017e-05
7500 3.14154 9.80258e-05
7600 3.14155 9.74623e-05
7700 3.14152 9.90688e-05
7800 3.14152 9.78325e-05
7900 3.14152 9.67406e-05
8000 3.14155 0.000100372
8100 3.14156 9.96736e-05
8200 3.14156 9.85677e-05
8300 3.14157 9.77537e-05
8400 3.14157 9.67178e-05
8500 3.14157 9.55871e-05
8600 3.14157 9.47568e-05
8700 3.14157 9.39132e-05
8800 3.14156 9.32842e-05
8900 3.14155 9.28434e-05
9000 3.14155 9.21827e-05
9100 3.14156 9.12064e-05
9200 3.14155 9.03785e-05
9300 3.14154 8.9659e-05
9400 3.14156 8.95018e-05
9500 3.14155 8.86416e-05
9600 3.14156 8.79077e-05
9700 3.14156 8.71826e-05
9800 3.14156 8.67008e-05
9900 3.14156 8.59381e-05
