-1.26263
-0.538801
-0.0224524
-1.77932
-0.774395
2.81749
-0.415808
0.179168
1.19044
-0.392268
1.47551
-0.0661874
0.552637
1.89711
3.16654
0.672511
-1.62285
-35.7129
0.125094
0.312853
0.7174
-0.255077
-0.191568
-0.538622
-1.57587
0.442522
-2.41941
-0.94116
0.43034
-4.66304
26.557
-206.067
0.790401
0.684549
0.675936
-0.0122194
-0.0543396
1.5596
-0.155346
8.50831
0.661165
1.36574
-0.0628596
-2.01223
0.207778
0.12786
1.36885
-1.43613
3.41909
0.379111
0.0215204
1.35533
1.61347
2.91644
-4.81448
-0.130208
0.875958
-3.12193
-0.300778
1.04526
-2.25732
-0.442942
-0.414591
65.2407
2.40155
-0.283463
0.199108
1.65017
-0.468736
-1.31054
4.66141
-1.9751
-0.933733
4.70709
-1.67036
-9.33923
-6.30055
-2.40304
-1.06147
2.63969
1.13643
-0.147033
-1.35373
0.637915
-0.752293
0.0875236
0.0311374
0.848724
-2.81427
0.655311
-0.812755
3.23029
-0.0497441
2.29375
1.62073
1.45828
0.35952
-0.848516
-1.04175
-0.544626
1.8963
-0.0744736
0.309786
0.367305
-0.021692
-0.803763
-0.461821
-0.226542
-0.0400666
-0.296567
-0.0430027
-5.36143
-0.688126
1.42206
0.999658
0.802803
1.0345
-2.39961
0.434895
-0.206137
-1.81443
8.05501
-1.36012
0.983975
0.384075
-0.195946
0.969392
0.145919
0.0325402
-2.0017
0.801415
1.73602
0.295414
-0.342957
-1.54061
0.238943
-0.698168
-2.51814
-0.283164
5.36965
-0.0577009
1.45812
1.26976
0.769115
0.699065
0.450201
0.708159
4.26666
-0.30383
-0.18729
-0.760831
0.784849
2.48405
1.14043
-0.142682
-0.0428452
-1.69214
-0.0732668
0.74875
-1.12674
-1.49314
4.76828
-0.0262308
-3.76338
2.38974
0.115179
0.250678
0.263187
-0.01203
2.68652
-4.29215
-0.507389
3.04974
-0.684296
2.12796
0.287364
1.62479
-7.49703
0.817031
-0.477362
0.848373
-1.3415
0.180102
-1.49792
0.490943
2.38503
-0.160462
-0.0711383
9.59226
1.29612
0.405692
-0.343416
1.86301
-0.287061
112.872
1.36817
-5.37384
0.17176
1.06411
2.97023
-0.232115
-1.25582
-1.34918
-2.51853
-13.9074
-1.62806
-4.10089
-4.25256
4.61153
48.4231
0.152878
0.0568147
1.24448
0.179336
-3.76817
-0.213584
-0.146168
-2.36796
-0.449216
-1.17141
15.3861
0.355865
-0.709274
0.36259
-0.207079
1.89606
-0.334739
0.84756
0.472478
-1.3675
-2.40493
0.905586
39.3517
2.99044
-3.29076
0.189539
-2.11221
-0.548615
7.54013
1.07643
0.149105
1.83264
1.78827
0.159864
131.859
-0.293217
-1.40182
-0.298302
-1.54737
0.782709
-0.348768
5.55908
4.43631
-1.94154
0.691859
-0.334849
0.537312
0.493969
1.60884
-0.083381
0.24539
-0.0274888
-1.8467
-1.03065
12.144
0.780854
0.396233
-2.66502
1.09436
-1.17776
-5.15498
0.0218649
3.77273
-9.18207
11.1759
0.826567
-0.0157979
-0.305109
-0.0117448
-4.23307
-0.945699
-0.196929
-2.6002
159.997
-0.487543
-0.748659
-0.822867
-0.00709816
-8.46024
-0.349537
-0.328897
-0.382311
13.8587
0.278084
2.48876
-1.56109
0.418329
-0.133837
15.3558
-2.48503
-0.404791
-1.39235
-0.802077
2.91128
-0.627643
0.151634
-0.134403
1.4448
0.597637
-0.0491813
-0.350526
-1.14646
-0.951604
-1.68252
0.791016
-2.74637
-8.11767
-1.60569
-5.91805
4.87031
0.0130788
-1.42647
-1.19379
1.58683
-3.16558
-2.0865
-0.0388697
-1.90312
-0.151341
1.08173
-5.87647
-0.662934
-0.0570519
0.527689
1.3158
-0.452886
2.03598
-0.360225
-0.166108
-2.06445
0.045023
0.862797
2.13719
2.12947
-2.75032
0.688931
-0.278594
-0.784254
-0.680797
-0.133235
28.8443
0.044119
0.430544
-46.0552
1.19804
2.67297
-0.530874
-1.70755
3.68172
1.40251
0.2416
0.6155
-0.486315
0.154853
0.200631
0.228431
0.848801
1.29874
1.65837
-1.48771
1.98047
0.983129
-0.335503
-0.0512148
-1.35547
3.04849
-5.28734
0.884295
0.480057
-1834.79
0.325947
-0.272976
8.49305
-0.825992
-30.2627
0.973429
-1.02369
31.4614
-0.142101
0.545271
2.48992
0.29164
-5.7071
-2.65795
0.236421
1.25299
6.62404
0.0722358
-1.78902
-0.231357
-0.0694073
4.42098
0.684632
-1.65475
7.82395
0.192404
3.47395
0.779435
-0.18423
-3.36607
1.06679
-4.92381
-1.49439
-0.772071
3.24371
0.217466
1.96312
11.2904
-12.8298
4.38119
169.024
0.489859
0.536785
-1.69385
0.498589
-103.258
-4.13677
-200.735
1.13115
-2.00249
1.15271
1.05266
8.17405
0.162138
-0.965658
-0.0827967
0.770153
0.550558
-3.71767
2.54985
-4.42114
3.25217
1.81609
-2.99888
0.223742
-3.69382
-1.65469
-1.40819
0.761729
0.0855563
1.47662
1.17847
5.3363
-5.18256
4.05024
14.3212
0.704864
-7.0287
-0.505886
0.00672841
-0.677037
0.429888
9.54319
-0.00517081
0.827726
-9.43353
0.423686
2.17797
-7.81696
-0.399358
-0.315502
0.217662
1.01888
-0.422537
-0.00570403
1.22513
-44.1007
1.91325
-0.654292
0.848501
-1.1294
-1.42013
-1.38028
-0.52036
-0.488956
5.02215
1.27926
-0.337185
8.40331
-0.0732591
-0.701944
11.5149
-0.833147
62.6256
3.17767
-3.88579
14.2354
0.144519
1640.03
9.21092
-0.111962
-2.41077
-0.498253
174.041
-0.925149
0.264041
-0.8067
-6.86754
0.286486
-0.51764
2.97447
-0.0250912
-0.275727
0.0642626
-0.359108
0.367887
0.32835
-0.590925
-0.24366
18.4099
-5.20062
-2.88394
0.150482
0.429373
0.507159
-0.570324
3.53731
0.457044
-0.728385
-1.07607
2.14008
7.82498
-1.37292
0.671075
5.15227
-1.34192
-0.562746
-15.4747
0.309204
0.213533
-0.219799
-1.13319
3.35315
1.09421
-1.92269
1.89012
0.633776
-2.67212
-6.1029
-73.0625
-5.35042
0.048977
-2.91817
0.0184648
-0.289247
0.174487
-1.70837
-0.559352
-0.690797
-1.64143
-2.76487
4.07731
-1.59587
1.92612
-0.610769
0.441193
-11.9603
-22.0439
-0.328928
-0.957342
-1.27462
-0.061216
8.70963
-2.40119
-0.543151
-19.9739
-0.628235
-0.35694
1.40424
2.3975
-1.24175
-1.74392
-0.0637689
2.10023
1.99618
-2.30982
1.07619
8.06233
1.162
-0.148964
2.95699
2.20417
1.01201
-0.409548
-1.90561
-1.41826
1.02092
0.878464
0.673908
-177.514
-0.491492
0.0159518
1.98016
0.20179
-5.63136
0.0463751
-0.149973
0.723633
4.3309
-0.242397
3.27706
0.0355629
-0.706097
0.267377
-0.231055
-2.32666
-0.936807
1.11308
-0.236052
-0.243332
1.72576
-1.06491
0.457973
-0.761385
0.979368
-0.725816
-2.81739
1.11281
-0.150127
7.53292
11.2555
1.75075
0.981145
1.02531
0.255011
-0.861547
0.259439
-1.27441
-1.52379
-7.35298
-0.0149373
-0.177678
8.38949
-0.568413
0.552885
-5.20293
-0.511521
-0.784117
-20.8004
-3.59706
0.0966206
0.686599
1.04079
0.39486
-1.62444
2.57186
-0.401944
1.35798
1.84096
-1.81489
-2.15211
-13.1251
-0.951012
-0.187184
-1.08802
0.26029
1.16669
-0.722898
0.565593
-10.8574
0.100287
0.631749
-0.283699
-0.87201
1.03278
0.178254
0.565298
1.4237
0.0840646
1.3452
0.344812
10.317
1.53876
-4.21665
1.99815
0.341807
-284.846
-2.38864
0.859416
1.58442
-2.19169
-0.710784
-0.652291
1.11847
-1.88085
1.49268
2.88504
-1.52213
0.059826
1.8912
-0.857084
-7.52157
5.53206
-1.93901
-1.55756
1.50521
-1.56938
-0.974927
-0.0076793
-0.672424
0.142264
0.206927
0.261577
6.72043
-2.86885
8.00994
-0.487795
-1.31049
0.965266
0.879463
2.08516
-1.07439
-16.2547
-1.00425
-2.62128
-0.345948
0.0903039
-0.39011
0.488107
0.161299
1.67269
-0.703828
-1.1148
-3.44875
0.449583
-20.6782
-1.51853
-0.246862
3.13247
-3.0383
-2.45336
-12.9303
-0.922169
-0.537482
-2.72054
-0.698129
0.648949
0.441092
10.6903
-0.553351
12.6866
0.683292
1.34522
-0.16663
0.824181
7.15396
0.216724
-0.506146
5.06796
-0.290432
-0.735164
2.99137
-1.41896
1.09173
-21.5258
-3.42684
1.64082
-2.93314
3.50315
-11.8322
7.87022
0.620294
1.06565
0.223053
0.639599
-0.570855
2.17078
-1.70791
-1.30105
0.734181
-7.77125
-0.214196
0.547856
-1.9988
-13.8431
-0.254495
-0.535816
-0.643331
10.6915
0.839086
-1.00004
-0.600621
-0.222862
-0.718377
4.10147
-1.04049
0.345524
3.85969
1.05383
-0.150167
-5.49442
-0.680361
0.182914
-9.34198
-0.0588588
-0.613033
1.06599
1.8727
2.1887
1.47641
-0.626969
0.0987017
0.554539
-0.385734
5.34889
0.641537
-2.74105
0.185045
-0.22599
0.737096
-0.331054
-0.936459
2.41735
-0.0888289
2.44393
0.270751
-6.49094
77.5544
-0.692738
-1.37699
-1.11698
2.99342
-11.5728
0.715095
-1.51039
-3.99299
-0.446961
-2.22809
-0.766281
-2.33949
0.665553
-0.709933
2.29915
-0.341446
1.3762
-1.58888
-2.2653
3.15133
-0.499546
0.872443
-0.928944
0.134766
-3.79695
-2.06471
0.663791
2.61879
0.303928
0.219216
-2.13557
-38.3299
0.852686
-1.32361
0.451344
0.118994
-0.659104
0.269566
0.288598
-0.682549
4.81752
-1.16263
-1.42115
1.9423
-0.921144
-2.15899
1.54947
-0.504423
-0.0431849
1.93004
-0.234645
1.81973
-0.108236
-0.0848245
-1.021
-0.372802
0.121296
-0.802048
1.23363
-0.604598
-3.55021
-4.57464
1.15922
1.19857
-1.8701
3.62215
-1.28756
-0.983503
1.9977
-7.41173
0.521286
-1.96293
1.78618
0.218411
0.310159
-1.23728
-0.0841279
2.71985
0.166613
-0.522244
-1.5141
-0.488515
8.08666
-5.92408
-0.134093
0.323272
-1.23259
-0.953475
-17.121
0.0425716
-8.06033
1.54511
0.35666
-38.4236
-0.15685
-0.133799
0.653323
-0.0944754
-0.150905
5.6167
37.3481
-5.00099
-0.793195
-0.411979
-3.04811
-32.2182
-3.32326
0.21402
-0.080871
-3.70475
-0.259099
0.825114
0.273513
-0.628399
-0.147042
1.34649
-2.82606
-5.47551
4.4261
-2.08585
-0.222636
-2.14704
-1.70402
11.4873
-8.46317
9.17464
-1.92923
-0.658737
2.06964
-0.911661
0.405357
-0.128476
-0.495372
1.83018
-14.0652
-0.169403
-0.216016
-1.7419
-7.77816
0.666003
-0.214181
0.70365
3.33822
-0.861369
1.05756
0.701935
0.322576
1.47187
0.756878
-5.15618
2.85987
3.86563
0.385584
1.94269
-7.50533
0.122837
-1.3004
15.3902
2.19677
-1.27459
-3.7592
-0.333926
0.0805638
0.476018
-4.80497
6.43806
0.664718
-0.168418
-23.2922
-0.596402
-1.14737
0.918917
-0.662033
-0.900039
9.78445
-7.21468
0.069421
0.167049
-3.30465
-0.309247
14.761
0.218898
-1.73739
-20.206
-0.126795
0.211442
2.13788
4.26166
-0.891034
0.580272
-0.470406
-1.99482
-9.03414
0.480979
-0.291042
0.095353
-1.24116
-1.46074
0.429715
-3.304
31.2003
-6.427
1.72041
1.79315
-0.0510967
-0.0523707
-0.147216
-3.07456
0.163049
-0.167119
-1.48766
-6.01894
-1.33286
0.247734
2.4931
0.354669
1.43196
-4.7427
-5.39708
17.7038
-0.801105
9.88927
1.11771
10.137
-1.1704
-1.06599
-3.01261
-0.0573691
-0.0204675
-40.6907
-6.44456
1.41508
0.63766
-1.18867
-0.658578
1.05262
-79.1916
-0.268064
0.219682
0.10067
-0.208391
3.28178
1.05546
-1.83717
-0.315466
-0.995538
-0.248392
1.54605
0.299085
-4.78821
7.00762
-1.20519
-1.14033
-0.526865
0.0949457
-1.89901
2.51086
-0.273154
-1.6919
-5.32765
1.14108
-0.380309
0.735901
1.14351
0.635001
-1.63805
1.00617
-0.642241
-1.56558
1.19783
0.124692
5.52746
2.87912
3.08563
1.06872
-2.7941
0.42179
-0.410098
0.410726
0.416427
2.07981
1.28209
-2.40192
0.314794
1.08419
3.50496
0.757735
-2.14318
-1.4598
1.22159
-3.43574
1.10772
-0.532651
-2.24349
18.1295
0.215742
-1.6483
2.66686
-0.12658
0.16947
4.4865
1.82355
0.956311
0.670075
-1.82548
0.0298435
-1.03763
1.05084
-2.03044
-2.40811
1.2894
-3.05019
0.481879
0.207921
-0.478397
0.541353
3.09987
-2.7326
1.04734
-1.80356
-0.505886
0.730714
-1.41888
-1.55007
-1.1794
-5.51662
0.18194
41.5651
3.3442
0.299897
-1.58982
0.469852
0.59315
-3.42917
-1.06004
1.42171
-1.43312
0.685676
-0.950286
0.372604
-1.01052
0.514485
1.34678
1.29522
-2.50129
-0.235881
2.28848
-0.434487
-2.27281
0.0552289
-3.22696
-2.10875
1.94798
1.31008
0.607053
1.5458
-1.24462
0.0291905
-0.733834
-0.55379
-0.615377
-0.583263
0.909665
0.720963
0.851999
0.759979
-0.879503
-0.724571
-9.59418
0.0944138
-0.385343
1.28985
0.85404
-0.26522
-0.486377
-0.626978
-0.0404712
-0.981714
0.293042
0.558427
-3.88387
-1.30794
0.0512111
-4.85472
0.777333
0.0407389
1.48106
1.29136
0.260351
0.851523
0.857353
0.0928183
-0.190302
-1.0851
0.510958
-0.700928
0.288609
0.982384
-9.09036
2.28777
0.173212
-0.164396
-0.300557
-5.7941
3.9856
-0.81378
0.204758
0.877612
0.552575
0.161174
0.625146
-0.777747
-0.429881
0.7469
2.59172
0.677208
0.576389
2.25761
-4.75416
-2.30778
6.36655
-1.67485
0.966385
-0.0308532
-0.769859
-4.5884
5.44035
10.9653
0.444039
0.94677
-1.00435
-6.77977
0.40175
-0.358815
-0.599763
1.52948
-19.4309
-1.55488
1.09629
1.46132
-1.77838
0.552462
-1.39116
-0.66904
0.0171767
2.16941
1.27737
0.660259
12.4817
0.381774
0.911674
4.99135
1.44447
0.277941
0.171953
3.36838
-15.8025
2.98589
0.364776
0.950016
-0.877733
-1.5332
-0.500103
-3.37471
2.80515
0.448943
2.09152
-0.20793
-1.56318
-0.503977
-1.86008
-0.99669
0.678434
0.615395
-2.31715
1.10873
3.54057
0.271596
2.56383
-1.13124
0.574256
-0.572467
-0.293288
-1.52803
-2.02087
-0.0708087
-2.15886
-7.39077
-0.706377
-150.479
7.82443
0.057892
0.0838479
2.745
0.0204527
-0.480156
-0.756528
-0.587303
0.885703
-6.53859
-0.251719
-0.29275
1.44691
-1.0935
-1.15496
-2.68703
-0.0893162
0.870377
0.204198
1.56084
0.38352
-0.307066
-0.738514
-0.316649
0.694659
-1.53147
-0.266118
-3.15673
-2.2717
1.62716
-0.487736
0.406453
-2.88025
0.0268328
0.150129
-1.06311
-0.854799
5.67626
0.886286
0.651669
-0.126132
0.504064
1.19267
10.0872
-0.870759
-0.663167
-3.1581
2.31125
9.39059
0.388332
14.4795
-8.18779
2.31776
-0.777554
0.230337
0.960095
-0.769928
-2.62734
-0.591147
0.0267254
-1.10019
-5.09299
-12.6739
-0.737238
-1.4116
0.226228
0.271347
1.13334
28.5071
0.0197338
-0.320678
0.36472
-1.28953
1.55494
0.93046
3.19504
-0.500627
-1.25054
-2.252
0.590445
-0.178811
0.0485774
1.69289
0.825165
3.37637
5.32331
-0.688089
-0.705334
1.21017
1.05057
0.0578241
-12.5593
0.237675
0.0345718
0.472485
-6.99888
0.810366
1.01917
-1.12323
0.421364
-0.803121
1.02674
-1.80599
0.954835
0.0266637
0.446326
-0.518604
0.0310718
0.230739
-0.337996
-1.57712
0.366217
-0.566808
0.489224
3.05415
-0.0694077
-0.266447
-72.6495
3.66021
-0.044874
0.0702594
0.122152
2.30468
-0.567954
0.316627
-2.45587
-0.383157
-21.4906
-4.11411
0.166024
-4.32208
-39.3386
-1.36537
-1.43044
-0.87899
-0.742978
-1.4502
0.0602956
-1.30993
-0.194839
-0.644943
-3.03495
-0.0880909
0.358652
7.65304
1.0028
0.266947
1.96342
0.768073
-0.259812
-0.266824
3.97472
2.07633
-0.0880234
0.848281
9.12984
2.16975
-1.264
-0.847137
-8.09002
37.7229
-13.6262
-1.00392
-1.2441
0.22542
0.287498
-0.545382
0.662688
-28.9658
-2.85322
-0.0853935
0.505874
-1.27697
-1.30288
0.783864
2.38419
0.244835
-0.561774
-1.49248
0.416389
-0.875812
0.0444591
0.246481
-0.510573
-7.20641
0.332359
-2.5571
4.45675
5.05354
-13.2458
7.93155
1.75027
0.384598
0.845882
1.39204
-3.58844
0.209405
-0.47853
4.55339
38.1729
188.143
1.32274
-0.3985
0.0444662
-2.04546
-0.43339
-5.28167
0.0335993
9.44186
-0.260206
0.700333
-60.7846
0.687599
1.67259
-2.86329
-3.57619
5.72837
2.76841
-0.207044
1.71895
0.672173
-15.7203
1.91817
-12.3712
-0.633947
-0.297536
-0.457406
0.901172
-2.82174
0.545882
1.18096
-4.66271
0.63088
0.351701
0.326964
0.852835
-2.54927
1.06033
0.949944
0.261993
1.82696
-0.561741
-1.2863
1.30062
0.665697
0.98336
-0.818422
-0.0137259
1.18625
-0.940813
0.488495
-0.700862
-3.58794
-0.0170124
0.2671
-1.00342
0.566148
1.37398
0.853857
0.362549
-45.7498
2.13615
-0.914516
-0.108091
1.18182
0.210837
0.993224
-1.32813
1.1853
-0.357417
-1.0147
0.119487
0.644043
0.102631
-0.119915
2.78175
-0.401383
-0.463278
-771.52
-40.3534
-0.440922
0.295659
-1.34791
-0.314446
-0.428195
2.27491
3.11831
2.43956
0.613152
0.262333
-1.01125
-2.23801
-0.121568
0.168395
0.471863
2.48623
1.93449
-10.119
-3.25896
2.29306
1.02575
5.14882
-0.510606
0.0781987
-1.55035
-0.77064
0.772451
0.657485
-0.893955
1.16777
4.76318
0.556173
1.34653
15.7127
0.774065
1.70196
0.556527
-0.206879
0.251782
-0.645964
30.9413
1.00493
-2.24145
-0.156894
1.77356
0.146334
-1.12875
-1.24892
-0.356961
0.120591
-0.299327
0.158607
-0.435348
2.58103
-0.014419
-0.186418
18.9703
-0.0259128
0.219292
-0.83561
1.04183
-1.82265
1.6647
-1.64032
-0.102383
-1.14909
0.705372
-0.4344
1.92469
0.413158
-1.4037
1.36357
-2.06639
3.33973
0.321276
-12.4452
1.09359
0.517611
0.654416
1.00076
-0.777704
-0.303544
-3.36001
-0.78452
0.767929
-0.358795
0.307758
2.76594
1.45363
0.010599
-3.01593
5.36562
-6.54543
6.10258
-0.7983
-0.933269
-0.12249
-1.26998
-2.69664
-26.7476
0.328152
0.306971
-0.778733
1.58335
-4.16063
-1.24215
-15.2014
1.03098
-8.27009
-0.316014
4.06654
1.67364
1.39907
-0.120562
0.148334
2.27815
-1.53896
3.46948
2.94432
1.95243
-0.0137054
0.621957
-2.88276
-3.44676
-1.71825
1.4491
0.383972
0.956625
-24.3973
1.54505
1.45586
0.21298
-0.119462
-0.76519
100.482
-0.984139
4.1699
-0.260805
0.0390321
-0.863923
0.637977
-15.45
10.5298
-0.181472
-21.089
0.330021
-3.43516
-0.329097
-9.19192
-0.00162115
-0.621296
-0.0404793
-2.33585
-6.5633
0.0514247
0.553613
-1.3531
1.05861
-1.38111
-0.949595
-9.92921
0.823582
-1.04699
2.34291
1.48146
1.0991
-6.13981
-0.516013
0.627655
-4.2605
1.84963
-2.8802
-0.0256709
0.150308
-11.7176
-2.58766
1.21897
-2.06182
-0.241508
0.54059
-0.767581
-5.99992
-0.552511
20.6208
0.245899
-6.5542
0.403347
2.0151
-0.339868
-0.196823
2.05009
1.18009
13.9975
-2.33715
2.89972
-0.866204
0.85849
0.147519
-1.83245
-0.900978
-0.270418
-0.773645
-3.3059
-2.25396
-12.1322
-3.89218
25.5289
0.991664
0.0605608
-0.315096
-0.353679
0.220428
-0.575784
13.0657
-0.397574
0.648138
1.72184
-1.93778
-1.6916
-4.39892
1.31721
1.27829
2.17246
3.11045
-2.95608
0.29287
3.48948
-1.42948
0.835364
-7.31474
0.494633
15.302
-1.71183
0.258135
1.89542
-0.877116
-6.94626
0.651182
1.17197
-0.536789
5.00737
-0.319553
-0.709313
0.60958
-0.13856
0.248135
-0.788735
1.45684
2.3716
-2.88453
3.53408
-0.764307
-1.74134
-3.95583
0.706165
-1.14578
-4.11515
33.7808
1.19711
0.801993
-1.07413
-3.45829
-0.316348
0.738797
-1.16501
0.83637
0.247348
-0.703633
-0.582975
-3.06186
6.55809
0.0029649
10.3132
1.76172
-0.690851
1.59575
-2.55886
-0.103902
0.237567
0.647832
13.4339
-5.06217
0.186631
4.51461
2.28317
1.13543
-0.619454
48.2114
-5.84377
-0.782212
1.07861
-2.59636
0.711078
-0.455825
1.5289
0.730132
1.06299
-2.36102
-0.421203
-0.204656
-0.726549
2.39382
0.681778
-0.257812
-0.878339
1.95529
2.45815
-6.40004
5.37094
-0.84022
9.40234
-8.89917
1.15464
-0.329213
15.749
0.309996
-9.6918
2.25748
-1.17721
0.84143
-2.73739
0.165645
0.807672
2.23203
-0.553064
-0.939667
1.4615
0.0278093
0.548625
-0.126914
-0.0426346
-4.93903
-0.38865
0.551667
-0.777669
-0.000311974
2.92857
0.519018
-0.449147
2.01573
81.0063
-0.77604
4.57452
18.1081
1.70673
3.44083
-1.03092
1.39792
0.0189658
0.418206
-2.23382
-1.00387
-0.901114
2.9191
-3.15476
-0.381927
-1.40679
-0.350686
2.55796
0.278282
2.06518
-2.17655
-1.96769
1.01805
-34.3649
2.76524
-0.106594
0.704488
-2.32177
0.11773
0.383421
-2.7548
-0.468898
-0.0390073
-0.389044
0.328197
-4.41626
-1.99196
-6.00241
-2.46893
-1.21816
0.0171556
0.0411036
0.675951
0.465223
-13.2427
-0.271992
30.1117
-1.6383
-2.18783
1.23023
-2.81421
0.0477022
-12.2939
-0.425068
-5.5529
2.18455
3.37433
-1.16779
-1.09097
3.37874
-1.01618
6.99558
0.0864804
3.03827
-2.01135
0.317809
3.35117
5.9254
-1.65752
0.719774
0.890111
0.460981
-0.984433
-0.836067
0.888947
-0.0547854
0.0712906
-4.08886
-1.4115
0.343468
1.86783
0.0525323
0.507153
-0.291584
0.759543
-2.46496
-1.03278
0.564202
0.111634
-0.446738
2.64343
3.28434
0.878479
16.728
-0.572326
-0.85758
60.9663
0.498871
0.580236
0.93234
-0.636683
0.517523
0.596001
0.865553
-0.771935
-3.56158
-1.24816
-2.69898
-0.554291
0.219128
-0.017614
0.0424026
0.336755
-1.5069
-0.824417
-0.503473
0.0143162
-0.284646
0.0974898
0.541014
0.284384
-1.14083
-0.134701
1.12552
1.09393
-0.223662
1.04026
0.0442934
-3.84747
-0.462952
2.76654
-0.00637215
-1.52074
-0.760993
0.451821
0.0717264
0.729609
-3.19376
2.24203
-0.04248
-1.13322
-0.917111
-0.163111
-1.44685
-0.261843
7.393
3.32784
-36.9805
5.115
2.42489
0.0492129
7.82408
-0.421101
-2.08
6.07791
-5.49694
-0.740131
-0.238607
2.30023
0.844302
-4.61169
-0.717722
-0.678781
-0.546099
-1.61597
-3.31474
0.632592
-0.258629
-24.0127
-5.75344
0.389559
0.330211
0.152814
0.226354
-0.279062
1.21737
-0.928261
0.0490656
-1.98546
-1.74158
-2.06831
-0.686805
-0.332294
-0.186275
-4.36016
-4.71224
0.000671985
0.144333
-1.58338
-6.04329
1.35304
-1.72068
-0.926185
0.911847
1.42888
0.460968
-0.360351
-1.28713
0.178917
-10.5527
1.47791
19.0202
-3.42982
-2.08663
1.90214
0.018324
1.86279
-41.5005
1.75144
2.09444
-1.28121
-0.66402
-6.25458
-0.0702201
-4.95221
-0.764087
1.20185
-0.753172
-2.51116
0.406528
-0.555342
-1.88943
-0.969342
1.93392
-0.0765159
-5.23441
0.550929
1.35324
-862.661
-0.0546569
0.360674
-0.168539
1.8484
-1.20741
-1.10708
2.67781
0.529362
1.46546
-2.43802
0.0276236
-0.29024
-2.05461
4.83431
0.500737
3.95254
0.0376112
0.212226
7.07597
-1.54217
-0.178982
9.43588
-0.281928
1.70703
1.69057
-1.28877
-0.364587
-0.256983
-36.0725
-0.340035
7.05448
1.2894
-0.715111
-0.602838
-3.38802
0.874255
0.848874
-0.388505
-2.02806
1.27082
0.829799
-0.0578064
2.6478
0.892495
1.2921
-3.20866
23.8307
2.5333
-0.00862246
-0.982823
0.244614
-0.841945
-0.0520961
0.336251
-0.136034
2.74383
11.1211
-2.63819
-1.95504
0.576504
-0.212288
18.7684
3.11263
0.105183
-1.04417
-3.61046
3.85265
-1.08085
0.408167
-0.113329
-1.52139
0.283954
0.859368
-0.36902
-3.08376
5.79375
0.52435
0.876816
-0.468818
0.415931
0.685082
0.334318
0.598479
-2.61018
-3.36337
-0.319535
-1.17948
1.50636
0.572134
0.277221
-0.839011
-12.529
3.44076
-0.417105
0.940502
-0.0498972
-4.48254
1.83955
-1.27843
1.86051
-0.289543
10.1609
0.250297
-0.0424767
-0.045518
-9.18573
-3.38792
0.0786752
0.923114
0.298495
1.33988
-0.669023
0.0460416
-0.650682
0.487442
0.0705443
-86.3298
-7.44677
2.89412
-29.0182
0.272388
-0.908828
0.463194
7.94725
-4.25622
0.357156
0.407155
2.13431
-0.700856
-0.0747701
0.0693807
-0.493672
-0.455352
3.09347
0.619618
1.79919
-1.34858
0.980863
-0.137082
-6.45706
2.08784
-0.00809368
17.9678
-1.22573
1.36107
-1.70605
0.241262
4.88429
0.073121
0.114021
2.13584
-0.208725
-11.3421
1.46745
0.655335
1.58638
-0.214556
-5.42472
-1.96457
0.0186425
-0.876374
2.10605
3.63066
0.748787
1.32673
0.760807
0.103004
5.49225
1.01551
3.52505
0.0658541
1.36339
-0.588625
-2.472
5.86736
-0.438659
1.56808
1.71419
-1.20481
85.3894
41.8699
1.04233
0.316766
-0.404833
-0.341541
1.77932
-27.4574
0.552856
-0.497825
-0.140107
28.0906
-0.755827
-0.536078
-0.781178
4.16266
-73.3345
-0.144659
-1.08324
-12.4272
2.22795
5.9195
-0.411576
-0.761494
-3.61047
-0.907636
3.31078
-0.818743
-3.83474
0.732809
-0.633349
0.757264
-1.78488
-6.70801
-0.00232946
1.39627
-2.38052
0.0138644
-6.0243
1.61205
-2.89157
-0.199899
-3.41884
5.14686
14.2159
-1.35262
-0.512128
5.65924
-1.24038
-0.632193
-1.0949
2.33256
0.341856
-1.78385
-0.372492
-0.0849859
-0.576608
-0.340584
-14.4528
-0.140867
0.40094
6.26584
1.36962
2.1555
-0.332681
1.25236
-2.03043
-1.09761
0.643544
-2.40056
6.12617
-0.72852
1.29296
-0.121733
8.7415
0.0120991
-1.74853
-0.903823
-0.0903447
0.827049
5.86564
0.472388
1.26581
0.5586
0.171349
-1.32457
0.0509112
-0.651813
0.645102
0.813806
0.611223
1.10014
-0.501064
-0.0153105
-3.15013
1.58091
4.94949
-0.712382
0.896186
0.660718
0.690989
-0.152966
1.76843
1.03202
0.15137
-8.61152
1.2435
-0.712541
-225.25
-0.365829
-0.773659
0.436855
6.69508
-0.980753
-3.89559
-0.70733
-2.82802
-1.1592
4.12435
-2.80213
0.207634
-0.646283
-0.0280948
-6.0568
3.90387
2.98492
1.53915
1.17697
-2.49488
-9.03332
-0.254154
3.76937
0.218212
0.677335
-0.937401
-0.456635
-4.22446
-1.17048
11.9016
2.77284
0.452421
-0.94262
-7.85752
-0.0832731
3.11304
0.675456
0.915189
-16.4339
0.127797
-0.696649
0.170913
-33.9368
0.742497
-3.08831
-0.215292
6.38798
0.132691
0.0364833
-0.25988
2.65208
2.11017
2.83064
-0.238513
-3.12056
-2.36382
-1.30011
-1.76366
-1.12179
-0.316188
0.465968
1.08045
-1.74054
-5.47061
-0.480157
3.96186
0.666333
-1.95942
-4.81396
-6.21689
-0.343617
254.987
-0.200644
9.6039
2.12626
-4.12497
0.497591
-1.46832
6.78068
-2.50159
14.0406
0.416378
4.47712
-5.56332
5.33926
-1.34748
-1.12796
-1.12247
1.05575
307.621
-3.05118
-4.22605
-0.725438
0.669427
-1.98158
5.88334
0.718067
-1.64218
2.45236
0.818606
-0.142962
3.85582
1.04781
0.524153
0.607633
1.14139
1.02795
0.600821
-19.5682
1.03137
0.175446
-0.331267
0.0153981
0.311931
-1.57127
0.656247
-0.365429
-3.68519
1.46518
-3.42986
-34.6512
14.1425
-1.73564
-5.67233
-0.660983
1.06686
6.18046
-20.0891
6.41742
0.603084
-0.168557
-0.046447
-1.78725
-0.303464
5.07851
-0.775622
-0.781083
-0.918878
2.79141
1.62281
-0.147299
1.45942
0.0546352
-1.70956
0.198493
-0.14032
-131.852
4.7055
0.155592
-4.78373
4.1659
12.9978
-1.80262
0.0659237
0.245115
-0.297716
2.07717
4.38862
-0.617335
-2.32045
0.436809
0.199893
4.92883
1.18038
2.24967
-28.1173
-0.0190877
-0.16205
-5.74732
-1.55966
2.24821
0.403914
-1.51959
1.02376
-10.45
-3.62893
32.0687
-7.23305
1.41913
-6.03969
0.386864
3.19383
-3.1614
-3.41138
9.93951
0.862179
0.147958
1.63969
24.2805
0.450614
-3.29397
-0.274899
-0.0140364
-0.997031
1.0122
-5.71828
-10.9116
0.4026
-1.30355
0.801371
1.6989
-0.366309
0.460083
-15.6813
-0.160966
0.34397
0.00490011
1.22773
1.15209
5.05356
-1.40126
1.06278
0.464169
-8.13532
0.620734
2.61626
-0.587731
1.89951
-0.0175267
-0.512657
-1.0327
-0.196228
10.5497
2.00017
0.337491
2.21276
0.905797
-0.934433
1.11027
-3.2248
-2.06283
-2.07223
1.4076
-1.04917
2.3402
-0.87602
0.500035
-2.76
-0.211053
3.57219
-1.05444
0.999409
-0.31715
2.92164
2.33801
-0.60207
1.44344
-0.309221
-1.86904
-27.4047
-1.10102
1.14106
-2.09683
1.88286
-0.703603
-30.9817
4.71363
1.70505
-0.344737
-2.72332
0.139761
5.76207
1.68312
0.540838
-0.966132
-0.474055
3.23274
-0.538446
2.20939
-8.58671
1.66715
-6.49502
3.25573
1.69098
-6.0945
2.1805
-0.654348
7.56724
0.392302
-0.288175
0.679861
1.08293
-5.6549
1.56537
11.0834
0.745863
-1.77399
-0.927416
0.013974
1.01695
0.89821
2.12405
-0.82667
-6.91127
0.707365
-3.24137
-2.84864
6.93692
-7.57133
0.484651
0.0332202
-0.883159
-4.34376
-0.619865
1.12876
-1.30065
2.47302
-0.202836
-1.32732
-1.08894
-187.298
-1.9537
-0.010135
1.25455
-0.473503
-2.27961
-1.28595
-0.378051
0.499035
-0.610742
-1.08069
-0.505177
2.33848
-0.291518
0.307237
2.8168
-1.40514
-1.26647
-1.18243
-0.562855
-0.374995
1.27897
0.729049
2.73349
1.87868
-0.400191
2.93975
-0.897123
-1.42832
-2.38438
-0.384382
0.375772
-9.40225
1.03201
4.89852
-0.0178924
-1.17638
0.439181
1.25243
-1.61081
-0.0690851
0.319982
0.0048909
0.00140266
-1.42359
1.55693
-0.356816
1.55162
-0.368704
-0.0120018
-1.41728
-6.65913
-1.05107
1.77418
2.64126
-2.24826
-14.752
39.9462
-0.324896
0.600579
0.444327
0.893661
31.4745
0.0500594
2.89719
-0.203236
0.189385
-0.722605
-1.22419
-0.801701
11.2241
4.66262
0.837989
2.43059
-23.7688
-2.3892
-6.46185
2.4945
-2.36872
-30.7816
-0.740976
0.013027
0.413863
1.25419
0.93144
0.953806
-4.10774
-0.582421
7.92431
-0.364074
-13.7818
0.0143715
0.639007
-0.300023
-0.231035
2.62026
-0.270375
2.09259
-0.759139
0.47421
-1.56656
-0.266066
1.09011
-1.74619
-1.66955
-1.34722
0.292953
-0.11516
-0.786333
0.602828
0.0854077
-7.0563
0.218064
-2.63843
-1.1931
6.30031
-0.28428
5.29746
-4.42989
-1.00551
1.65798
0.516736
-0.610664
-4.63237
5.86249
0.818777
-8.03428
-0.220534
-1.46576
-6.7331
-6.75048
-0.740115
3.07314
0.234486
-4.73608
-0.835967
1.64337
0.950715
-0.26496
2.3123
-0.492175
-0.282146
-1.14796
-0.343723
-20.9395
-14.2968
-0.846738
-1.46316
0.0651213
0.662233
-0.891319
2.80217
4.1404
-0.0691686
0.863533
0.787239
0.382934
3.96996
3.5263
0.391584
0.418658
-0.771781
-17.062
-3.32041
1.17168
0.247958
-0.559774
-0.452418
-0.423994
-0.460344
0.962083
4.6126
0.420126
-31.197
-0.653844
-0.213598
0.336879
6.36547
-5.90791
-0.422171
1.11703
-2.12737
-0.49205
4.33443
0.64102
1.75541
0.389722
-1.05188
3.54528
3.6182
4.53055
-0.181983
-0.0226946
0.857508
44.0026
2.00904
0.710637
1.11694
-0.0598703
0.309433
-2.76781
1.94871
0.00398191
0.132195
1.28989
-0.429317
0.0107237
7.48029
-0.187415
2.75361
-0.0806513
0.332414
1.53789
1.96071
-0.552019
-1.31945
-0.01789
0.837751
-0.70776
0.480185
-1.8627
-0.00852447
-0.943052
1.9159
-0.080214
0.582701
-0.583413
-0.636587
-27.1985
-0.646504
0.618617
-0.270002
0.902852
0.597781
8.53261
-9.50872
1.83742
-1.04802
0.0830801
0.0903935
-0.413383
-0.216538
0.723064
-1.27999
0.0796802
0.437872
0.480155
0.0912982
0.914595
84.6766
-2.03799
-1.21664
0.430471
0.45534
-4.12736
-0.33342
0.705873
-0.918611
2.80183
-0.288385
2.18225
0.400981
-0.944391
-0.192496
-1.28678
-0.119915
6.05095
-1.8599
0.974501
0.397329
-2.19274
4.71019
-3.07792
0.815073
1.44614
0.377322
-1.1976
0.429043
-104.205
-0.35476
3.01932
0.28269
0.231182
-1.16828
-4.07214
0.686451
-30.8485
-1.16531
-2.29064
0.980145
-0.257301
1.65469
0.855224
-0.619693
-2.26905
-16.1888
0.388906
-0.464555
-0.556265
4.58633
0.545286
-0.108231
-0.190675
-0.313931
-0.48212
-1.32781
1411.42
0.121942
0.257078
-0.235638
-1.22484
-0.928968
-0.0910627
-11.6025
1.05435
0.50735
-2.39847
-0.437584
0.751938
-8.46276
2.12415
0.241327
-1.20648
0.113856
-0.0877752
0.26978
0.182664
0.851213
0.175421
1.20563
0.166606
0.22976
-6.12841
-0.652401
-0.464222
-0.33313
-1.34431
18.9203
0.781509
6.84769
-0.0817812
4.32719
3.36769
1.37887
0.682476
0.356829
-0.591453
0.0623312
1.10849
-0.316678
1.07273
-0.386269
11.3947
3.08537
-0.37204
-0.00698757
0.332445
-1.16563
-0.453643
-0.0285785
0.248774
0.756973
-0.0287814
-0.0833937
1.81102
1.5797
0.863871
-69.1289
18.1242
3.76107
0.544402
1.14968
-3.00727
-1.21333
-2.62165
-8.20812
-0.1631
2.31883
-1.44752
1.06303
0.0335316
-0.142725
-1.05225
-0.187163
1.47353
0.0714571
-1.34768
-3.11597
-0.332067
1.07102
-3.52497
0.310022
-5.97377
0.209518
-2.81009
0.27067
1.26048
-0.359514
-0.247384
0.627588
-0.883198
1.50752
2.24161
-1.05888
-95.033
-0.0525302
1.95994
-0.166864
-0.200627
1.08629
2.63443
-1.08867
0.296784
1.13799
-1.00273
-0.0670358
-8.83437
0.169961
0.39502
-0.711084
0.264418
6.99501
2.08335
-1.79862
1.30329
-2.99039
20.7001
1.06967
-2.30651
-0.909013
0.0325673
-0.404916
-2.89433
0.869747
-0.853183
-3.10305
0.073699
-2.6016
2.54947
-0.600975
-0.680406
0.171534
-2.79097
2.40591
1.9772
1.76888
-1.16291
1.15722
-2.22979
-1.37173
0.119095
-0.661521
7.82946
0.231471
0.629868
-1.62255
-0.315013
1.1805
-1.05417
-6.96524
0.736109
-2.8361
-0.553492
0.912447
-0.9343
0.209521
0.448345
24.4209
-0.0258836
0.31137
1.28874
0.721545
-1.86359
-0.880543
0.161998
-0.443614
-8.13201
-0.282246
0.144006
-3.69525
1.01011
0.174836
-0.639066
-0.140308
0.31299
1.25636
-0.351459
0.627176
-0.119555
0.323967
-10.8193
-1.11204
1.1246
0.0571071
0.675377
-2.10277
-1.37412
0.0851647
-0.0579043
-975.093
-2.66925
0.920882
-0.636873
1.50775
-0.421904
0.528247
-0.131401
-1.18586
0.966286
2.57253
-0.433338
-0.660246
-1.69077
0.114093
1.03113
-0.336162
-0.39672
-0.313444
-1.13829
0.246553
-2.16762
54.8154
1.46026
1.84082
0.301495
1.13889
-4.93172
12.2751
0.890114
0.716374
1.88653
0.923838
0.344069
-7.23767
-0.116125
0.206829
-1.19009
1.20769
0.57336
-10.6961
3.00037
-1.05331
1.16
-4.43734
0.234182
9.19095
0.42619
-3.09423
-0.0338059
-1.5086
0.207086
2.53873
-16.7327
-1.72433
0.711017
-3.61337
1.22548
-0.539735
16.2294
-1.1373
1.28008
-0.388792
0.800964
1.86208
-7.1882
-4.11058
-0.0308857
2.7043
1.54432
0.381592
0.318123
3.55934
0.0929772
9.02148
14.4237
0.239547
-1.85162
0.728154
0.278629
1.92941
0.889873
-1.90824
-0.0052133
0.175117
33.5886
6.93964
-0.189607
0.697273
-1.09623
1.15919
0.391691
-3.64653
0.491088
-1.94552
-1.23644
-0.0534559
-6.19711
0.169955
-0.232421
2.38804
1.11392
0.56808
2.61913
-0.0215221
0.419896
-2.69432
-0.112148
-21.63
2.59712
-0.062731
-0.55152
3.13636
-1.46586
-1.16181
-2.7023
-0.51626
-0.0874535
0.415696
1.5146
-1.13202
-0.73765
0.279539
-3.55946
0.352036
0.29938
-0.274235
-0.15951
2.08102
-0.427159
-1.19895
-0.137412
-0.198085
2.22395
6.83957
0.300584
-0.06346
1.11668
0.675001
0.826698
-8.32676
-0.452187
-6.06551
-0.216823
-7.70697
-33.6162
0.0667809
-0.00546425
0.66577
2.34088
0.20153
0.224497
0.812426
-1.30049
-0.421298
8.44961
-1.47646
-0.737994
4.30333
-1.02861
0.517349
0.421616
4.63526
-2.99161
3.96729
2.00623
0.35976
1.49741
11.6862
-0.370492
-0.349295
0.31827
2.5963
0.38998
-1.09639
-0.96912
17.9843
4.40665
-1.16769
-1.39008
0.464254
-8.0609
-0.0225175
-0.518206
-17.9906
-1.62535
-1.05645
-0.914896
6.1973
-1.13608
371.405
3.59441
-2.14303
0.766241
-2.78132
-0.398624
0.0948825
2.33699
-6.7527
0.486504
43.8629
11.0787
-1.38689
-1.1386
2.07979
-0.85018
5.71801
1.87322
3.82731
-10.7167
0.340668
-4.30809
-5.09552
-0.311263
-1.42359
1.69094
0.11688
-3.62086
-1.43293
1.19231
-2.42775
-2.44863
-3.60099
-1.60096
1.02941
0.417941
0.576341
-2.01571
0.953206
2.32366
5.41609
5.73411
-1.1494
1.2987
-0.967051
-1.49726
0.678065
4.50654
-0.894252
4.41531
-2.11256
0.271382
-0.225236
-1.24703
0.713932
-5.6368
1.15972
-0.682576
2.22042
-5.68218
1.78967
-3.16628
1.45554
-4.21859
-20.3292
-0.828578
0.4097
1.20099
-1.01784
-0.143952
-1.24055
0.362562
-1.76376
-23.3576
0.462655
1.36037
-2.42623
7.5034
-1.38772
1.27907
3.88492
2.20709
0.758173
-1.42208
-1.31595
1.81418
-1.06664
0.460307
-3.91813
-0.396264
-13.5952
-1.98624
-1.24886
0.698969
3.28192
0.681489
1.66525
1.2566
-22.3006
0.126371
-0.233389
-778.597
0.294063
-0.0159761
0.156738
0.285974
8.46885
2.19585
-0.418236
-3.98387
-0.477037
-1.58946
0.916148
-0.202792
-0.714015
-0.968189
0.545598
-2.37329
0.39038
-3.83807
-0.581898
0.0200414
0.692851
0.10671
-1.69253
0.986283
-8.43702
111.243
0.24667
36.7892
-0.176061
-4.00027
0.253409
0.13569
0.421847
1.617
1.53172
0.494168
-0.861889
-0.751101
-2.50003
0.249181
1.29394
-0.0435106
1.3547
-1.55341
-1.99735
-2.78429
-0.467796
-0.118133
-0.139413
-10.7515
-847.102
8.23925
-0.481963
0.577996
-3.11253
-0.160049
-0.409149
0.118742
-0.935359
13.5567
-0.365017
1.76883
-0.803773
-3.96286
240.011
-0.00475561
-0.525268
3.47794
-0.631378
-6.02932
0.58796
0.578146
-0.0678603
2.54094
2.149
3.85924
-2.46369
0.776692
2.1937
-0.913223
-4.41895
-1.80987
0.623937
-1.41233
-0.846753
-1.02419
-0.895157
-3.19732
-2.91817
-1.18259
3.93953
-0.468315
-0.261614
-3.02154
-0.0476201
-1.72962
1.4203
-3.82873
-1.46143
-5.81475
0.849028
2.30799
0.111487
-0.787265
-18.8591
0.00210458
-0.247314
-6.7347
1.18618
2.01191
3.41356
-1.66211
1.38942
-0.019973
-1.34266
-1.65126
0.820407
0.649238
4.27151
-0.119263
1.15863
-0.524211
-142.741
-0.0685741
0.131252
0.190303
-0.0437616
-2.29317
-0.122735
0.365909
10.2212
1.04905
-0.185551
-2.16204
1.89882
1.08658
86.7302
-6.17673
-2.4153
4.44588
-1.04385
0.742647
0.439851
1.66046
0.752814
-3.76692
1.12413
-0.342004
-0.11385
1.04817
0.390662
1.21379
0.310674
-0.625989
0.868829
-0.130981
-2.021
-1.46921
-1.68575
0.463216
0.893727
0.0407847
1.38133
0.16023
3.01816
-0.297847
0.556491
0.151627
1.08353
0.97096
-0.423696
0.563096
-1.5843
-0.822448
6.18228
6.8709
1.21929
0.45081
3.61065
-0.0284826
0.877451
6.54297
1.42072
-3.00572
62.0585
0.554921
-4.23831
-0.0376865
-0.280629
0.979324
0.453211
0.435326
1.49555
1.20892
-2.04461
0.390116
0.168397
6.31483
-1.80276
-3.49024
-1.66536
-6.59469
-5.3339
1.01717
-0.611977
5.04179
1.1149
0.143364
1.94492
16.7525
3.22435
2.24909
0.0175923
1.72263
1.65203
0.653042
3.03016
2.3533
0.672631
-0.284361
-9.96953
-0.735223
-5.36522
0.715131
-0.387297
3.44958
-1.55112
-1.02579
1.39996
0.319972
-1.39331
0.764266
-3.19695
-0.979422
-13.6734
-1.04132
-0.0901945
-0.427897
0.00576528
0.825222
0.186742
3.01201
-3.48542
1.89847
0.417454
0.886057
-0.458794
-6.01097
-0.218581
0.847297
-0.517467
0.581801
0.890669
-0.456257
0.548524
-5.11838
0.714784
-0.738609
-1.48007
0.293659
-3.46659
1.12099
-0.0685266
-0.295532
-2.23096
-1.53494
-0.0620348
-1.57896
-4.70299
1.28336
-3.6739
0.288929
0.597409
-1.83735
-1.14448
0.325318
0.0431922
-0.323475
0.458465
0.390069
1.34959
1.43342
-5.95011
0.916677
1.60316
0.874463
2.30796
1.24017
-0.498525
15.8433
-1.56334
8.35512
-1.00948
-4.24341
0.0702636
1.26435
-0.182975
10.0199
-0.388157
-2.53369
-0.225893
0.182271
-2.83881
-1.12654
1.28533
1.039
-0.565469
0.075019
0.491397
47.0581
0.14618
-0.0798932
-1.7579
1.51681
-3.98047
-3.5362
-10.9648
-1.21917
0.915364
0.788135
-1.54341
-0.749417
-10.3822
0.424873
-3.53212
2.15655
-0.564923
1.36093
-15.1027
-3.42503
-1.31571
1.22302
-1.11685
0.138984
-1.48515
0.398932
-0.111869
-0.331882
-0.140167
-1.02159
-0.340234
1.24281
1.38128
1.01534
0.899943
-1.00324
0.76533
0.847058
0.290009
0.616032
-0.0148572
-8.40074
1.58471
-0.11464
7.05544
1.31996
1.25103
1.49905
38.2282
0.556185
3.33268
-1.44677
-1.389
-243.528
0.587633
0.595856
-2.91917
-1.02989
-0.540511
-4.50919
0.281731
10.687
-131.873
-0.994578
-0.544293
-0.906358
0.992094
-0.649942
5.10583
-10.9271
7.13895
0.56218
-1.28963
-0.871353
-4.64643
-0.330715
1.96184
-1.0316
-0.413065
1.1182
-0.0900156
1.18122
-0.522289
1.48433
-2.19797
-0.177065
-0.674728
0.918951
-0.613607
1.19074
2.55853
-0.755162
1.7334
0.835609
-1.44616
0.170648
-3.15652
-2.66601
-3.26658
-0.695925
-1.13988
-1.09872
-1.69749
0.59739
3.58565
-0.178533
-0.0986453
0.00563327
-0.317973
-0.337489
0.467931
46.4482
0.176517
0.129671
-0.670939
-1.76764
2.72379
0.745974
-22.1778
-0.701361
-1.62385
0.986327
0.162953
-3.27105
0.493607
2.57583
-0.107432
4.59196
8.33012
-4.76557
0.376322
3.72964
0.724782
-0.603225
23.5921
-0.528088
-0.676236
-0.650663
-0.206855
-0.38161
0.169311
0.607062
0.362489
5.89156
0.666144
-0.262234
-9.10145
-12.45
-0.0858709
-2.9652
-0.123881
0.0247521
-3.04343
0.759115
6.18353
-0.315418
-0.808366
-0.58824
2.00135
1.65193
0.638078
1.48078
0.347746
-2.50955
-17.531
0.414881
-0.00817823
0.650087
2.45525
0.20622
0.0230082
0.973378
1.4995
-1.96273
4.24609
1.25129
2.5962
-0.732818
2.53968
-1.89146
0.424812
-2.0025
-0.11497
-8.0055
2.43316
-1.78572
-1.56989
0.835904
-8.29472
0.745095
0.217047
-11.8657
0.168727
0.821628
0.0691937
-2.28257
0.920782
-0.911784
0.591523
-2.84535
1.63061
1.84894
-0.219844
1.53848
1.06959
0.725788
0.204235
-3.27846
-0.123066
0.493216
2.20718
1.89385
2.4639
-0.300013
-2.17694
1.13802
1.2982
-0.200917
0.030781
0.00568463
-5.69121
0.121971
0.0729512
-0.946615
1.69526
-1.68026
0.382797
2.99388
2.10203
0.961369
0.400625
-0.878134
0.685905
4.57966
-1.15677
0.0792641
1.07195
-0.886601
-0.440056
-4.58584
-0.398898
-0.323893
0.121503
-0.376837
-0.394192
3.56907
3.24056
-0.508529
0.273829
-0.122699
-0.100354
-2.4597
-4.97798
-0.321491
1.10066
0.217425
-0.105339
-0.130262
0.400536
0.528141
3.9036
-0.150597
2.34127
-1.02638
-1.89162
9.12693
2.14548
-0.438943
-0.204303
-21.6833
0.427833
-0.657812
-0.0484382
-10.4534
-0.493276
-2.55665
-2.2436
1.14538
-0.637412
-2.30345
-0.0397433
0.695174
1.83174
-2.01846
-6.79257
1.33071
-0.507626
5.21496
-0.0355566
0.106425
-0.0739904
-0.243538
-1.03546
-0.0809814
-5.17938
2.20835
0.717586
-3.3586
-0.195633
-0.563904
0.475464
7.10915
35.6042
0.0609131
-1.8515
-2.04376
-3.18502
-0.309206
-0.897784
5.42306
0.221858
6.51055
0.311933
0.775145
0.146795
0.234316
-0.15987
-0.644856
-4.01431
0.394041
0.834933
-0.595946
0.999075
-6.7559
1.00701
-1.11408
-1.11559
0.358029
1.14012
-1.38763
1.68756
-2.28927
5.20015
1.0233
-2.27925
1.67151
-0.716637
0.950518
0.480436
-0.501078
-10.2414
0.104263
-4.08889
0.510985
-0.662004
1.04426
-2.34603
0.392434
2.89519
-0.24911
4.17662
-0.436969
1.03382
-0.0857336
-3.01298
2.22713
5.0973
1.48852
-1.51629
336.596
-0.534579
0.559088
-0.0629298
-1.01741
-28.1589
-2.79606
-0.257195
-1.91228
14.5212
7.38182
-0.236783
-0.804211
-0.29003
-12.779
0.00873848
-0.328813
5.49416
5.52891
1.15973
-3.70154
-0.409562
-6.45064
-0.454359
6.93313
0.452952
1.98034
0.952503
2.20695
-0.540242
-2.51427
0.426525
-1.89307
-2.06936
-1.52873
0.0638639
1.83892
1.12305
-0.945667
0.128609
0.539823
1.62259
0.988245
-3.67795
-19.7275
0.112332
1.44822
1.23898
-0.458646
0.387102
2.17038
-6.42502
0.178898
6.04867
-0.690816
-8.01847
-0.573434
-1.62715
-0.732782
-48.4131
5.33914
-0.0216399
0.325264
-0.380837
-2.54006
0.402908
3.11414
0.962451
1.37735
-13.7788
-0.397566
1.4461
-1.28592
0.732614
-131.671
-2.11726
0.0384598
-0.575253
-0.55658
-0.715116
0.58956
-0.439523
-1.72347
-0.316003
2.28845
-22.7282
-1.25588
1.48241
-0.0239426
-4.39389
0.0034152
-0.0713062
2.68434
0.446806
0.0826241
2.94067
2.48641
1.65111
1.3892
0.100517
-0.678519
4.71528
0.570196
-1.55926
0.120653
154.926
-0.491205
-0.335328
0.0985758
0.701758
0.672132
-1.5858
1.27719
54.1559
0.792242
3.31114
-1.49263
1.3746
-0.495029
-3.72723
-0.89414
0.636854
-0.120758
-1.30866
-12.9837
-0.840527
6.50973
0.701473
-3.65938
1.21318
-3.73002
0.88301
-1.39358
-1.18161
172.142
0.0304506
0.563785
-0.563637
-0.762581
4.21912
4.99329
0.717475
-0.352445
0.133501
0.861355
0.0498661
-33.5707
-7.93386
1.25675
-0.143301
-7.13912
0.119522
0.842351
5.61925
-2.80692
-2.45188
1.07415
0.208421
1.09494
-0.190865
-1.02734
7.77249
-0.572665
11.5017
10.155
-1.36238
0.108829
0.0145355
0.0328722
44.9592
0.925318
-1.09868
4.36647
0.718836
1.50941
-0.647996
0.892197
0.229721
-3.39608
-0.107675
1.77731
0.0952042
19.6091
1.11138
1.92055
-17.3781
0.137559
-1.65561
1.35926
-1.28593
0.037053
2.71514
0.438589
59.8214
0.307739
-0.789964
-0.973085
2.94782
-2.31497
2.51798
-0.031116
0.275339
0.29142
0.302961
-5.48049
-55.2149
-0.250008
-2.35617
-0.324477
0.51413
-0.757544
1.55039
-0.159882
1.96095
1.69172
0.295221
-1.50564
-0.82589
-0.327032
2.35048
0.541175
-0.583522
2.12037
-0.2902
0.53728
-1.31544
-0.101614
-0.602911
0.250676
1.70665
-0.702642
-1.60646
0.351403
-1.76668
-5.28502
3.52299
0.894942
0.568606
-26.4852
0.60258
-14.4004
1.22657
-0.896505
-11.8965
-0.596059
-0.0610497
0.873446
-1.87172
0.829201
0.686605
-5.11206
1.0944
0.389905
-0.61956
-0.250463
0.989242
-0.0396019
10.6223
-2.70596
2.42755
-0.979189
-0.3849
1.49468
1.07919
5.40997
4.31579
1.05771
1.43381
-0.926105
0.330401
-0.645402
-0.471314
0.603693
0.611958
-1.2231
146.581
1.05586
8.00886
-0.557989
0.102817
4.54516
-17.8573
-36.389
0.0197377
9.25122
-0.967846
0.121148
-45.9613
-3.98833
-0.915479
0.0421692
-0.454992
1.06791
-1.015
-0.521889
-1.38047
-0.074995
-3.90376
-0.126863
-1.61122
-13.0237
0.875626
-1.02253
-2.65831
1.12119
54.3373
-0.410902
0.185869
0.0512252
0.726425
-5.2581
-0.528536
-0.0861607
-0.189123
0.210779
-0.275467
0.101031
-1.20496
0.47828
-1.08597
-4.72571
0.769739
9.21368
-1.844
3.20384
-2.51947
0.0629504
-2.99276
1.03337
-0.199784
-1.36671
-0.359141
-0.824762
-0.798191
-1.45917
-3.81325
-3.34053
-19.3713
-0.965522
-0.853334
1.12443
2.09198
0.480853
6.71908
-0.797163
-0.723457
0.235721
5.81649
-1.64454
1.44046
9.72874
0.522774
-0.749695
2.27622
-0.0821779
0.220412
-0.458578
0.11525
0.283181
-2.0247
-10.842
13.2658
-0.182724
2.14257
3.75833
33.5581
-0.0903882
0.749594
0.223668
-0.255229
-0.826142
-1.89766
0.870364
0.354362
0.369372
2.73668
1.82975
-5.55996
2.47284
0.184392
0.672897
0.413902
4.27821
0.409081
0.0918751
12.0014
-1.92327
1.75606
0.376701
1.54047
-0.104625
0.375263
-1.38485
0.771007
-1.7994
2.82862
0.201594
-2.80263
24.9911
-0.927409
-0.277584
1.44985
-13.1305
-2.55211
0.709953
-93.1017
-10.1697
-0.114912
14.6341
0.343697
1.92062
-0.137357
-0.0249984
-2.47714
-0.329881
0.726858
0.0102542
1.44375
0.934272
2.33053
-1.2584
68.9508
-0.24499
-2.73283
0.365925
2.50727
6.65553
0.498441
-8.24392
0.240496
9.99564
12.3305
0.655297
0.271161
0.0249444
0.626794
-16.3505
0.347907
0.17774
3.15727
1.28926
0.608394
-0.126245
0.0991476
-1.21277
-0.951746
1.92033
-12.5978
-0.0996637
-5.47998
-484.855
-1.67767
1.00926
0.826376
-1.21344
-0.374785
21.5893
-0.592505
-3.69482
-0.244644
16.7485
-1.10418
-1.31989
-1.16327
-0.740517
-2.17231
-2.27561
-1.5169
-1.83306
-2.73278
-1.0896
-0.288484
0.761844
3.385
-0.86694
1.42148
2.69167
-1.59586
-2.00771
-0.208215
0.318559
0.0718879
-0.64603
1.5634
0.905626
-3.47708
0.3264
3.40635
4.18613
0.800798
0.0380911
-0.633225
-2.18509
-0.917091
0.985324
0.646668
-1.87689
0.213931
3.3174
0.0295001
-0.782491
-0.593721
-0.168562
1.1819
0.412729
-2.00195
0.746213
0.0859117
-0.658611
-1.08645
1.25265
0.315646
0.675627
0.508668
0.963673
-32.448
-0.65636
-2.17121
-0.0849323
1.41111
0.132974
-1.26138
-0.856858
1.66286
-0.102616
-0.509649
-6.81601
-7.78266
-0.291973
-8.49857
-0.110611
0.308346
-0.347719
0.806675
2.57669
-0.0336725
-0.32865
0.289168
1.66845
6.29536
-20.3996
0.0349258
0.423394
-0.156338
0.444291
0.436178
-0.241225
-19.2657
39.1087
0.677875
3.34643
0.528209
2.50651
-2.23469
0.0373738
0.206831
3.3952
-1.93681
-1.1042
-6.88879
6.35607
-62.6623
-20.2497
-3.44562
1.06642
-0.796884
-1.73538
-0.215688
-1.32152
-0.0599004
0.917933
0.0619969
-0.975914
-0.975421
1.29038
3.91355
-1.93751
-0.414166
1.65256
0.37506
-1.63538
-0.328155
-1.59173
2.54848
0.70551
0.452948
0.464275
-10.8335
-4.64676
1.50321
0.0118263
0.0315877
-0.718435
-0.495657
3.03465
-0.319719
0.699872
-1.65542
-7.56119
1.78487
2.44524
0.774638
0.26153
-0.59504
0.00332221
-0.147862
25.6204
-0.986298
0.0856233
5.47856
-0.764964
-0.147457
-0.0168163
0.245896
-0.399522
-1.67007
0.636979
-1.5084
0.36021
0.727122
-2.02188
5.56114
-1.25294
-0.192635
3.61564
0.575185
0.946024
-0.75313
0.349056
0.335958
0.501449
1.23557
-0.216797
-1.62367
-21.1767
-0.888015
-0.556737
0.453493
0.609402
0.126844
1.58013
-0.166412
0.396205
0.923439
-1.36625
-1.78325
12.4403
2.52309
-3.10367
1.02078
-80.2063
0.64931
-1.13991
-41.6811
-0.824173
7.38069
0.244392
-11.3052
-0.643735
2.20429
-1.13488
1.40875
-1.06253
-1.1754
3.24444
-11.5621
11.9456
0.766412
-0.401442
0.326468
1.87976
0.80511
5.41478
0.98468
-0.287823
-0.486699
-0.378634
0.437298
-0.0201313
1.85495
-2.50746
0.401005
3.34791
-0.090557
10.8292
1.19644
-0.198337
0.581691
-0.164039
0.861074
0.347941
-0.758405
-5.29943
-0.452
-0.778227
3.30621
0.0404772
3.87233
0.0332639
-18.9866
-0.371384
2.79461
-0.0779567
-0.477642
4.37556
0.647149
0.509535
-0.207584
1.64937
-19.5343
1.58817
1.93533
-1.02951
15.9203
1.69639
1.48943
-0.604468
-0.751167
-3.56961
-0.370031
1.00462
0.273231
-0.250087
-2.03303
0.521737
-0.290212
1.58535
0.539587
3.91934
2.15974
0.838966
-3.2689
7.15868
0.774494
0.424356
0.287613
0.784822
-0.835233
12.2404
1.67569
0.62703
-3.42296
2.68362
-0.17496
0.102352
7.36302
-0.318491
1.38873
6.63578
-0.186877
5.41027
1.02524
-1.14289
-1.21065
-1.65767
-3.62055
0.479081
202.306
0.794255
-0.138871
0.218732
-0.721567
-0.306128
0.767704
0.304467
1.87473
16.8965
1.51059
-0.724572
0.736607
0.462677
-0.452261
0.175793
0.26546
-8.29083
-0.530179
-0.480997
-0.408109
-1.9015
-2.02081
0.292902
0.850488
-0.0436574
1.07781
0.392987
0.29621
2.28135
-0.427602
-1.22269
-3.55606
0.513007
2.18717
-0.611633
2.30261
0.431188
-2.71192
0.639797
0.51427
0.367188
0.39081
2.01358
-2.33462
-3.04483
-0.168402
-0.814381
2.664
3.83611
2.15314
2.74686
-0.824428
-0.0527095
0.365368
-0.69396
0.322868
0.640569
0.531989
-0.496499
-0.776287
1.15126
0.235834
2.08358
-14.769
11.5366
2.00925
-2.02615
3.12307
0.303069
0.170315
-2.15225
-2.23261
-1.64078
6.53233
0.789736
-0.259934
-1.62577
-0.958081
1.21217
-0.269123
-2.88619
-4.25916
-6.86526
-0.00939575
-0.202103
-0.440367
-7.92534
-8.56116
4.60895
-0.943133
-0.794717
7.59434
3.26159
0.795992
4.62183
1.07546
-1.41841
-0.363746
-0.833769
0.688131
1.96355
-3.75768
1.89155
-4.47872
-1.4799
0.504839
-4.81742
-0.151924
-1.82311
0.355579
-4.42249
24.4589
-2.05167
-0.326044
2.10081
-1.57215
-0.0636706
5.96087
-0.36937
9.0294
1.01468
-6.91815
1.17272
1.02107
-0.490023
-0.354551
-0.424843
-0.405805
-0.688286
0.576762
0.581735
2.56844
4.2481
0.00257391
0.984113
-0.0902182
-0.882112
0.0500945
3.10091
0.118246
2.07335
0.247777
-1.17725
0.698093
0.135029
0.288369
-1.30023
1.68581
-0.208192
0.848327
1.18249
-0.586548
-3.84109
-0.0345227
-36.6909
-54.7993
-128.534
-1.94037
-1.14362
-7.19644
3.22034
11.098
-0.0767571
19.2359
2.15902
0.454913
0.474491
1.64641
-2.73247
0.0176775
-0.46189
-1.85734
1.939
-0.982676
1.34057
0.940405
-12.5406
-2.72758
-0.218913
1.13781
0.339329
3.0271
3.07434
-1.37893
-0.0485356
-1.77689
4.4616
-0.525019
-5.51353
-0.592825
-5.21057
1.48149
-2.08634
3.22428
-0.2515
0.348322
-0.641788
-1.66975
-0.601359
-3.46012
-1.60055
-1.32755
0.66663
6.32528
-3.31337
-1.56045
-1.5859
-1.38061
-0.534562
0.506544
1.14769
-4.57642
3.33294
-0.799699
-0.220458
0.0798003
2.18988
-0.0724098
0.38607
0.692673
-0.127642
-0.213633
-0.856866
0.28512
-0.12596
0.544554
0.824722
0.732658
0.385833
2.53221
0.784331
-1.49859
-3.71559
0.213768
-10.9686
-0.163967
1.19367
1.67697
-0.795425
-2.43944
-0.508428
-1.2595
3.58744
-5.81482
-0.330797
1.1826
-0.939304
0.0702779
3.08671
-3.8337
0.413668
-0.148498
2.55753
-0.00855182
-1.49658
22.028
-0.660226
1.04247
0.843456
1.32247
-0.1893
13.1691
-0.305737
0.402042
-1.60991
0.819124
-0.397621
1.20404
-0.515371
0.217101
-0.984706
4.54021
1.39357
-2.03833
-0.578489
3.2789
-1.71765
-0.256773
0.435131
-40.1143
46.4572
-1.36709
-102.789
2.9118
-1.41011
-0.0765506
1.83551
-0.697443
-0.0773697
0.360451
-0.153823
-0.249369
-0.588535
-6.51254
0.550226
5.01994
1.52759
-1.72733
2.72055
0.781741
0.786813
-4.14053
0.16138
2.38969
0.0726964
-0.480061
-0.054189
4.91481
0.185182
3.36427
25.148
1.33612
-0.834418
0.114394
-0.219236
-0.782731
1.13322
0.756133
-0.33157
3.15651
0.417094
0.128353
1.26343
1.18079
0.836372
0.419698
1.75117
1.29222
11.1739
-0.85263
0.223518
-0.820357
-2.45263
-0.624295
-1.06086
-1.03188
-0.825516
0.513063
0.292493
-0.359724
1.98863
-13.6313
-0.903792
1.31614
0.55116
2.54617
-0.103117
0.954214
1.79495
0.410036
-1.03737
29.8847
1.06496
0.404879
0.123814
-6.29404
-3.69225
-1.45141
-1.9451
0.343495
1.34818
2.2451
-0.0289626
0.0626866
1.41374
2.93095
3.58187
2.64715
2.0794
0.273033
-0.299715
0.417079
5.80354
-0.580041
5.05961
23.3353
-0.398302
1.53118
-3.59004
-0.333788
-1.86759
0.218743
-1.22885
1.18611
-0.0785366
1.98703
-2.33073
47.1489
0.405162
0.598417
-0.0504229
-2.46484
6.34563
0.0210567
-8.36781
-0.402688
1.13086
0.324183
0.438681
1.05252
-0.24945
2.69936
-0.120428
1.02618
-2.71984
1.30986
-0.733711
10.0253
0.514876
-0.303825
0.440795
-0.156871
1.44722
1.06719
1.07541
-0.171026
0.461228
1.10041
-9.63015
1.10036
0.563263
-1.49897
3.88032
3.91857
-1.44431
0.946761
1.99276
-1.15169
0.853099
17.5867
3.2357
-0.104915
-0.44711
0.0245431
1.12632
8.16219
1.57756
-29.0996
0.501977
0.205788
-3.75824
-1.0032
-21.8354
3.08146
0.0797441
-60.3982
0.891861
-4.50043
-0.722791
-0.378916
3.9577
-0.381623
-0.173068
0.4439
1.05894
-0.297001
0.125739
0.295318
0.568796
-0.237676
-0.0734505
2.59741
0.770937
0.351279
-0.527476
4.36863
-23.462
2.50708
-5.15105
-0.749586
0.798907
0.127654
-20.4394
-0.0917836
-3.0666
2.39076
-0.546698
2.78909
0.854893
-0.29438
4.71521
2.24367
-5.52933
0.486824
4.62017
1.05069
-11.6108
0.885361
0.649513
-0.706705
0.410722
0.911093
-1.3692
1.63866
1.3565
0.230042
-0.502756
-0.943255
0.600819
-10.0577
-0.55487
0.873523
1.33403
-0.677859
0.0450912
0.0230403
13.9805
0.132614
-1.06825
1.14895
-0.998618
0.836642
0.141329
3.33252
-1.04886
2.97323
-6.29102
1.36033
1.41636
-3.14489
0.517543
-1.02064
-1.40796
-0.971358
0.432003
-0.177801
0.81009
0.67235
0.202307
-0.615108
2.45943
-1.51865
1.29504
-2.48293
0.26818
-1.03612
-25.5249
-96.7923
-0.681549
-5.33231
0.766421
-1.34722
-0.0360021
1.21053
-0.918653
1.03495
0.542098
2.86584
0.585993
-2.0388
0.259538
-1.16759
-28.615
5.94144
0.818403
0.768356
0.244775
-2.05854
-3.72843
0.200856
0.0373611
17.679
0.0428324
-0.892505
0.387093
-198.862
0.449557
-0.358834
-131.959
0.468731
11.3492
0.769468
1.03
4.50019
4.432
-0.525052
-11.4971
-3.38674
0.556779
-0.32649
76.8964
-1.65725
-5.20406
0.892056
-31.2413
61.6126
-0.760929
-0.189595
-0.471916
2.65774
0.980194
0.477448
-6.22496
0.630046
3.36572
-5.68924
-0.502055
6.95036
1.21669
-8.54368
-0.515843
3.75686
-15.43
-0.343637
-3.34236
-1.63238
-0.28628
0.211989
-0.176924
-0.707629
-0.539171
-5.33589
-2.01377
-0.339179
-5.80156
-1.07423
2.10236
3.62758
0.805094
-1.18749
-0.251756
-0.228341
-0.158314
-0.20753
18.2028
-0.552537
2.00397
0.126717
6.06114
6.71622
-0.225991
-1.11339
-0.541153
0.346385
12.4824
12.5308
0.258518
0.20574
6.09095
-0.146843
-0.806418
1.54635
0.509842
-0.524935
-2.36584
0.462851
0.434196
-0.230609
-0.283173
-0.349162
-1.02355
0.588994
3.35361
-18.9502
63.3665
-0.544535
17.9317
1.76839
-1.34227
-0.64641
-0.562893
-0.0668852
2.02903
2.86096
-13.4461
0.801728
1.5671
-0.122383
-0.0857964
-0.0790367
0.647812
-8.84836
-0.00156875
-1.78379
-1.08039
1.14968
0.124737
0.92197
-0.571953
1.02359
0.186916
-22.9201
0.361781
0.237103
-15.4989
-1.29054
-0.752395
-0.0620831
0.600403
3.24981
-0.109297
1.46477
-2.1225
-1.58667
-0.914167
0.473437
-1.76412
-0.837462
0.636193
5.8987
1.76492
0.00324003
9.13667
-0.333361
0.126548
8.4256
1.39266
-0.297628
-0.568192
0.759058
13.5254
3.99462
0.808979
1.72192
0.425347
-0.143574
9.78409
-0.0570568
-0.420325
0.157509
-0.462333
0.269538
0.0306401
-0.508627
-0.223558
-0.558874
-12.7856
-2.35867
-0.344749
-0.129125
-0.991049
-7.19296
0.27731
2.34868
-2.42759
6.09068
-1.21167
1.19738
-0.00226802
1.34128
0.596178
0.871472
-0.707165
-1.43386
-0.0518429
-0.545903
0.202886
0.121035
0.853682
-46.6008
-2.37994
0.410505
-0.242115
0.534431
-1.12333
-0.822994
0.558892
3.79976
51.5413
-5.93437
1.78597
-1.18888
-3.25866
6.11278
-0.759741
-5.94851
1.38434
0.013742
11.6011
-3.39685
-1.17475
2.29073
0.104764
4.96347
0.00496956
1.75298
-0.422841
0.977761
0.211265
-0.246114
1.83181
-0.655704
0.972703
-2.46488
-4.88696
0.409259
0.428193
0.602304
-0.641994
-0.146335
0.998508
-0.128511
-1.21511
-0.672249
-7.18425
0.581444
0.190161
-4.83825
0.639282
1.2403
1.90736
2.92171
1.62926
1.44019
0.184786
-1.95944
25.2731
2.6327
5.38788
4.51483
-2.95791
-0.290916
1.39872
-0.761663
1.95134
0.31243
0.155628
0.25916
39.8326
0.233403
-1.5054
0.658136
0.383641
0.350788
0.548064
-0.225922
3.61055
-1.21622
-0.466682
-1.12301
0.774624
1.80475
-1.43
-5.53634
0.968644
-0.0675288
-0.208795
-2.14605
-1.12779
-2.97389
-0.583645
-61.9594
-3.2069
-0.238427
3.48837
0.330632
1.48714
-1.38223
0.102329
0.446706
-2.45058
-2.06255
-0.0269056
0.613052
-0.350845
-1.38891
-6.21157
-0.50111
-0.248221
15.4958
0.646251
-15.9886
-2.96709
1.88014
0.459616
-3.94826
-0.326595
0.105854
-2.174
-0.338998
0.0720714
1.55402
-4.58694
0.861499
1.72254
0.0924432
0.985601
-0.0659355
-1.56981
1.05872
3.38801
0.556418
0.0833667
0.573655
0.176996
-0.0815406
0.680675
0.461661
-8.79248
0.207093
-0.252845
-0.826358
-0.154075
-1.40027
-0.161782
0.135189
0.00268693
0.527399
0.321648
17.7617
0.381711
-1.06506
-0.685041
0.0821945
0.219861
0.57543
1.12231
-1.20471
-0.250203
1.53139
0.962337
-0.263819
0.403242
-0.484814
-2.14099
1.63684
11.1233
0.451526
-1.41006
-0.66116
-0.0755424
-0.338474
-0.496024
0.164091
-0.0104114
1.70242
-0.12318
1.19455
2.38111
-3.31185
-8.14554
0.880449
-0.298812
2.27712
3.26657
-2.33152
-1.04982
1.12
0.915835
-0.317743
17.4361
-0.337791
0.220948
0.0335545
-0.0270901
1.26906
-3.71786
-0.854977
-0.418181
1.42795
0.714776
-0.597726
0.747005
-0.786712
-109.755
-0.00766585
-0.387366
0.37538
0.334962
-0.112587
-0.404362
-2.29652
-1.33569
18.8617
1.09824
5.13884
-0.27365
7.70257
2.3633
-0.0207676
0.490223
-1.03804
0.37629
2.0906
5.75913
-1.36328
15.9804
0.541288
-6.95682
-0.381258
2.04665
-0.426969
-2.61825
-2.10774
2.14798
-0.00327359
3.15416
-0.202022
6.94166
96.7721
-6.67931
-0.785546
-0.872333
0.218988
0.405179
1.42593
1.13639
3.52447
2.38675
11.9317
-3.10683
0.183081
-0.195533
-2.62592
1.30771
-0.602024
8.661
0.0818226
0.691168
-0.662354
-0.652223
0.933894
2.35653
1.31857
-0.297794
-1.00479
-0.530254
-4.29432
-0.371502
1.79508
0.640612
0.601193
-0.370987
8.97995
-0.24605
0.819881
2.54457
0.576644
-252.679
-2.66226
1.05231
-1.44864
-0.103291
-1.75574
15.1877
0.751375
0.140507
4.5797
-2.21149
-3.49797
-7.65009
60.8479
4.11204
0.540117
1.76134
0.335272
-0.2434
-0.886842
0.683415
1.57063
0.231514
-0.74861
-0.545593
0.302952
2.28726
-0.0299885
1.13056
3.7734
-0.0537651
0.186709
-0.941155
-0.0808753
-1.13199
-2.57291
-0.0531176
38.6707
-2.02917
-0.669782
-1.37734
2.91933
0.276438
2.19372
-0.386338
13.6133
-0.632616
-0.226465
-10.174
0.0645117
15.302
-0.514844
1.0449
-0.960682
-1.3392
-1.98097
-8.96378
1.29683
-0.297927
-186.847
-2.0438
-6.93645
-0.502088
-1.11562
4.46882
-0.971617
-0.49431
0.427747
-0.0798167
-0.946254
1.82334
-2.74162
1.21831
0.914405
-0.582572
0.348306
0.860453
-0.7157
0.101843
-2.89587
0.502414
-0.170554
2.15871
-3.11125
-0.468338
1.19909
0.754154
-0.36432
-0.780219
0.105976
2.33413
0.207721
78.1482
0.579834
6.57629
12.5842
-15.7623
-0.232296
2.14552
0.296291
1.96027
3.26157
-0.238785
-2.12481
-2.08961
3.2397
-1.36232
0.334819
-0.303291
0.774268
0.0390399
1.25526
-4.03131
-0.938824
0.567974
0.587072
-15.9565
-0.328398
-0.118827
-0.190288
-3.40059
-2.11548
1.03998
1172.56
10.6335
0.831234
-3.10474
-0.739978
16.3479
-16.58
-1.63342
0.285145
6.21637
-0.0610545
-3.05723
-0.794181
-6.62791
1.76568
-0.354615
-0.338401
-1.74719
2.94743
0.0208657
18.1408
-1.37353
0.218069
-0.500588
-0.103107
0.244813
-36.4102
1.3208
1.23458
-14.9717
6.78968
-1.37676
-6.51837
1.34898
0.0384232
0.259089
-3.02263
0.854554
-0.565778
0.390266
748.786
-0.620014
-1.30371
-0.576323
-3.743
1.41212
-7.81167
-0.275893
-1.83254
55.4069
-0.301741
-4.47361
-1.69621
-0.644129
0.763484
0.287954
0.408173
22703.3
2.89906
0.122836
1.56056
0.16764
-0.02338
-0.0996483
2.08925
0.602846
-1.14141
-1.14973
-42.1433
-1.23325
-3.4062
3.458
4.83656
0.607174
0.317553
0.0318153
0.644704
-0.419643
-7.54062
0.206433
0.153472
-12.3461
1.56337
0.694263
-3.63604
-1.39259
0.571392
-42.8007
-0.838434
0.186281
-0.431001
-1.62911
0.867312
-1.34565
-6.85675
2.11125
-0.877043
-0.4105
-0.482381
4.25725
-4.1471
0.601717
-0.163066
-0.171517
0.45041
-0.943298
-2.58004
-3.07524
0.784118
-0.0506574
0.159897
7.7127
-0.276392
-1.14826
5.74829
-0.086433
0.25784
-0.970537
0.054687
-3.54275
-1.40254
0.0867435
-0.0491049
0.319165
0.544771
1.26871
1.27507
0.136176
3.35144
-0.207669
0.170375
0.753319
13.8133
0.536971
-0.818032
2.3204
2.65318
-0.51333
-2.03675
2.37168
0.237301
-0.902595
-2.53441
-4.69052
0.52383
0.715803
0.439626
-0.694137
1.19757
3.51413
1.72274
-20.7092
0.983468
-2.98167
0.473412
1.01794
0.910206
1.21219
0.202483
-3.57565
-0.221363
17.124
-10.3351
-0.634873
-0.328802
0.658428
0.75861
0.577027
2.42646
0.292247
-0.453397
1.2827
4.29086
0.625144
-10.341
0.00600007
-4.39386
2.22366
3.53473
1.41886
-1.16349
0.115686
0.355693
1.55805
-0.625752
3.54073
-0.352866
-0.377407
1.28252
-1.41407
11.1254
-3.53784
4.60165
0.876177
0.889016
0.742332
0.187983
0.865755
-0.797651
-0.846769
3.15131
0.793764
0.412093
-2.75759
-2.3697
-0.339309
-0.851791
-0.434795
-2.1824
5.86453
-2.60874
-1.94337
0.051736
0.485954
0.316391
1.16573
0.80489
0.749708
-0.0622284
-1.87898
-3.20219
1.73586
-0.234167
-3.78186
0.711855
-0.606037
-7.98755
3.40117
-2.72894
-1.03006
7.30913
-0.241332
-0.477329
3.01518
-1.69825
0.080165
-14.2267
0.724805
1.69743
0.0355338
1.15798
-3.37467
-0.393134
-0.852188
0.754227
0.803403
-0.123237
0.0707489
-10.5586
0.551201
-0.640284
2.64973
-1.2813
0.670537
-11.6017
-3.25849
-1.63114
-1.23311
1.09587
0.490543
0.452236
-0.354915
2.93312
0.363989
-0.345974
0.704008
0.372762
1.39665
14.128
0.701859
0.284016
0.259647
-1.11123
0.788917
0.636801
0.43977
0.0629968
2.16106
-0.254715
-7.89568
1.04804
-6.56537
-0.9601
-0.985047
-2.47032
-0.674107
0.013109
0.366197
-0.829462
-0.739993
4.88899
0.158778
61.6594
-1.06224
1.46651
-81.2244
0.388671
-0.91439
-2.31496
3.19557
-3.2209
1.46069
-0.749594
0.880741
0.0334808
0.158021
0.483855
-9.39038
-0.672739
-0.692978
-0.288905
0.996366
1.75674
-0.347685
-1.15561
19.9565
-0.896602
8.7732
-1.64447
-4.22059
-0.280669
-2.85551
-0.686659
-2.21291
2.9232
-924.401
-3.99011
0.217474
-0.470264
1.11258
1.47494
-1.52494
0.0708993
-2.46252
0.679169
-7.15698
1810.37
-0.0508996
-0.826444
-1.70794
7.22372
2.66365
1.96048
1.64828
-106.34
1.04819
-1.61871
-0.746951
-4.94817
-2.41522
-1.74312
0.620391
5.91815
-7.42255
-0.454693
3.45802
-3.84733
-0.656671
0.35001
0.137956
19.2213
0.43644
0.473968
0.925579
-4.31287
-0.77387
-1.04748
-0.517403
-0.504349
-1.42677
0.724986
1.48588
-1.06515
0.407939
-31.0854
0.245418
0.103079
-0.619779
-1.2375
-5.25442
-0.466955
0.928863
-0.0369175
8.92084
0.364925
2.99113
0.954235
-0.660632
-0.286519
-1.22215
2.04422
-0.396427
0.212316
-1.41176
-0.0462515
-1.03595
1.52345
0.0487982
1.62632
-5.27382
0.283893
-0.21742
0.31993
1.99799
1.15661
0.108393
2.12108
3.92919
-0.864571
-6.80775
-28.2263
9.70289
10.214
-37.0941
5.82745
1.13221
-1.49356
2.00682
-2.06139
-18.5479
-1.25924
0.0390978
5.67974
0.468389
-0.293641
-0.706926
0.510077
-7.93399
0.8262
-0.164695
-0.58448
0.312872
-1.16742
-48.178
0.740744
0.796893
15.2857
15.8114
-0.0350654
-28.8538
-0.376251
1.23232
1.51995
-0.685834
0.774618
0.0285557
1.53093
-0.501262
-4.3345
-0.140036
-0.968007
-2.02013
-6.70371
-0.193459
-0.356728
-0.249511
0.530846
0.647792
0.683959
0.370397
-1.06947
-0.453
1.49822
-0.974105
10.062
-1.03497
0.54929
4.46057
-9.99902
-0.942086
6.03694
-2.80835
-0.342028
-0.395814
-3.47543
-1.97734
0.290554
2.88515
0.584815
0.891132
0.07016
0.55432
1.14374
9.73699
-0.753949
-2.30765
-0.371842
-0.25707
5.74607
-3.27997
-0.604417
-0.0757394
26.8311
-1.10039
2.09719
-0.941727
141.635
0.649258
-5.00784
3.19434
-7.70974
-2.92418
0.842137
-1.15324
-11.3128
0.0252428
-0.0916286
-0.0468867
-10.5722
-0.563973
-0.0506181
-0.318677
-0.529437
-0.136672
0.34848
-0.76431
10.4395
0.367045
-3.38958
-0.93593
-0.280861
3.74903
-1.18356
0.479346
-0.999195
-0.111111
-4.09173
1.19194
0.061998
3.13909
-0.704058
-0.299941
0.280361
-0.872262
0.946582
1.30847
1.9461
-0.342795
-5.18755
-1.61822
2.96593
-1.94635
-3.33491
0.286807
-0.413255
1.31968
-1.49437
0.337205
-2.9316
3.38928
-4.31886
0.428907
1.01115
0.716802
-1.67393
-1.15656
4.49918
0.552989
2.98399
1.0128
-0.56741
0.0399207
3.38296
1.21998
-0.0584926
0.271274
-0.187249
-0.383646
-1.1249
0.328365
-1.33234
5.4145
0.526325
0.970235
1.59347
0.265599
11.1378
-2.0732
-0.0700679
-0.405767
5.00942
-0.128458
0.962487
0.480009
-0.131087
1.6202
24.7195
2.47288
0.0120667
11.2951
0.731208
0.762844
0.0981293
-0.304123
-0.515925
-2.99507
-0.100968
-0.220517
2.3468
-0.408032
1.86185
-3.17584
-10.3594
-1.15241
-0.702554
1.81
1.07805
-0.879528
-90.9456
-0.284723
-2.78907
-0.515096
-2.05718
-8.95873
-2.45478
0.179682
-1.65711
2.27026
-0.328433
-0.327271
1.05883
-0.570228
-20.445
-15.4563
3.5644
0.0851453
2.13533
0.644821
-2.49018
-9.05562
1.33432
-0.325084
1.41881
2.19045
7.81328
1.20993
0.411538
-1.64711
-0.370927
-0.552196
5.76748
1.45772
-0.908417
-0.242994
-0.247343
0.145967
12.5822
-0.108249
1.55441
0.978508
0.224246
-3.24911
-0.343097
0.641568
-1.69896
-2.30271
-0.836977
-2.11761
-0.478533
-0.23113
-2.77573
0.245482
0.482608
-1.40358
2.97314
-0.0111715
0.801619
-2.54195
3.20965
1.99173
1.22917
2.08483
0.309484
5.86111
0.706499
-2.48183
-0.0950063
58.1698
1.184
6.06225
0.711426
0.906637
-0.753209
-1.06811
0.146603
1.14242
8.9813
-1.73784
-0.474896
-2.30399
-0.35716
-0.143924
-0.490862
1.63308
1.24142
8.59343
0.212971
-2.60143
-0.546717
0.202281
0.0500437
-0.467358
-1.30693
0.208983
0.160094
-0.19506
-3.18542
-1.49279
3.21535
0.13137
0.388683
0.218148
-0.125979
3.52825
-0.000769956
-0.771947
0.482471
0.974223
6.74167
11.4934
2.01103
0.35334
-2.61983
0.0700565
13.9192
19.2007
0.610179
11.3408
0.320997
0.464668
-2.53478
1.26669
-1.26701
0.50009
1.72074
0.227093
0.209373
-0.80492
-0.125265
-0.445264
0.105111
2.51143
-0.39433
1.82864
-0.656486
-0.806628
-0.460408
-3.9756
-0.172036
-3.50778
85.6518
0.0922369
7.74264
0.688685
1.32361
0.137118
-0.745667
-1.43794
1.17518
-0.307614
1.53988
-0.208631
-1.11424
2.21591
1.39211
-2.15597
-0.704466
0.962731
-0.0974775
0.544967
-49.2888
0.971681
1.38318
0.275493
-4.72935
0.340467
-0.937941
-0.61184
-0.267934
-1.48153
3.08624
1.64958
0.444464
0.942413
-0.410145
-0.816841
-0.91528
1.37474
-0.672669
0.196461
0.00691704
-0.453689
-0.431144
-60.3357
-0.819717
-1.05672
1.53473
-1.26708
1.08017
-6.51475
-0.366681
-0.866275
-0.135195
-3.52591
2.53445
-4.53462
-1.77575
-0.329326
-3.89084
2.88138
0.511077
-0.58151
0.336361
0.450286
0.258686
-1.57242
-0.45087
1.06135
-0.521472
-4.37213
0.124463
-0.791761
-0.357379
-1.06855
-1.30255
-10.3028
4.64065
0.264476
-0.919495
-0.506818
-0.223658
0.839439
0.838365
-0.359544
0.465337
44.006
-5.9722
0.858793
3.09688
-1.16851
-2.51034
2.66348
7.47316
-0.675798
1.50233
-0.898383
0.568501
-0.802475
-1.09728
-0.94133
0.607729
1.43622
-0.116874
4.4561
0.166981
-1.21847
1.1656
0.0205583
-9.06468
-1.63316
0.00126898
3.18913
-13.1146
3.40088
1.21555
-0.53987
0.47493
-2.0927
5.16142e-05
-0.0528
-1.38751
18.1726
3.31423
-1.45392
1.71454
0.637204
3.97457
0.483455
-0.397413
1.3653
3.97454
1.1998
1.06193
-0.069313
0.710129
0.438371
128.502
0.491023
0.67069
-0.771653
0.802335
2.71745
1.51523
-0.217658
-2.25257
135.52
3.07108
1.98324
-0.710481
0.102204
-0.937657
-1.18515
-13.8024
-0.516031
-6.24633
-0.714488
-1.75274
-4.23857
-0.0541994
-3.2626
0.761707
16.6054
-1.09615
0.148724
0.445689
0.453039
-7.95521
0.330455
0.634663
0.0645532
-90.4204
1.53182
0.146147
-0.67802
-25.6007
0.622863
0.146275
0.408442
0.0453478
-1.00685
1.03801
-0.00162759
-0.271012
-8.14324
-0.257156
0.595686
3.34445
2.00133
0.366324
2.39467
-38.9284
2.00972
4.23244
0.340851
0.585807
-12.0685
0.0862581
-13.5055
2.50485
-0.0868317
0.187883
0.00934805
0.313018
-0.644482
2.32298
-6.22659
383.593
0.247379
0.102389
-0.145999
0.166735
0.121692
-1.10743
3.8371
0.41156
0.638765
1.00589
-0.934828
0.0166972
7.65552
0.119941
0.61688
-1.30905
0.0169243
-0.63035
245.051
1.09346
-0.756136
1.96267
-1.08918
1.63787
-0.181174
-1.10803
0.328208
0.00285871
0.330088
0.223673
5.96719
10.6861
0.281422
1.02446
-0.351335
-1.22886
-11.3193
0.868597
1.51822
0.823423
-2.16475
1.66089
-0.123677
6.92405
1.12792
6.38127
-0.363913
4.48887
-0.245481
0.434555
30.4908
-4.6918
-1.66212
-5.83052
-2.00561
0.55712
-0.235068
-1.07938
0.836346
1.54455
-0.670452
-2.40428
0.147997
-2.18165
-2.65199
-0.372485
-1.30038
1.08293
66.4369
-0.826974
1.72036
0.0530483
-0.928418
-0.0790301
-14.1812
0.599422
1.04751
1.45584
0.0343547
0.881291
0.179952
1.54233
0.165109
0.466395
0.958762
0.181258
-0.643677
-6.81357
0.226753
-0.196298
4.54757
3.91772
1.41064
0.395259
-1.5431
0.708137
2.12516
0.433504
-3.74981
0.182383
3.41154
0.966477
-0.717608
-0.408045
4.02178
0.440098
-1.34137
-1.39669
-0.411499
0.993916
1.58948
1.25532
-0.533263
15.7479
-1.23403
-3.25486
-0.175833
0.29565
-0.417963
-1.28831
1.00391
0.360389
0.0423537
1.4774
-0.367957
0.111831
0.622329
-1.98912
-0.998893
-4.56653
-0.16998
-1.01988
-8.64062
0.399415
0.0705833
-1.83099
1.82544
0.62217
0.706092
-0.474538
-1.66684
1.45423
-0.0180923
-0.143532
62.3039
-14.5202
0.723186
2.59466
-1.4323
-0.637561
-36.9009
0.112758
0.22978
1.23729
10.1383
0.935189
-0.9409
40.8909
1.60737
-0.406083
5.61653
0.0781143
0.799761
0.226251
-2.11761
4.65221
1.60801
0.070238
0.959071
8.09441
-1.51232
-2.40979
-5.84749
0.955926
-1.67297
2.83842
8.37224
0.181203
-86.3557
1.58654
-1.3242
0.691298
1.5994
-0.164871
-1.31093
-0.202626
0.369417
0.194012
-0.260776
0.477523
-1.17703
0.826436
0.0469658
0.33494
-0.129409
7.97494
1.85246
0.882682
-0.869622
-3.89354
-0.272866
-1.6792
5.56705
2.28896
-1.32327
0.767794
-2.13991
-0.375122
0.446788
-1.59012
0.58474
3.86618
1.86829
2.62943
-2.20774
0.0517324
1.40284
0.197469
0.816105
-9.45067
-3.32899
-3.37672
0.856023
-0.00955162
-0.118329
3.64715
-0.635883
0.158961
-1.76509
1.3548
4.226
-0.270216
0.172685
-0.651379
1.23491
-0.247949
1.03232
-0.905159
-1.13917
-0.0204988
2.47788
1.60202
3.21843
-0.493507
-0.0644634
-3.15585
0.714135
-2.4818
-0.772123
0.175141
-0.786874
-33.2428
54.345
-0.648854
-0.18228
0.0289736
-0.0752469
0.0924519
-0.195789
0.140683
0.339226
-0.351547
-1.01595
39.8849
21.0584
-2.8327
-0.193773
-0.861626
-2.347
0.514775
1.00068
1.5064
0.590596
-0.0366543
0.778242
-1.50966
-0.902052
-0.246897
0.312921
1.41224
-2.82739
-0.734315
5.78735
-0.983161
-1.51336
-1.20585
1.84598
1.6436
17.0399
-0.484152
-2.34581
-0.147028
-1.01798
0.303524
-1.03274
0.150022
0.521079
1.85435
0.261496
-0.758288
-9.66707
1.1229
-1.91602
-0.765816
0.81346
3.46589
-6.00183
-0.328849
-1.81248
-0.612321
0.0780082
0.534941
0.078018
-0.902302
0.340727
4.46844
28.8213
-1.49148
0.903901
-1.26899
-0.662278
-0.0808268
-2.01022
-0.425962
0.822093
76.3924
2.10825
0.291614
-0.190604
-0.684306
0.183359
0.5194
-0.989562
-2.9031
-0.137952
-0.885236
-0.442663
-41.3035
0.409775
1.20972
-0.865756
-0.0865589
-5.9495
4.99574
0.0231841
4.35417
-2.20312
-0.458717
0.996237
-0.141589
-0.853464
0.0233608
2.49311
-0.600001
5.70251
1.87935
1.01392
-26.7526
18.6044
-0.90166
2.18774
3.21181
-5.92822
0.0191537
1.18439
-1.64627
0.378941
-123.413
-0.775006
-2.29464
2.2601
-0.320428
-1.60547
0.293836
38.5502
0.0696419
0.776448
-0.0204256
-6.85771
-6.22454
6.91775
0.335493
-207.06
0.910168
1.03485
1.30574
-0.816311
-0.987786
-0.707214
2.36522
-1.14916
-1.27613
0.181789
0.175733
-2.27035
1.61499
-2.23589
-0.446055
-2.98232
0.223609
7.98163
-2.79711
0.514642
-0.500349
0.626555
1.54773
-0.83414
-1.60058
5.32761
1.28345
1.33219
2.03495
0.159608
-1.32062
-0.133373
0.747793
0.335821
2.07505
0.272469
-2.58987
0.227446
2.99397
0.0492721
-0.709023
-43.1523
-1.40287
12.6671
6.26883
6.59802
-13.9232
0.430448
0.579771
-0.742359
0.152172
-0.781006
1.85635
-0.0961246
0.0259677
-0.0967911
-1.54494
-1.01198
0.429525
0.724432
2.40228
-0.796763
-0.559509
-1.06299
0.0197336
-4.50615
0.430039
2.72134
0.73445
0.0988956
-55.3968
-0.733879
0.411207
0.700364
1.47369
0.242056
1.56911
-0.0576524
0.282298
0.718957
3.58959
0.420825
1.81208
2.68232
-0.0532227
-2.30698
-0.577946
0.107253
-1.56249
-4.11596
1.64799
-2.94985
0.857041
1.31074
-23.6256
-0.167344
4.34067
1.69663
0.97076
0.402283
1.23464
-1.74406
0.00898549
0.667597
0.420741
-2.25917
-0.0258555
-2.34039
-2.03618
-0.538442
0.0963637
-0.0384892
-3.80618
-6.77603
0.585208
-7.49185
4.73807
-28.4081
0.980408
-0.674682
0.123667
-7.93312
-0.823741
1.92196
1.55204
-0.844265
1.31175
-0.358373
0.270979
-3.61586
-2.46807
1.45267
-0.18876
1.19598
2.8965
0.683915
-3.97125
-0.0921556
-0.494662
-0.0229848
-0.298815
-0.107183
0.553593
8.46232
1.29666
-0.603293
-1.58321
0.601595
0.247665
0.990837
-4.56353
-0.633055
4.2071
0.946323
1.18739
2.31576
4.06116
0.607198
0.665061
118.753
-1.71388
4.81319
-2.0511
0.268294
0.54735
-11.2614
0.479397
2.26937
-48.0623
-0.483782
1.52778
0.766067
-1.43323
3.5193
5.93304
4.06061
0.451085
-4.47969
0.79992
17.8368
-9.24666
-0.0206546
-0.0131865
2.29843
-2.68086
-0.338027
1.1424
-2.63822
0.227181
-0.221627
-0.314813
-94.5283
-6.74064
0.611386
-0.168784
-0.104136
16.5136
-0.412805
-1.10437
-0.923685
-0.92325
-0.34236
-0.553514
-0.130091
1.69334
0.0827336
-1.51251
-1.57649
-4.0587
1.94994
3.19474
0.133539
1.48591
0.79515
5.49868
-0.285564
4.79637
-0.408008
0.555177
-0.292785
0.629281
-0.57916
-3.45424
-0.191117
1.63417
0.630571
-1.27906
2.53234
0.956001
0.0685383
1.39035
1.90987
0.774426
-2.34379
-0.183187
0.501534
-0.0607655
-22.438
-0.267515
-1.56642
1.01309
0.205111
-2.98583
-1.23441
-0.259537
0.890303
0.674973
-0.492042
0.386359
-0.0834008
7.38675
0.382007
12.8729
0.440025
0.264824
0.5495
-0.928927
-0.659204
6.38229
2.60309
0.501897
0.636847
-0.0156694
1.15572
-0.256144
-1.04491
-2.395
-5.28855
0.294329
0.0556631
0.0653561
-0.867314
0.375473
1.22054
-4.31071
-1.24321
-6.39569
-0.304459
-0.129265
4.84615
-0.358817
-0.70416
1.85053
1.41477
-0.675398
1.4972
-0.473481
-0.585862
-0.670547
6.53773
3.33819
1.83491
-3.09134
-1.83502
-0.400263
-0.302997
1.1164
0.707626
-2.93028
-0.081751
4.19575
-0.316827
0.0578554
0.608667
-0.189961
-0.300108
-1.08738
0.420219
-1.28524
-1.03093
0.67062
0.0965272
-2.06836
-4.79122
2.91223
-3.71922
3.26471
-0.914679
-1.56729
3.49638
0.922725
-0.381464
-0.272581
0.682597
-6.54509
1.61231
-0.818107
-0.0662674
0.466294
-0.0223948
-0.0274753
-0.317378
-1.13313
-0.789855
-2.86319
-1.03139
0.387335
2.51577
4.86821
3.0165
-0.315077
0.404028
0.70774
1.89874
-0.292849
0.394179
-1.06561
3.83358
-2.72432
-0.199995
9.42657
1.21536
0.97014
1.40815
-0.237229
-0.163854
1.08536
-1.45515
-0.761445
-0.829901
-1.63251
-4.95838
-1.94272
14.1397
-0.448724
5.4559
27.4101
2.49792
0.171962
-0.316645
-5.1941
4.22982
0.750093
-3.41521
-0.711514
-0.799653
0.835929
0.452847
2.85261
-2.6518
-0.380373
-0.0619491
14.4242
-8.72695
2.29894
-3.2327
0.0615442
-27.8808
0.360988
1.92286
0.55293
0.318277
-3.66771
-3.63237
8.72944
-0.244438
3.25707
-2.91842
-0.760946
-1.05481
4.04291
-1.36651
-0.160109
-1.10681
1.31273
-0.175059
-0.0441108
-0.481035
0.619704
-1.88602
0.0859814
-3.36422
-0.874725
0.303466
1.08073
-3.04373
-1.79771
-2.1353
1.00676
4.21812
-3.21358
0.0937739
-1.83595
4.33515
-0.186159
2.59305
-0.670843
-0.942323
-2.05827
-1.02887
-0.19375
0.215172
4.73837
0.2378
3.62852
3.66785
2.47034
-1.64636
6.19478
0.177131
-0.486204
1.378
0.407283
6.81427
-1.04834
3.35989
-9.68206
2.62642
0.0738629
-0.552247
0.92747
0.74109
-0.493754
0.0722013
-0.540588
-1.74208
-1.45885
0.214081
10.354
-1.35401
0.597408
0.385267
-12.265
0.38693
-2.24536
-0.259469
1.48246
0.908576
-0.0914642
-0.419989
-0.0798234
0.845696
0.714111
-1.96195
-0.986203
6.57683
0.116382
-0.0384255
-3.81758
2.82176
-0.101273
0.62797
1.9486
1.43784
0.369728
3.98099
-0.62157
0.341381
6.18361
-1.38125
-0.833262
-0.51288
-1.12312
-0.352454
-1.34368
-0.243583
3.56733
-3.10902
0.902593
-2.94049
1.33042
1.11267
-0.539617
-0.237788
-0.445271
-1.00927
0.157857
-3.32113
11.765
-1.74147
-0.0934371
0.217927
-0.137184
0.0588622
0.527147
-2.33882
-0.822355
0.989464
1.50621
-1.41663
-1.47104
1.26774
-1.3367
2.20658
3.43541
-0.451723
1.03034
2.03122
-0.366994
3.31642
0.343107
0.30948
1.75727
0.397781
-2.25197
-1.91843
0.195673
-1.97974
1.91944
-1.25145
1.82596
-2.4617
1.15098
-14.6741
0.532169
-0.961031
-0.29293
-1.24823
-0.524854
-1.34472
0.277586
-4.49298
-1.9526
0.275721
0.414433
-49.7738
-1.49795
0.332583
-0.685848
2.9735
-4.75456
0.912688
-3.1404
0.0893628
-0.535756
2.5973
-2.79707
2.86746
-0.755387
0.707911
-0.4106
0.361337
0.685111
0.786398
0.179807
-0.0319514
-1.76006
-18.83
-0.0698317
0.259118
0.747066
-1.4952
1.11869
0.331953
0.0906252
-7.51485
-0.164917
-0.408602
-0.103958
0.966735
1.43667
-1.4238
-1.11841
6355.29
-0.759552
0.448104
0.0127963
0.475408
24.8299
3.02792
-0.35552
330.578
-0.320836
-6.77434
-0.845494
0.662408
12.9188
-1.24186
-3.81482
0.307612
-1.09308
4.74959
0.709626
-31.6991
-1.10219
0.0104492
-0.934354
-2.23043
-7.65321
-1.80397
3.1728
1.28471
5.33759
-0.521738
-0.976086
-0.606195
-1.37494
-2.39514
-1.60799
-0.411579
-1.58378
0.000916155
-8.79602
-0.110452
1.37886
3.74409
16.2619
-1.28047
1.55155
6.52725
-19.6015
0.549991
2.42575
-0.643097
2.3341
-0.399945
0.100256
0.356762
-0.109387
-0.290016
-1.98506
1.24261
2.06319
0.0127612
-1.44043
0.577825
0.998307
0.23436
-0.493383
-1.38055
1.0136
-14.4959
9.16184
-0.344961
0.46924
-0.212891
1.1793
-1.44621
-1.29608
-2.60264
-16.014
-2.30181
0.525848
0.500686
0.948782
1.23422
0.706596
-0.950426
54.8292
-4.0064
0.658947
-0.567993
1.14835
-1.22307
-6.73243
11.0022
-7.49707
-0.0737524
-0.561636
0.876418
22.4047
-6.03624
1.35031
-0.432384
14.9207
17.1233
-1.11156
38.4004
34.4473
8.90902
-0.538048
-0.0628299
0.210591
1.05768
-1.13577
-0.9191
-5.30475
0.709198
0.0294674
-1.43609
-1.8012
0.912308
0.775074
0.294021
1.27304
-0.162673
-6.72595
-3.2788
0.890354
0.812278
5.29779
-2.16272
0.36922
0.394936
1.22746
-0.0972836
0.252734
0.333081
-0.451599
-59.4119
-3.043
3.07735
-2.50427
0.215792
0.742151
-7.39423
2.86389
-1.47388
5.60322
0.697446
1.77185
-7.16459
0.729399
0.1564
-0.138511
0.819925
0.96299
0.658963
-4.83514
-2.04996
-0.718924
0.255561
0.173012
0.199767
-1.37754
0.482518
3.00097
-0.215834
-14.6566
1.92345
0.0666421
-0.190586
-2.62564
0.816586
-9.30417
0.258636
0.528731
1.36473
-3.55848
1.10938
-7.71059
11.5853
-13.8039
0.237829
2.40926
-2.00817
-0.696905
23.9717
3.0379
0.67505
-0.470263
-1.53109
-3.77639
-223.867
16.5286
17.6605
0.80319
-4.045
0.867535
0.689413
2.43529
2.34946
0.000380026
0.511242
0.481159
3.00393
0.76142
0.207878
0.841044
-0.484417
-54.3156
0.908464
-4.71079
0.146577
-1.05891
-0.32176
-3.20601
-1.32085
0.56738
2.39279
3.53143
-1.57016
0.01363
0.508036
-8.07264
0.956286
-2.27568
-7.55043
-0.434113
2.994
2.69095
0.0426611
3.32995
-1.2672
3.19946
14.9112
0.545262
-1.00855
1.98856
0.276968
-1.82785
0.098303
0.520119
0.324044
1.28999
4.92138
-0.613236
3.50406
1.23327
0.583108
-4.45467
0.0105096
-1.25759
62.8014
-0.903335
0.661147
-1.87668
-1.07543
1.05869
-0.636032
2.18804
0.219474
1.2229
-1.26072
-0.0719291
0.637126
-0.968533
-0.789251
-7.13854
-0.128054
2.74354
8.32536
-1.04822
5.2163
0.168968
-0.772341
0.00482917
7.27165
3.92043
-0.333183
0.420381
17.3729
-0.610768
1.82244
1.98612
0.132405
1.85044
0.166365
0.606675
2.09484
-0.0986004
-0.445178
-8.36581
0.857344
-1.22083
-7.84719
5.61073
-0.314542
-23.8578
-0.611265
-0.41018
-7.24129
0.218149
0.352553
-0.608444
1.32306
32.9525
-0.956636
-0.0168927
-0.513602
0.278091
-0.0224457
-0.715906
1.19211
1.26197
0.490178
0.578927
-0.933902
-1.70357
-3.96442
0.656412
21.8316
-3.65753
-1.89305
-0.572912
-0.867437
-6.67311
0.923178
2.0413
-0.193967
-1.2767
0.346328
1.34823
-0.728752
21.367
-0.0054497
0.558749
3.36797
0.566088
-0.13138
-5.44745
1.97125
1.74368
-2.24291
-4.68916
0.331418
-1.19924
-2.50741
-1.00324
1.47308
0.915429
0.499604
-4.37297
3.92418
2.30414
0.4723
1.25645
1.30813
0.0869122
-8.22688
-1.26576
3.03695
-13.1128
-6.21907
0.16116
-18.3026
1.01202
35.7152
7.04279
0.142919
-4.56719
-0.443232
1.46585
-1.30462
-6.47105
-7.89676
-0.790243
0.112431
1.41374
-0.340999
5.98597
2.04495
-0.377515
-0.623481
0.882898
0.425982
1.40724
-1.48059
-0.278921
-0.390174
11.0916
-3.74425
-0.0603284
0.871922
-0.588019
-0.39321
-2.41838
0.777008
1.18293
-2.67697
0.270187
13.646
0.563958
-0.700533
0.269339
-0.382413
0.233566
1.51769
-0.44157
0.154416
-0.316632
-1.0226
1.02026
25.0902
-0.3275
0.157363
-1.32912
-1.57929
-10.2368
4.26321
-1.01372
-0.193877
0.424537
-0.665276
-0.375143
1.49267
0.239562
-6.61176
-1.34985
0.417553
1.90289
-0.639118
2.9162
-0.612246
-2.5001
0.563548
-1.49039
-0.153091
0.195883
-2.9066
21.7226
-2.64228
-3.22156
1.10427
-2.84614
0.286826
14.0797
-1.37788
0.069999
0.16728
-0.875508
-0.671749
2.18707
-0.328794
0.380481
0.254909
0.523375
1.63458
-0.222942
1.93806
1.1001
2.28273
-2.54537
5.38543
-0.302533
-1.00124
0.044766
12.5952
-2.40378
0.789501
-1.78533
-0.149803
-3.65174
-1.35632
-0.54697
36.9001
1.06263
-0.972579
0.310258
0.336632
2.86408
-1.40553
0.808989
2.48932
-0.633745
-2.13238
-77.7804
2.58887
-4.78866
-1.46534
-0.167323
-1.72291
0.589588
1.92445
1.06032
-5.1078
-0.443165
-0.472696
-0.244979
-4.17793
0.442954
-1.03862
0.340563
0.819642
0.394358
-3.27251
0.173481
-0.746301
1.10665
1.23219
0.647969
0.211211
-0.189175
-1.09068
2.38602
-5.91328
-0.342321
-2.21785
0.490298
1.63043
-0.208473
0.974422
-0.0912906
-3.75855
-0.206376
0.617565
13.2633
-1.14091
-0.660048
-0.687765
-5.24143
-0.589677
-4.93236
1.38521
-0.844682
-0.881994
-0.0745045
-0.494912
-0.489819
-1.79883
-2.71596
4.74069
-0.221693
-0.00289367
0.241951
-1.42934
1.89712
0.271064
1.2919
-0.987697
-1.03817
-0.7499
-0.628002
-697.988
44.595
-0.187552
0.61518
0.889687
1.32724
-0.241283
-1.09326
-1.88732
3.15262
0.755785
2.22359
0.0352272
1.98579
0.56519
-1.00083
-1.78709
0.503645
0.412675
-0.771816
-0.366104
-0.649579
3.30207
0.218671
-2.55473
1.94541
28.5472
-2.86598
-3.2792
-0.531939
-0.0103575
4.3325
1.02382
1.67309
-1.93397
-19.3482
-1.91917
-1.27274
6.74518
-0.00961507
-0.326297
-0.265274
-1.74756
-0.714252
43.4298
0.11256
3.08621
-0.448583
0.105317
-0.519943
0.288753
2.63719
-3.13807
-1.91112
-0.532808
1.09274
-2.09866
-1.19685
2.26523
0.906986
3.43547
0.0167628
0.504503
-0.346896
-0.337044
-0.112917
21.602
0.245816
-0.680128
-0.27683
0.423357
-0.215722
-1.20548
-0.10564
-33.4767
0.0419439
0.0493292
4.26383
-0.16321
-2.58004
-1.38426
0.570942
2.80501
1.05991
-0.404986
-0.152755
-2.93302
1.18152
-2.27485
-0.154585
-0.544599
-0.0789604
1.14897
2.22917
-2.4456
4.22588
2.52389
-1.03673
0.259619
-0.637259
1.40526
2.06005
0.667567
-4.25763
1.60104
-0.98346
-422.709
-6.90158
3.0461
0.442478
0.696942
-1.39636
-1.31582
-1.04553
1.35343
0.340125
1.34852
2.2865
1.67504
-0.388181
1.63793
-2.87845
-1.58355
-1.43362
-23.4125
-0.339023
-4.90281
-2.39906
0.186027
0.369978
-1.70113
2.97509
0.646981
-2.2042
-1.49043
-0.258462
2.11344
-0.384132
-1.06429
0.915745
0.758983
-0.82284
-237.027
0.197529
-1.72923
2.25927
0.551389
-0.256144
-32.6852
-1.85621
-1.11282
0.164429
1.35899
-0.568381
-1.2045
4.48577
0.731048
-0.0379968
0.155582
-0.160005
1.43064
-1.76054
0.127447
0.234963
0.815606
0.511775
0.777267
0.345707
0.642391
-0.281384
2.85853
-0.0870042
1.37044
-0.0432484
1.57469
0.782385
1.38577
-107.535
3.39767
-0.480012
-4.85159
-3.7037
-20.2658
0.199678
1.05056
4.78954
-2.42013
0.219617
0.607106
0.621241
-1.30204
-1.24201
1.17936
0.374624
1.04697
-7.90716
-1.31143
-1.8685
-0.805039
1.25044
1.41039
-0.57546
2.40517
-0.427517
-0.924408
1.58279
0.203191
-2.39611
4.42337
0.600537
0.672315
-0.83872
11.1663
1.04694
-0.363158
3.67815
42.785
6.63959
-0.364314
1.74093
-0.398536
0.779399
6.4391
2.95382
0.404909
0.864664
-2.03371
-0.998204
-0.807626
-1.0664
0.360676
1.19403
0.229364
11.9768
-0.994492
-0.414076
-4.12119
0.156218
-2.7111
-5.99514
1.16677
-1.33105
0.75686
-1.99258
0.564334
0.651307
2.28122
-0.0434838
-1.87077
4.79934
0.935879
-2.94046
-0.794247
0.735768
1.15125
-2.42125
-0.08248
-0.919062
0.538425
0.480322
0.725325
1.28134
-0.392075
2.28837
0.0391302
0.298717
-1.44376
-2.42115
2.66713
3.25697
1.53864
2.53065
-0.436089
-0.367677
0.30579
-2.91038
-0.0125508
-0.765554
2.53838
-10.2282
3.39598
0.0937439
-7.91708
-1.16395
-0.0594076
0.719676
-1.08423
9.86797
-0.112562
-0.640176
-7.16463
-3.44992
-0.375379
0.676261
-17.7639
-2.53165
-3.18749
-0.115813
0.15295
0.333728
-0.069216
-0.266803
1.23556
0.665102
11.1871
-2.27243
-0.804771
-1.12982
-0.870185
-0.221113
-0.398904
-2.61843
-1.03335
-0.231225
2.12308
-1.15687
11.1251
-0.545951
19.5239
-1.47275
-0.892123
0.251731
12.4698
-6.45336
-0.573137
-3.0455
-1.84131
0.388885
0.763493
-0.0656959
-0.402384
4.163
4.99548
1.46893
-0.423928
0.0716372
9.94509
0.180044
-42.1484
1.74471
0.58338
22.3782
0.829014
0.190241
1.65602
-0.395167
4.74652
11.5628
-0.939045
1.47875
0.501732
1.09152
-7.29664
-0.450175
-0.892419
2.5318
-1.00226
-0.420055
-1.64484
0.789644
-0.182342
-0.213568
-1.46699
5.10227
1.82824
0.905254
7.37092
1.97596
4.23829
-0.394496
116.62
-0.938152
0.350429
-0.0147497
0.706443
-15.2666
0.0773348
-0.277121
-0.0887128
2.31628
-41.0673
-0.394748
-0.366171
1.54892
2.33162
0.968625
-0.706325
-2.90029
0.389759
-11.6347
1.64032
-0.0090993
-0.169253
0.443832
-6.77222
-3.37186
0.149431
-0.0417672
6.22157
-2.20007
-2.03509
-0.670922
-0.647217
-2.48888
0.905133
-0.1692
-156.111
-1.96893
0.72379
-0.549168
-0.56147
2.54746
0.758176
-0.157958
-1.96641
1.05902
1.50034
-0.601357
0.904736
1.20707
-8.29626
9.40744
1.35116
1.44001
0.54308
-1.2909
-0.409643
2.226
0.46999
-1.49904
0.0667982
0.105988
1.43307
-1.85277
0.740315
0.605079
1.08378
0.799262
0.0375104
-0.888854
-0.191279
-11.1954
-26.4522
6.67618
-0.196889
-2.04256
-2.24953
3.77992
0.192407
0.733607
-0.124243
0.266832
-0.0315161
-7.47145
-5.57407
-0.0903624
-1.07986
0.0197469
24.5812
23.4341
0.927393
-1.82506
2.56187
-39.0352
7.09561
2.72379
0.201546
0.145927
4.765
4.40323
0.734802
-4.04315
-2.0937
0.906757
-1.71062
-0.286298
1.19297
0.860819
-0.368327
1.49525
19.4863
0.0696291
1.9383
-0.590338
-0.990407
-5.01234
-0.498853
-0.30105
0.154135
-0.431259
-1.23273
-4.186
6.86296
-6.62629
0.369856
-0.361729
0.233677
2.72856
-0.872411
-760.906
-1.06359
1.38712
0.335164
0.938268
-2.54698
-8.81512
0.0773949
-3.89944
-0.50343
-0.322181
0.0456856
-1.97571
-0.620059
1.00319
0.0021134
1.19544
0.764772
-3.42998
2.1899
-0.0971487
-0.337495
1.8375
1.35903
-0.171944
8.21202
-0.854948
-1.79217
1.76766
-1.48285
2.43374
1.82444
-20.6543
0.263738
1.40208
-0.380673
-1.01003
1.16143
0.967156
-0.625073
5.19018
2.08016
1.0694
11.2824
0.694787
-0.199379
-0.269398
0.479764
0.504193
-0.458012
-0.758513
7.82303
-0.567011
-3.71692
-3.61723
0.0925554
0.447663
0.433107
-0.782788
-0.236951
-0.899353
0.197151
3.1914
0.625825
2.63285
0.917117
-0.894189
-0.189064
8.6029
15.8607
1.12683
6.84945
-2.47808
0.0172431
2.41341
-1.51851
2.55735
0.0605526
1.25054
3.08968
-0.799918
0.195221
0.520946
3.40588
-0.0631877
-1.10913
-0.730075
-1.37383
0.171857
-0.00856191
0.779863
-24.0254
2.02018
-0.614933
-4.27622
-1.46308
0.0236612
0.0895492
-4.56795
-0.480651
0.0651126
1.38005
4.99759
-0.99583
0.871377
-0.128382
-0.712598
0.27596
0.184704
38.0484
-0.267034
17.5264
0.442974
1.8216
-1.8728
-1.49672
0.325616
-2.18664
5.06809
0.164785
5.61077
-3.01819
-1.46085
-1.37667
1.35281
0.730912
1.12515
-15.6226
-6.92302
-2.79858
0.302168
4.51302
0.976373
0.638972
1.41187
-0.205976
1.27969
-2.99218
340.667
-0.289865
-0.663303
-13.0891
-1.81745
-49.015
-0.407783
-2.69313
2.95169
-0.330352
-1.2621
18.4201
0.212929
0.55682
1.94612
-2.74202
-0.732213
-10.4351
-0.195504
-0.203496
-0.276907
9.78442
-1.23506
0.654778
0.430603
0.608176
4.10137
3.1919
-1.4867
0.0521306
-0.0936358
-2.12259
-0.893866
-0.291158
0.532047
-3.62021
-2.04523
-9.30985
10.8914
0.747356
3.83247
-46.7813
0.921892
25.3385
-0.0218352
-0.336043
-6.48817
-1.30031
-0.477299
1.32725
1.62104
0.603227
-11.3391
1.45349
0.740106
0.682602
-2.09583
1.66366
-3.7518
-2.83553
0.492656
-0.013762
-0.915528
-1.4151
-0.538288
0.658716
-0.673883
0.397435
12.0097
1.78289
225.449
-0.0566542
0.305002
-0.271173
-1.35361
2.47832
-0.542625
-0.833312
0.35165
2.09529
5.64719
-0.0713584
0.573425
-1.33822
-26.575
3.56663
-0.91725
-1.71771
0.264523
5.45257
0.321476
-0.987936
-2.23342
-2.81713
0.240956
0.573517
-1.39735
-0.236742
7.48732
-0.716942
-0.125441
-2.7802
0.792978
-0.356764
-1.15947
3.99836
0.604781
-1.26767
3.6949
1.492
-0.811047
-0.375325
0.924422
0.202271
-1.83586
0.310251
-0.00790704
1.19588
0.155996
0.103489
-0.634378
8.09012
0.973265
3.30726
-0.112146
0.255401
-1.02139
-0.0627953
-7.8485
6.63118
-15.328
0.0694793
-2.49231
0.589802
4.15262
-2.98734
-5.5077
-29.9213
-0.242074
0.516991
18.7148
0.624798
-0.920047
0.294264
-0.971663
-0.684678
2.99416
-2.0478
-2.77991
-0.0407514
6.14051
-0.55767
-17.4097
-0.211555
-0.423107
-1.35378
2.45401
1.41763
0.59369
718.109
2.67019
-0.558997
-0.0713892
2.53516
-1.60156
1.82732
0.508368
-1.17487
-0.773073
0.381527
1.04792
-0.0551932
1.36001
-1.08228
-0.344417
0.988964
0.265879
-1.0269
5.76127
-1.66606
-2.97863
0.875383
102.502
0.216935
27.4643
-1.522
-2.15647
0.894288
1.11286
0.23619
-5.98901
49.5265
0.848591
-0.118053
3.9915
3.63026
0.0300205
-10.9828
0.512
-0.9366
0.326443
8.72034
-0.089092
1.658
2.23916
1.15464
0.167911
-19.9524
2.87872
3.76712
-2.15683
0.930919
-7.5048
0.353393
-0.17195
-0.776199
-0.34244
0.281771
-3.54382
-0.546245
0.135815
1.61165
-1.44894
1.35187
-3.50726
-0.556831
-0.999044
-5.53977
0.357224
-1.27998
0.809284
-0.894046
11.8628
0.0865569
-2.57779
2.01961
-15.7406
0.494526
-3.26308
0.549017
0.955541
-1.98849
-0.234922
-2.343
0.75919
0.486306
1.20243
-3.427
0.555717
0.964361
0.457868
0.486607
1.64256
-0.0295955
-2.8842
0.406948
0.774851
-0.145926
10.5736
-0.500389
-1.45087
2.31002
-4.04455
-0.723026
-1.56672
1.20057
146.346
-0.651405
0.66112
1.34208
-24.9567
-0.598095
4.38446
0.264644
-2.97067
-0.918364
-1.30499
-2.3117
0.287276
1.29422
-1.01103
3.49105
0.00556439
-2.09991
0.0347678
4.41843
-0.799458
0.891368
-15.7083
-2.21676
44.0059
0.0377642
0.0577472
-1.31851
1.11482
3.17587
4.61341
1.38281
-0.0258253
10.6576
3.91243
-0.130142
0.440307
0.0891832
-1.3638
0.190293
0.578975
-0.0978367
-3.80679
5.1372
-8.04081
-1.34753
-6.32044
-0.313461
1.24622
-1.23555
0.490479
-2.87681
-0.676101
3.44834
-0.914266
-0.967387
0.240887
0.247943
9.22257
-0.786472
-0.496063
0.100648
-0.463428
-1.1985
-0.123948
7.94844
-1.83565
-46.7612
-0.362176
0.00777971
28.5012
-4.95816
-0.221671
0.556046
0.76633
0.396151
1.117
0.229611
-0.898605
1.07781
4.51939
0.617406
-0.397515
0.635886
1.9168
-0.0573738
-4.25918
-0.618116
-1.46537
1.79122
370.043
0.104387
52.0531
-1.20023
2.96609
1.33705
-1.01775
1.20699
1.27083
-0.199626
-5.13716
-0.741087
-2.26198
1.1194
-2.99584
0.155724
2.16151
0.604349
2.19825
-28.6839
0.30787
0.502116
-0.363194
-4.75861
0.480235
-0.180548
39.6268
-0.198982
-0.134229
0.394611
-1.28108
-3.68641
-0.792224
37.6042
-0.254338
-0.717837
11.8057
1.08885
0.179755
-1.14128
-0.664963
-2.18217
-3.67134
1.86016
-0.700961
-1.43402
0.0404592
0.781626
4.11679
0.417101
-1.45744
-0.428994
-1.29586
1.11592
0.934677
0.422922
-1.60594
1.83769
0.375456
1.04257
0.106832
-0.33712
1.7515
-142.891
4.21096
0.494402
0.770725
1.10661
1.7354
-0.0791864
0.00117268
-1.2684
-2.57052
2.72282
-8.29273
0.910564
-0.168137
0.910807
-0.318683
-5.70632
0.366071
0.239224
-0.165616
-1.71265
0.661776
-1.10239
-0.997853
-2.60869
-0.580566
-0.543994
0.401074
-0.690222
-1.67009
0.81507
0.440899
0.459098
-30.9761
-0.7267
1.57715
-0.192332
-0.345576
-0.184935
0.157345
-1.30809
0.519123
-0.878712
0.0742995
0.512722
-15.5291
-0.0788022
0.240299
0.402582
0.194901
0.70852
-0.742714
1.08254
0.685501
2.81119
0.282637
0.0493784
0.176896
-4.59215
0.0684395
-1.12328
-0.150492
0.283142
-0.629384
4.84948
-0.196408
-0.0611854
5.76294
0.346712
3.03071
-1.82199
-0.572786
-0.475585
3.25231
-1.33376
3.86223
-0.576898
-5.76576
5.87944
-0.569113
-4.78151
0.88188
-1.289
-10.4657
-0.115187
-0.402676
-9.08485
-0.840758
1.3293
22.1148
-9.99417
-0.472077
-2.75684
-2.98136
-0.0530576
0.0696164
0.232422
0.148348
-0.238415
1.95172
-0.886764
-0.63232
3.70994
1.01757
-0.750168
-14.7908
6.89618
-0.743201
-15.717
1.09532
-0.563008
81.4731
11.5055
1.04095
-0.477071
-1.35567
-0.166543
-0.54087
-2.0344
16.7849
4.44943
1.02929
2.2903
2.1606
0.370902
-0.564391
-0.710648
0.122923
-0.631403
-26.3981
-2.46939
0.0416157
-1.48074
1.03807
0.869759
0.707764
5.57381
0.75193
-0.451717
1.71293
0.653515
-0.916257
-34.9078
-0.467566
-0.27764
-0.0220217
1.71711
-1.58746
-0.457015
1.26669
0.670022
-36.8249
3.4522
0.831485
1.33196
5.14186
0.76465
-0.336327
1.66722
0.941061
2.0719
9.45236
-0.582113
0.999515
-1.2614
-0.205164
-4.34052
2.63416
-1.7891
-2.52025
-11.5412
20.713
0.0548619
1.22806
-0.0473075
-0.225574
-0.263018
-0.0675725
3.87756
-0.263396
1.4258
-5.67244
2.03982
-2.09853
-9.21236
1.65315
-1.37612
0.170492
0.0360998
-4.27531
0.672806
3.19376
1.02463
0.341401
-4.08728
4.82063
-1.10038
9.70403
-0.591416
-7.76706
-1.52328
-0.544041
0.29933
-0.154601
-0.530281
63.4049
0.937687
-0.189378
-0.485698
0.0421245
-0.735814
1.60934
8.53999
-0.00434568
-13.9372
-4.53992
0.508949
-6.98966
-0.184557
0.619888
-2.0454
0.308214
1.37168
11.5974
-0.196681
0.362766
0.0381883
-3.97762
2.15244
-0.238185
-0.706116
-51.5
-1.94756
-0.602214
-0.00144668
-0.859002
-1.67832
-7.29923
0.482724
2.6437
2.09018
1.01264
0.309708
-2.19664
-3.45354
0.565038
0.68818
-1.16523
-1.61061
-5.20675
-1.06257
-0.30773
-0.681973
3.11064
-37.4949
-0.407753
-0.2029
-0.704498
1.82536
-2.05516
-6.37266
-0.397321
-2.64142
1.21192
-1.30328
2.42203
0.580725
0.135071
14.7016
6.62897
0.933547
2.66589
0.874904
0.228606
0.537083
-1.12283
7.25372
-2.62579
1.35024
2.31472
0.785693
-1.15733
-2.01239
-0.197767
-0.838854
-3.13
2.79929
2.59673
1.79756
2.47167
0.122623
3.2478
0.706078
-1.74051
-7.79431
-0.187345
-0.307156
0.800754
0.336862
1.53539
-0.638564
0.326098
-2.29821
-23.2872
-1.87643
-0.0128376
6.52065
-43.8989
-6.92279
0.062673
2.60309
-0.434234
-1.08713
6.71627
5.75211
-0.327549
-0.111047
0.853353
0.476878
-11.1182
3.53372
0.734967
-8.02575
1.401
-0.909792
-0.29905
