0.365642
-0.545784
-1.88328
-4.47854
0.0955169
0.0314075
-2.3082
1.862
38.2341
2.58407
1.16163
-2.85107
-10.5203
35.1646
-20.4969
6.10068
0.497809
6.03321
0.806194
-1.14192
-0.819416
-1.15594
-0.979447
0.168922
-1.20958
-0.502475
-0.0411339
0.0111126
0.428809
4.65193
-6.38714
1.78122
1.45863
0.0808251
0.0698453
-0.490415
-0.400273
0.3991
0.630263
1.89427
2.14786
0.154822
-0.0417474
1.74807
-0.280343
-12.1977
-1.17573
0.113863
6.65436
0.684453
0.801464
1.1967
3.01438
-2.53171
-0.0492662
4.051
3.04779
-0.86865
5.12796
0.717404
21.3078
-0.0819571
-0.964994
0.00802293
1.68829
-0.911278
4.19408
-4.56985
-2.41323
0.84374
-0.0905394
-5.19105
0.232191
-3.43309
2.05072
2.19378
0.595384
-0.551187
0.42947
-1.10993
0.76771
0.909269
0.78133
64.8838
0.379977
17.2869
0.302511
-0.411546
2.09409
-1.21493
0.965333
-0.274338
1.27862
1.10931
-1.45965
1.46576
-0.567176
156.76
-11.1104
-0.0962684
0.160778
7.22739
-1.72574
-0.0177245
-3.32433
-1.19416
0.476187
-5.15542
6.29722
1.68342
-0.206262
0.0761605
-11.1205
-3.10704
2.35236
-2.99684
0.191288
1.34871
-1.77159
-1.2502
-6.89516
0.547033
-2.23095
0.121528
0.409476
0.29399
5.60612
-0.300917
-0.136908
0.89159
-2.84297
0.497055
-0.443581
2.53949
-0.865837
4.87103
-51.8794
0.0167512
26.7132
0.750979
-1.10724
0.519006
0.469429
0.50994
-4.02936
-0.245968
0.191392
-1.24176
-6.9013
-0.708798
2.52434
0.527384
1.0473
0.642704
0.316423
2.024
2.08699
0.963299
-1.26316
-0.59875
-4.95681
-0.455033
-0.0310145
0.171167
0.86188
-0.148542
4.64418
0.851844
-9.8104
14.9642
-0.21382
3.48957
1.47931
0.105665
1.21095
0.674324
-0.220514
0.112239
2.64471
0.376662
-0.478993
-0.741386
-0.367304
-0.0861446
1.64278
-7.26439
24.2225
1.471
-5.15369
4.16234
0.757962
2.73934
0.205831
-13.8893
-3.16132
0.705797
-0.987823
-0.762172
-0.324654
1.57113
0.826338
0.421857
-0.681878
-0.813667
-2.32317
-0.909813
2.36572
-1.06567
-0.153092
8.10414
-0.681966
0.307391
-14.2122
0.731205
1.41226
0.0851166
0.405655
-1.57198
-2.11496
-0.191423
0.606208
1.11285
-19.0813
-0.0647616
6.93684
4.00733
1.34366
2.37532
0.0442439
0.64528
-0.243978
1.49193
1.79461
4.96714
0.0346928
-0.585711
-0.92555
1.01757
1.92659
2.46733
0.57913
0.0316103
-5.30888
0.53463
6.05763
1.02754
-0.571927
0.176867
32.8347
1.54784
1.12519
-4.30584
-0.772307
0.00460934
0.591497
-0.750052
6.12545
-2.18257
-11.5554
0.773341
0.435362
349.509
0.171015
2.90333
2.70153
3.28303
-1.46254
5.22248
1.40356
8.8075
-3.27046
0.637462
1.30402
0.61113
-2.47394
-0.0199636
-0.30546
0.602653
1.08968
1.03511
-1.45645
0.277609
-0.345662
116.702
-1.52502
0.223206
-1.04037
0.632576
-1.34398
5.61343
0.443571
-3.52707
-0.836237
-0.786255
19.1545
0.880769
1.00108
-1.29013
-0.755898
-0.441066
4.21627
0.189331
0.910536
0.74758
5.32267
-5.90387
-1.55012
-1.27887
3.36155
-2.29703
9.96198
1.94962
-4.27417
0.039914
-0.280044
-0.178502
0.0379375
0.305393
0.859947
-0.629004
4.40447
4.14792
1.11624
-0.20754
0.388064
-0.864711
-1.32314
-0.0205767
-0.973448
1.7762
-9.4922
1.34618
-1.24546
0.665347
0.359046
-0.509573
0.958928
0.163203
0.405869
-1.4309
0.244903
-1.19203
0.22066
-0.61063
3.55544
-0.405217
-0.504446
0.271057
-2.49921
-0.526652
0.260237
1.47482
-1.56084
-4.55755
-1.35108
-1.76425
-1.40091
-12.7934
-1.92049
-0.652966
0.258547
0.433844
-0.379227
-4.39478
0.149925
0.183696
-0.0796811
-1.00159
1.52073
2.17206
2.59809
4.20519
0.795397
0.0538211
13.8253
0.0898508
-1.31486
-0.717489
-0.55417
1.29418
0.181268
-0.90512
-0.244759
0.0356511
-2.8389
22.9525
-10.9796
-0.516922
4.64721
-2.0129
-0.786712
-0.721951
1.61723
-1.79754
-0.204531
-3.71119
0.889691
-0.950835
4.87688
17.248
0.0395416
0.621295
0.0285512
0.978735
-0.444226
-0.246118
-39.6228
-2.44712
0.107942
-0.586092
0.533069
2.48037
-0.596633
-3.06032
12.1688
0.48926
5.06114
-2.1633
0.441709
1.30708
-0.094885
2.15126
-9.82539
-0.729727
-1.30069
3.159
0.048298
52.4053
-0.713439
2.53328
-0.805449
-0.552964
28.0421
-0.128098
-23.1989
-5.6941
-20.5786
1.46596
-0.237715
-1.47261
-0.50225
-0.80305
0.422797
-1.2288
-4.26044
2.89309
-5.27548
0.543838
-3.94271
-0.0164002
-1.78084
-1.14854
0.344828
-0.467239
0.649677
-1.24333
-4.91842
-1.19124
-5.13861
0.445525
-0.474504
0.567711
-2.05028
0.622311
-0.321517
-2.3361
1.01411
-2.52341
0.725289
0.132885
2.62818
-1.19891
-1.11069
-1.01436
8.79984
1.39376
1.64233
-0.306723
1.24397
7.12977
1.48763
0.29146
-0.171846
2.09667
0.0390961
1.44246
-0.43678
0.955195
0.568946
-0.736038
0.965421
0.19876
-1.32273
-0.280925
-0.495128
0.362339
-2.17888
0.34028
0.206267
-1.06018
0.631166
0.888715
-5.98634
0.217502
-0.632373
0.541353
-0.285746
-3.4222
0.0668524
0.360178
-5.55308
0.933301
6.18583
1.59293
0.372711
-0.576585
-1.32498
0.464752
-1.13892
-1.05359
-0.774547
-0.51598
1.39465
0.410899
-0.487812
-0.24249
1.65832
-4.01508
0.983504
0.0572663
-0.0425155
-2.13499
0.57989
5.69079
-0.60317
1.48287
0.615311
-0.0596665
0.00813073
-3.33332
0.20989
7.21689
-3.84024
0.480753
33.0338
1.43267
-2.44579
0.00196077
17.8165
0.214663
-0.00595097
-1.72833
-0.0844484
1.13841
7.69281
33.0682
1.10368
-0.0130349
-0.247988
0.944233
-39.4611
-3.18997
-0.503477
0.180433
0.117221
1.1142
0.726283
1.89571
-60.5606
1.2133
-0.564592
-0.165525
-0.199165
-390.896
1.07907
-0.00742794
-0.866341
0.48859
0.356844
4.79019
-1.1295
-0.47229
-4.67265
-5.36937
0.130364
0.430605
0.0285052
1.71972
2.8331
-0.770193
0.407874
0.233124
0.781443
-0.492665
-5.80753
0.567283
-28.3957
-0.551271
-0.276844
1.33486
-0.410544
-2.29774
0.425602
-0.598374
-0.302973
-0.0472861
-4.46571
0.0286656
-0.346406
2.98875
0.540856
-0.125374
0.0943792
-2.78031
0.545139
-1.44694
0.110092
0.275849
-0.648087
18.1321
1.87666
-0.507076
0.707529
-0.19033
-0.936039
0.195464
-8.70588
5.19197
-0.187613
-2.3079
2.02056
-0.793434
1.93125
-1.49026
2.04898
-25.4214
0.323879
-2.27074
-0.282764
-2.92117
4.14795
4.11535
-1.71972
-4.99159
-11.7672
-1.33898
0.610509
1.06574
-0.130119
0.0893528
1.71287
1.11499
0.0575267
-0.184793
-0.806178
-1.42334
0.361404
-13.7368
-26.328
3.02373
2.71643
8.43032
-2.72
0.329819
3.23959
-0.534075
-30.2784
-0.201822
-0.742473
0.897442
0.54012
0.287159
1.10706
-1.49607
0.775702
-0.580073
0.480109
13.4266
1.47644
0.0738924
0.70917
4.66486
-1.74163
-0.548136
1.58333
-0.0586613
-0.00727211
2.76277
142.169
428.452
0.0598144
-0.412676
1.42612
-0.0815097
0.262039
-0.0386415
-6.4497
-0.423993
-1.61606
-15.1969
0.511523
1.0441
-2.92967
1.63236
1.1501
0.161601
-2.01556
0.196808
3.31258
-1.72023
-0.0665369
4.37726
-2.88227
-1.62048
0.295564
0.383407
4.21513
0.912084
28.3082
-1.92893
-2.24452
3.1491
-0.487503
-0.624563
-2.29381
1.12469
-0.0147075
-2.81152
-1.06674
-1.03628
6.51383
-7.65856
-1.44849
1.20269
1.0271
2.45189
1.25012
23.2331
-0.215755
-0.284182
-6.82987
-0.752772
1.95757
-0.0288322
0.570133
-0.689046
0.714354
0.0597518
-1.40251
0.534533
-0.39181
-0.797141
1.11367
-0.271965
0.533623
-0.274023
-0.888462
0.391665
-0.370122
-7.72877
2.56128
-1.04397
8.22557
-2.4655
24.3665
-0.12718
-12.0794
-2.38167
0.723749
-1.84729
-0.201311
2.68682
-1.67784
0.765378
1.29513
-0.766737
-6.634
0.858093
-82.8129
-0.384146
2.38929
0.0257512
-0.791681
-1.61415
0.321913
-11.6009
1.21511
-0.298686
-2.76849
-0.892384
-1.51966
1.64626
-1.45266
0.130075
-0.518418
0.61917
-1.09965
-0.758778
-0.409231
-1.3395
-1.63517
0.793209
1.5142
0.726882
-3.68242
3.50218
1.98403
-0.0131369
-1.05284
0.225311
-1.09988
0.804635
2.52609
2.87449
-0.806159
-34.7308
-2.02976
-22.0844
3.17291
9.76682
-1.26933
1.95702
2.91483
-0.53431
0.993671
1.51204
-1.22712
0.233133
12.9102
-1.35071
-1.8484
0.18881
-0.693166
2.13817
-0.314358
2.65501
-0.318275
-5.20572
0.831746
-0.810583
10.1868
-0.663986
0.378608
1.154
1.31122
-5.11982
0.926417
-2.4791
-0.883478
-0.955299
-0.480114
-0.103992
-0.245155
0.898871
-1.0601
-0.349197
-0.2201
-0.733052
6.22353
-0.626209
2.23359
2.4426
-0.266121
3.49929
0.962343
0.0571566
-8.2154
0.402623
-0.0242373
-0.379783
-1.99116
-27.1941
0.207809
-1.15101
-0.188806
0.260743
-0.422309
0.0863439
-0.548052
1.34307
-0.984128
1.75283
0.513396
-0.520645
0.0114107
-0.375287
-0.00152236
-1.88902
1.83446
-0.387871
-955.723
-0.829231
-0.659896
9.30669
-2.76893
-11.0679
-0.225304
0.186809
2.06385
1.47732
1.70308
-8.73136
-0.770221
0.0300729
-1.76824
-0.284289
-0.680848
1312.01
0.438405
2.14771
-1.72996
0.17466
-0.91397
-0.617937
0.156129
0.249568
0.225581
2.15655
-0.900109
0.037812
-0.355468
1.94902
-0.097689
0.422564
-0.45226
-0.000283797
13.3427
-1.55303
1.91959
-1.19757
2.68031
-1.01804
1.18464
2.58471
-0.186472
0.38458
-0.380712
0.932513
-3.26561
5.41933
0.127146
1.13324
0.309083
-1.17846
1.63651
0.635026
0.776036
25.0145
0.875017
-0.314104
-0.316084
2.91842
-0.314481
-19.8971
-1.22464
-0.777572
-3.9438
1.20375
-0.0653368
3.87024
0.879895
0.470046
-5.7302
-13.614
-0.621438
1.64586
-3.02443
0.628197
0.52975
-2.37539
-92.1372
-0.980707
0.0436232
-3.95156
-15.0292
4.47871
14.3305
0.148872
4.31183
4.56064
1.03702
-18.6057
-0.232027
-0.58691
1.62821
9.42044
-2.66729
-0.928045
-1.9949
0.803082
-0.0738472
62.3072
0.568496
-0.014645
0.184489
-0.00883138
-0.701097
0.601553
-0.865232
1.69629
0.270325
0.483922
0.54439
-0.688911
-1.20237
0.752994
-2.83522
-2.79225
-3.29571
2.61151
0.6671
0.349827
7.83151
-0.580294
-2.06799
-6.7392
2.17542
14.2968
8.02144
1.02172
11.1113
-0.132464
0.439255
0.961866
0.0729169
-0.555337
-0.0116671
0.228366
0.851883
-2.01883
-0.214236
3.874
-1.74598
-1.14874
-0.0799488
0.657045
-5.11661
-0.939534
0.276342
-3.93663
2.40216
0.557115
2.27091
-0.710633
0.833331
-0.126439
0.300006
4.75814
0.151487
-0.193858
0.503498
-1.33551
1.27333
-0.356359
-0.649381
-1.25163
-0.256522
-1.02549
-1.05774
-0.129911
-3.44774
0.5928
-1.05421
0.0258138
-0.603269
-1.33841
0.911847
-0.378252
0.191657
-1.23686
-0.397585
-1.54252
-1.89739
1.14693
-0.50049
0.273257
1.41944
0.638561
0.10982
-1.66639
-1.99214
5.56999
8.20031
0.0307047
0.290762
-0.667184
-0.101025
-23.7753
-1.97448
-0.348593
-0.370995
-0.67766
-28.0502
0.358391
-1.10546
-0.248315
-0.129477
8.30146
-29.7367
9.49642
-1.27202
-2.29643
1.81522
-7.61443
-0.560883
-3.38738
0.826752
3.50869
0.399773
0.572752
-0.367259
0.619729
-0.00324218
1.078
0.809062
-1.56876
-0.681362
0.48024
-8.74727
-0.339917
0.437966
0.336116
2.82126
0.770143
-0.117671
0.366649
-4.75846
-0.17482
-0.172151
1.43646
3.13244
-0.118592
-0.466132
-3.21879
1.03852
2.16595
-0.303059
-0.30817
-3.5845
2.62724
33.3977
-3.68114
-2.39393
1.91313
7.12388
-1.30104
-0.609928
-0.664837
-0.217728
-1.30077
0.049909
-1.37682
5.63914
1.02718
-4.39466
0.522055
-0.0571028
-2.42909
-6.07312
0.56035
-2.04935
0.393129
-0.349185
-1.15056
4.29094
0.0112572
1.1852
-3.3707
-1.20782
0.206697
-1.01812
-2.44564
0.289999
-0.672228
2.53878
-0.0292749
0.0651593
-2.37286
-0.52031
4.43382
-0.346689
0.0203259
-2.15475
-0.162216
0.191096
-1.82114
1.35731
0.102166
-1.82508
-3.64092
-7.79141
1.64525
1.53733
0.0917799
0.0551576
2.70036
3.94345
-2.4567
-0.918107
-19.2528
-6.10402
-4.69412
0.470084
0.0141215
-11.4758
2.34701
3.34764
5.58459
2.32887
-2.54279
-0.287874
0.411967
1.33128
-0.25175
7.73357
-0.1895
-0.659633
-0.104278
-3.54067
0.16053
-2.19364
0.388127
562.999
0.208014
-1.32157
-0.504411
-5.59973
-0.264292
-0.825318
-0.198262
10.6787
0.178213
10.7641
3.79226
-0.154131
0.0251375
0.130832
1.57353
-20.5067
-1.22208
2.71473
0.35611
0.302932
-0.134011
-1.1036
-0.941946
-2.70882
-45.1256
0.820245
6.6065
-0.305349
0.306753
-0.543086
-103.636
0.882025
9.02519
-4.194
0.222492
-0.221109
-0.340405
0.275013
-0.454788
0.33814
-0.88378
0.53471
-2.11654
-1.15937
0.0624778
-0.208846
4.33557
-0.189092
0.123056
-1.41452
0.483053
12.8184
0.369652
-0.819983
0.333331
0.120037
2.79215
-2.15683
0.53482
1.83484
-0.170514
-2.0216
1.80031
0.555493
-4.99636
-1.07115
0.0388203
-0.546311
1.24508
-0.58875
0.907837
-0.136351
-0.531926
1.23431
-3.02452
0.338247
0.169255
3.29538
-0.427724
-5.27828
1.27273
-0.84002
-0.220892
-3.98763
-0.564493
0.0677124
-0.488956
-3.68018
-0.676002
-1.14267
-1.1196
1.36828
-1.51624
0.327883
-4.14081
0.443072
-0.37077
221.021
0.248547
0.108297
-11.123
1.34152
-0.333467
-0.971648
1.06403
0.267336
2.37902
-1.22522
0.31369
-0.407274
5.01916
0.19238
2.70342
-2.26663
0.899113
-0.242811
-3.1189
1.00923
-1.34464
-6.38004
-0.771354
9.11477
0.706961
-6.88984
0.145953
-4.84328
-0.727178
-0.262736
-1.5392
4.04998
-0.261412
-3.31055
-0.40625
-15.5382
-0.949457
0.686451
0.36903
-0.326088
0.392739
-3.72379
1.42361
-0.230373
9.50803
1.73691
-0.442639
1.02863
-1.94682
0.408147
-0.166007
0.648114
-0.149379
0.0407662
8.20437
-0.918625
-1.68139
5.60789
1.27666
0.430751
5.79745
0.693568
-48.6504
-0.329405
0.289639
-1.24145
-4.79649
-1.26919
-0.761414
0.556686
-1.15303
0.376656
-2.19644
-4.12734
0.632399
0.419654
0.400152
-0.725648
-0.454362
-0.515841
-0.664254
1.24784
0.638126
1.34812
-0.019423
1.24596
-0.497954
3.76153
17.3044
0.180526
2.25418
-0.606418
-1.01467
1.41566
0.0387924
6.90216
4.03376
1.46627
12.9788
-2.25761
-6.80573
-38.2123
0.179036
1.04399
-1.10755
-1.10087
1.52456
-1.29261
0.361808
-4.74026
0.192482
0.402708
0.389223
-1.87575
-0.918614
0.126576
1.92309
1.10218
0.159914
0.140655
-6.63375
0.734913
-1.24913
0.331389
-0.0106428
0.529145
0.118289
-28.202
-0.105281
-0.256186
-0.03911
0.148449
3.42361
0.643049
1.60081
-0.299862
-0.0367015
2.2606
3.9375
2.18512
-0.36156
-7.28357
0.274359
-0.306671
4.21062
-0.0479392
2.94433
-0.605267
-4.36373
-6.21757
0.104387
0.922459
0.11736
-2.53909
-22.7405
-2.35357
-0.681018
42.8872
0.570316
1.2968
1.61174
-0.0332546
0.673505
-2.11274
0.373645
0.509501
-0.189849
-0.295452
0.138005
-0.0165619
2.40003
-0.165637
-0.730011
-0.0240869
-0.0361391
0.911324
0.313294
-1.32598
-1.75451
0.542113
-0.44716
0.462843
-0.165969
-0.0268964
-0.296786
0.301971
-2.90825
-0.912888
0.231388
0.123936
2.41929
-0.141505
-3.50459
-2.37676
2.87195
1.10771
0.332365
0.351002
0.209611
-0.167594
0.509855
0.264504
-4.19128
98.0093
0.713515
2.55996
16.0268
3.29965
0.338771
-0.233232
-1.97571
-0.535348
0.0940651
1.17036
-0.322399
-0.0478102
0.918566
0.528633
0.746658
-0.143203
2.26528
0.862573
1.89513
0.527985
1.4688
-29.1865
1.34162
-0.102862
2.26573
0.812736
4.25478
0.538612
0.487434
-1.98944
-0.875962
-0.0558163
0.164908
0.828345
3.00693
0.287885
-0.0628144
2.18017
-1.29657
1.07699
0.0208464
-51.657
-0.31445
1.18245
0.0796186
0.245414
-9.48492
1.28765
0.302015
-2.37275
1.00252
-2.07512
-0.819926
2.1217
-0.588633
-4.66573
-0.722132
50.0168
0.621158
-0.848004
-2.16513
-0.514717
-0.016592
-0.411673
0.42364
0.237572
-5.05225
0.23295
-4.59483
-3.05035
1.14127
0.71177
0.287396
-1.06287
-0.217791
-5.90091
2.37653
-0.0489252
-2.61533
0.410411
8.65717
0.286047
-0.387295
0.159931
1.02265
-1.24486
0.208766
2.42714
-1.46744
0.573285
0.701325
1.01395
0.41209
20.4817
-2.36614
0.454654
-0.620242
-4.78128
0.523114
1.06491
-1.11883
-0.236814
-6.29146
0.590772
-0.449945
-0.676848
0.482908
2.23991
-2.6345
0.833849
-1.14394
-10.2641
-0.324967
-0.291457
-0.249632
-0.387238
0.570799
-0.569568
-0.478352
5.42219
-1.3414
4.76171
0.409009
1.30464
8.90563
1.11879
6.46647
-0.469756
-4.6265
0.231223
1.92603
0.0410873
-3.75954
-3.18235
3.99221
-1.51925
1.40195
-0.0233978
-0.0255798
-2.18044
-0.53471
17.7056
0.24391
-0.527973
0.372342
-0.955109
-0.320637
3.38345
-48.7394
4.1127
-3.11553
2.1505
-0.0394827
0.372716
-0.49554
-0.153348
0.586804
0.825953
0.102431
0.634398
-1.01732
-0.273703
-0.810634
0.222475
0.716429
-0.374722
-1.5292
-1.70263
0.226793
-8.74274
-0.738358
-0.706525
-10.4091
0.374437
-0.398845
-1.09878
3.02189
0.739312
-2.71736
-0.217468
0.098091
-4.21975
-1.5245
-0.60988
-0.731499
-2.43506
3.10705
4.21623
-0.29384
0.087935
0.879821
-1.55087
1.28282
-0.102034
-0.0118888
-0.648951
-1.63649
-0.0234566
1.2749
0.330172
-0.86049
2.20852
-0.117973
2.38573
0.572284
-6.8166
2.8912
-1.46693
0.298586
-0.225883
-0.643591
0.952698
-3.14912
-0.542301
-0.752491
2.13729
-0.0969244
12.806
-0.267781
-3.60059
-0.302473
0.310326
0.904915
-1.85909
-0.450006
-0.224994
-0.914734
0.139902
-125.421
-0.711715
-1.98935
0.474003
0.801749
1.0392
-1.02069
-1.86763
-4.47952
-7.92748
1.31728
2.80599
-0.637347
-0.750925
0.303255
0.026758
-2.48932
-12.2587
3.10763
27.1646
0.697636
0.340158
1.00045
-0.17678
-0.343915
-1.70282
-1.23332
-0.529246
-1.50521
-0.959311
0.0949182
-0.225525
5.80805
-0.582668
0.0384251
-0.641502
0.34945
-1.18707
-0.250284
-1.10865
48.9667
1.03765
0.479654
-0.55795
1.4289
1.37179
-7.90062
1.88325
-2.94759
-4.88888
34.2626
-2.92098
-8.31426
2.06508
8.04146
-0.568028
4.00391
-2.30363
0.340491
2.04477
-0.490166
-1.1719
1.73368
2.7243
-0.82287
1.47467
-1.03783
0.891033
0.514802
0.805642
-1.03183
-1.12697
-0.407204
1.61691
-0.773909
0.625207
-0.347018
0.201532
0.361526
1.63041
-7.64722
0.17434
-5.02956
0.629688
5.09606
1.53097
0.341502
8.50616
-1.19872
-9.31964
-1.17969
-1.44808
-3.24161
1.02208
-2.35578
1.08346
1.73372
-2.33455
-0.186808
-1.03564
-0.652569
-0.482621
-1.51358
-2.35207
0.5301
-0.435506
-3.14812
-0.802855
-63.8038
-0.80237
-1.22185
-15.0365
-20.2152
0.150013
2.16068
-0.426143
1.94715
-0.133987
0.309246
-2.73962
0.652966
-0.910473
2.17811
0.968376
-1.07993
1.54098
0.436676
0.783402
0.198913
-0.173181
-1.23799
0.878321
-0.633912
1.79035
-2.93714
-14.6528
-3.13237
23.7178
-1.12528
-9.37002
-1.12937
-3.13607
-18.4878
-2.2335
-8.10849
-0.625169
-0.0310147
47.8493
2.31274
0.0161795
-0.176092
-26.7774
-0.431398
-3.25753
-1.12517
13.1037
1.94644
-0.211552
0.782656
-0.307537
-0.613262
3.81562
0.326133
0.264507
-0.875786
1.8272
-0.40371
250.036
-1.3712
-0.28765
1.20638
-0.156716
6.08841
2.60034
3.86547
0.00790675
0.194679
6.93962
2.61197
-2.31136
0.512185
0.490381
0.728637
-1.76804
-85.3123
-1.80997
2.25435
2.49713
1.88277
-0.251655
0.557873
-6.43247
1.32103
-0.370244
0.0398398
-0.235602
-4.27913
0.120868
0.654552
0.027958
0.49617
-1.65117
-1.00281
-0.214197
0.569862
-7.80478
-29.9182
-0.392
-0.297388
0.559254
1.65477
16.1577
-8.41725
-1.17461
25.1383
-2.96224
-3.7922
-2.2862
-0.650445
0.15715
2.76984
-1.224
0.359903
0.320427
8.62613
0.254765
-85.5016
29.3718
1.45226
-2.50703
0.819737
-0.544911
-0.393888
2.21521
-0.64451
-1.22167
-0.199607
1.03213
-0.14524
-0.596229
9.82617
-4.18477
-1.30404
-0.682073
0.544771
-0.840479
-0.229455
1.15043
-0.578738
-2.29844
0.765994
-0.803007
-26.4089
-0.0712816
-0.328494
0.465217
0.893473
-0.0838001
-1.36537
-5.5987
-1.46352
-1.56308
-0.662594
1.25827
4.33351
-0.480343
-39.0274
1.59074
0.0161147
-1.20401
0.0272648
0.294383
-3.14714
-0.979107
1.89832
0.331494
0.0936933
3.41265
1.23217
0.129602
-2.3575
274.984
-0.462558
-0.499131
-0.139505
0.239331
-0.75854
-13.4728
-3.13055
1.90218
5.31388
-3.37511
-0.609157
1.6407
-0.722023
0.142123
2.50905
0.251405
1.09074
-0.496514
-2.44564
3.54407
17.315
-2.76416
-3.11202
4.91766
0.119102
0.271332
0.952092
-0.772193
-0.230545
1.72737
1.18891
0.72388
0.0062034
0.603399
-10.2551
-0.540679
0.108881
5.69053
-1.24913
0.163064
-1.9512
-3.48467
8.83078
0.712637
-17.9095
0.783706
1.18406
-0.912977
1.04352
-0.232131
-1.77497
-2.31985
-0.845272
0.937475
1.04157
-4.4376
-64.0356
-3.19308
-0.283105
4.64134
-6.66821
2.59001
3.46508
-0.364886
0.338644
2.31054
0.775825
1.83559
-0.887075
0.395068
-5.4843
-0.307443
2.66839
-0.529783
15.6054
5.5812
0.682503
-0.246147
-1.3318
0.786868
-0.691615
5.31884
-0.122353
10.6736
0.162966
1.08847
-11.2788
-1.80339
0.236368
-0.334959
-0.390916
2.13071
0.919954
0.434074
1.18972
-0.579221
0.162982
4.49873
-0.965733
-0.0971972
-0.0743208
0.348152
-0.869127
-1.02648
-9.18342
0.866404
-4.57913
-1.11951
-1.18386
-0.777494
0.0906682
-2.51238
-0.683052
-0.650369
-0.565494
0.368505
7.82658
0.0843354
2.12515
-0.177598
3.46975
0.045929
0.104188
1.49461
-0.0243913
-0.570619
1.23749
-3.59563
2.6339
-1.89562
1.18382
1.37279
-27.6099
0.0984412
-0.260623
1.42277
-2.00758
-1.12534
1.43231
2.1588
42.2073
3.90442
-2.1101
-0.381697
-4.00937
1.96221
0.506383
0.1503
-1.17894
0.927419
-0.725835
-7.73344
2.55488
3.67831
-0.00561533
-0.758767
1.32102
-1.24441
0.666807
-1.42446
1.26878
0.305024
1.67979
1.35004
0.0127109
-0.984391
0.231609
-0.741176
1.47906
0.532826
-3.33995
0.114375
0.315793
0.0086557
1.16517
-0.474341
2.36009
0.417074
-0.495894
0.476222
-0.951348
-1.71917
-0.198556
-1.16505
10.9278
0.66679
0.621845
-0.595751
-1.68275
0.811778
-0.991094
-2.83633
0.236661
452.529
0.340546
0.799888
1.02945
-0.595624
2.84248
0.345406
0.0447473
-0.229816
6.04327
-2.47824
1.27394
-2.64594
0.366459
0.353584
-0.616266
-0.434354
0.0723472
-3.25831
1.09127
-0.171788
0.226952
0.873656
0.544457
0.661402
0.987036
0.183588
-0.808252
-0.193705
3.6581
0.843818
-3.06061
1.19093
-4.34419
-13.2453
0.0666861
0.500997
0.0686958
-1.62604
0.628488
-0.685174
-0.00644
0.0311183
0.937728
0.072837
1.4646
-1.42065
-35.0073
0.0554131
-0.909217
1.25207
-1.34441
-0.47247
-1.54448
-0.304824
0.00222271
-0.275247
-1.55042
-2.45068
-0.834918
0.102117
2.50854
-0.626367
0.907953
-0.285769
-0.0296318
-1.28865
0.177956
0.389732
6.40767
1.4895
0.850436
2.2503
-1.48758
-0.155108
1.93748
-2.81184
0.673857
16.0417
0.416328
-0.788867
-0.326682
4.1171
1.3093
0.721471
-0.286757
-0.828645
-13.1933
0.271675
0.0835336
0.767314
-1.03475
-2.76618
-3.1955
-0.929712
-0.314428
17.8982
2.23233
0.239948
1.79741
-0.568247
0.283713
-2.34997
0.680131
-1.15713
1.14147
1.33544
-0.0737815
-0.270566
-1.13587
0.402953
0.0857206
2.76944
0.0103702
-19.8474
0.148499
0.0472024
-70.1787
-0.489306
9.90556
2.48011
-3.33699
-0.430537
-1.91366
0.102477
-0.0298381
-1.28021
-4.09547
1.296
11.3991
-0.218976
-1.34268
2.26419
2.53494
0.16387
1.1854
-0.159828
-1.53261
-0.736594
1.3806
0.895225
-0.604237
0.455995
-0.0698981
-0.44829
1.43319
5.68741
3.36435
-18.1553
-0.680911
-0.428833
-1.004
10.424
-0.443205
-0.363017
0.953168
-0.530955
-0.603239
-0.919465
-0.767633
0.627471
0.76593
0.904308
0.454385
0.320841
-0.664083
2.64549
0.109245
-3.85686
0.782003
-0.120948
10.3248
-1.25286
6.27148
-0.688824
0.127867
-0.159435
0.987875
-4.33517
2.94115
0.341553
-2.51928
-0.0151498
-0.703825
0.0828004
1.25075
0.365137
0.0231572
1.32592
0.0446397
2.37045
-2.12907
-107.258
-7.35348
0.171311
-1.26398
-0.841562
-0.472661
0.523075
-0.724761
-11.5969
-0.593895
-0.306847
-0.765831
0.208048
-6.16997
-0.0423943
-1.14643
-1.04937
-0.136753
0.326767
0.817777
-0.615505
-0.314184
-0.0810252
0.871815
0.88738
0.314789
3.55073
-3.50181
0.0958011
-2.75166
0.423134
-0.72863
0.383812
0.515647
4.65902
-0.908333
-0.249023
-0.272565
0.815942
2.68986
3.30485
-0.497518
1.54524
-0.537987
-26.6974
-4.33041
-1.12484
-0.158193
1.47783
2.21196
0.884169
-0.371148
0.679776
1.96589
0.0338198
2.5324
0.455601
-0.604252
-0.556251
-0.0164645
-1.11421
0.878115
-0.695684
-4.14481
-2.03824
2.0207
2.76588
-1.10886
24.4162
0.385166
0.517821
-0.731346
-0.191412
2.57003
-1.04926
2.65098
-4.39252
2.18816
-1.38487
-31.2394
0.863655
0.779069
-0.0564007
-1.66622
1.17968
0.349909
0.984573
-28.4542
0.717075
0.0851814
0.137615
4.00846
-2.88264
-2.21634
1.4442
-0.0999761
0.962516
-0.210893
-3.04106
3.20051
-0.188463
-0.915963
-48.3239
-3.04377
-0.408156
-1.76273
1.47112
-0.714842
0.83442
-1.00104
-0.438529
-0.881672
0.570517
0.818767
5.75193
-0.102566
0.686532
0.0201316
-3.6114
4.57461
-0.0746879
-1.14926
-0.0514925
1.25519
0.688249
1.90837
0.369365
-0.314611
-0.417653
-0.0848035
-0.607805
0.220537
2.86389
-2.32862
-1.39468
-1.37608
0.570056
0.772206
-0.312495
-55.5081
2.87111
6.37595
-1.25258
0.254699
14.2895
1.06882
-1.09071
0.199817
-8.49142
-0.722766
0.310852
-0.198217
1.21747
-3.15161
2.07868
2.39717
-1.58349
23.6477
0.205749
1.01028
27.4651
-3.07485
-0.456698
-1.31659
-2.07977
-7.39684
1.10689
-4.43121
-1.49618
2.90709
0.358207
1.2597
0.543877
0.226423
-0.418332
-1.11537
0.988667
7.38617
-0.253546
-3.28925
-2.80908
0.946258
-0.0602445
-4.26542
-0.57701
-0.902403
-0.985318
0.167192
-0.585765
12.5049
-0.623028
0.563577
64.0715
-1.55283
8.20766
-1.03542
-0.293649
-0.522902
34.0399
-2.1264
0.0553728
-0.435977
-7.23301
-0.160617
0.278036
1.00718
-1.08606
2.97326
-0.218147
-0.177401
3.11804
-0.35429
0.225362
1.53464
0.969158
0.475923
-0.138551
-4.58279
0.848902
-0.245391
-2.85013
-7.0097
2.60111
1.16851
-0.103849
-0.328894
0.39995
-0.59309
0.327451
0.770637
-0.267237
-3.93252
-1.37614
1.81867
-4.67532
0.970408
56.3091
2.07087
-0.795893
-1.76603
0.42545
-2.07152
-0.809551
4.49377
1.21113
-0.950431
0.543893
0.368252
-0.433355
-1.1328
0.330226
1.46937
-0.822433
0.170312
0.761265
-0.463588
0.102902
1.72791
0.514654
15.8671
0.674864
0.15046
-0.0776749
-1.262
-2.73669
0.691444
1.55848
0.070041
-1.04276
2.77188
0.302329
1.32834
-0.852611
1.15361
-3.80292
-2.35142
2.59781
-50.3606
4.14956
-0.497312
0.267264
-12.8003
-2.02578
-6.88575
0.0907837
3.29542
1.12708
-1.96441
-0.822495
-0.927177
-1.1277
0.665352
1.8094
0.274796
8.85623
0.107845
1.66964
-5.1096
6.96097
-3.98598
-0.998026
-2.74717
-0.147188
-0.012234
1.02172
-0.430496
-2.03725
0.255177
-1.299
0.411145
-1.0656
-0.205424
-0.941594
-0.575903
-24.333
-13.7224
2.30519
0.701329
0.482544
-0.0253237
-7.16565
1.35562
-8.58654
-3.01133
1.89573
1.40411
1.10602
-5.38518
1.0919
0.983967
-2.72447
2.01313
0.59326
-1.43765
-0.723845
-0.793608
-0.24508
-0.17841
-3.33788
-0.500558
-0.0842267
3.07473
0.765981
1.70109
1.01855
0.457764
-23.2358
-1.76778
3.52187
0.302811
-1.84165
0.268932
48.8285
2.23891
-0.565789
0.450329
0.577011
0.0827722
-25.0877
1.15474
-0.688146
-0.602566
-0.197026
5.11009
0.362448
0.00309055
-1.37699
-0.0545232
1.42481
0.0212959
0.709221
-2.48321
0.139549
-4.97202
-0.587863
0.466703
0.373423
-3.78772
-0.112352
0.925751
-0.0122248
0.451991
1.07568
1.75647
8.79378
0.858278
-1.11093
-3.6122
-0.0342287
3.12336
6.9563
0.0503026
0.525669
1.25686
-0.53418
-4.50172
-1.31767
-0.194663
-0.230292
0.914527
-0.66331
-0.0984899
-1.55923
5.45855
-0.385296
-1.26084
-1.03429
0.662794
2.44418
-1.15766
-0.739907
-0.752485
-17.4229
-1.39086
-1.25956
-0.560143
-0.605403
-0.62631
-0.109476
-1.03326
-0.294707
-1.90611
-3.364
6.67589
-0.0954048
4.73165
-0.56866
-9.40103
-12.4062
0.00791212
-0.491463
-2.20502
-2.51717
-1.67448
-0.940627
-0.234836
0.0442254
0.33215
0.788369
0.105712
1.0229
-0.0629988
-1.31398
0.264989
-0.614555
-0.2195
-0.376772
-0.0555985
-4.006
0.194311
0.342198
-4.94826
-0.762558
0.476207
0.0291736
-1.03636
-0.169273
-4.38233
-1.793
-1.58671
-0.539966
4.31496
1.0081
-1.35524
-0.363336
0.539023
0.223571
-2.81704
-0.786625
-0.938373
-0.279976
-0.682651
0.497039
0.681515
1.53282
-46.4655
-0.706579
0.162564
-1.27521
-0.625877
-0.254505
-0.859957
-1.78761
-5.61609
3.01674
-0.604203
-0.0659656
7.00607
0.202929
0.610856
0.823487
0.196181
0.363969
1.68969
-0.516825
2.24434
15.995
-0.263382
0.0032131
1.12394
-0.153318
1.72173
-5.5235
1.11609
0.490322
5.35398
-5.55016
0.180398
-0.84856
0.80907
0.842272
-6.36534
-0.818278
3.85629
-0.994177
-1.12906
-0.469143
-0.177607
1.08634
1.35737
1.55715
1.36795
-0.067775
0.960344
-1.11622
2.49694
0.42093
0.0202845
0.422705
-1.91637
0.650115
1.61764
0.690615
-0.458994
2.6883
-1.88565
0.0745074
-50.5934
-0.925438
0.688475
0.352637
0.310927
0.677412
0.718889
4.41069
-0.123257
-0.663583
-0.0557815
-0.38846
1.53653
2.86666
-1.11594
0.182757
-5.17792
2.84109
0.823151
0.781296
0.143049
-3.00926
1.61577
1.66355
0.766596
-2726.02
0.414507
-0.727175
0.265735
0.247384
0.24856
-13.7605
-1.35751
-1.24278
0.805131
0.401873
0.490201
0.927823
0.583464
-0.43193
-3.32025
0.566575
1.76842
0.216634
-0.103958
0.299012
-0.994624
10.9036
-0.832434
0.520972
-2.65367
-1.47449
1.82452
1.0513
1.32347
-1.01125
0.294224
1.99959
-0.913776
8.42063
-1.26387
-0.570575
0.0803714
-0.52315
0.140883
-0.124028
0.0965006
4.6665
0.206945
-2.12503
0.631638
0.734858
0.28884
0.0700855
-0.113403
-0.99166
-0.431658
-5.8457
1.33992
-8.23227
-1.02437
0.866712
-4.23258
-0.389542
2.12504
0.48771
-0.0260153
-0.475855
10.9623
-1.93101
8.14305
1.54387
-0.751809
0.659598
0.792639
1.70676
4.34522
0.717745
4.77021
-0.190924
43.4861
-0.470756
1.06239
-0.0664416
-0.693252
0.324235
0.746941
-0.640896
28.1157
1.07707
-0.85249
2.34681
60.2399
-1.50012
0.810815
0.981229
-0.391959
0.599179
-1.3106
-0.238597
0.195542
1.96107
0.350095
0.856216
5.70767
-0.899364
-0.393546
-0.300266
0.992693
0.657617
0.415539
0.0381569
1.51622
-0.263515
1.24313
2.11113
1.259
-0.861319
-2.22062
-0.382795
-0.490737
1.66962
-0.536676
-1.40639
1.7615
-0.317471
-2.00754
6.17635
-4.53593
0.16603
0.132691
-0.720913
-0.555591
2.64079
-0.151205
0.301963
-2.86523
2.97003
0.31784
-2.19071
0.432912
-0.550241
-1.03816
-0.608269
9.4942
-1.26607
1.1045
-1.26046
-1.41973
18.4816
1.27675
0.191778
0.418932
0.590324
1.56217
0.190409
79.6109
-1.52073
0.0547406
-0.125357
-0.00337833
-0.696972
-1.79616
0.169586
-0.939483
-2.41114
0.569527
1.67812
3.45861
-5.18131
-0.0540727
0.237107
0.111307
-23.3788
-2.00788
0.614061
-0.986818
0.725499
-0.70957
-4.41831
54.0377
0.728981
1.86928
0.0177213
15.5732
-0.543307
-1.30227
-28.9265
-0.450269
-0.150463
0.770855
0.732946
-42.8517
1.34985
-4.26314
-68.8583
0.625633
0.458365
0.739253
-1.3275
-0.179276
-1.36223
2.93904
3.66585
-0.510434
-13.2327
1.10783
-3.77536
0.0719363
0.546349
1.26359
-0.121618
0.129994
0.451007
4.36183
0.991707
-0.869765
-0.206023
0.344571
-0.854964
-0.171936
-0.967596
2.16424
0.650116
-0.157156
4.93166
0.776825
4.93971
-7.89256
-0.127187
0.618809
-0.0947986
5.62497
-1.38211
-3.16665
-0.243212
1.27292
-1.81751
-0.613849
-0.440208
22.2806
2.74043
0.509875
-1.17751
2.9195
0.330364
-0.123336
0.903218
-21.4472
-0.189911
21.1093
0.00479368
0.368083
-0.191214
-0.553894
-0.3294
-2.86075
3.60851
2.84175
-0.792979
-0.0932477
1.74734
-0.452007
0.382384
-1.92813
-1.88414
2.61142
-0.185328
1.44013
1.08972
1.28751
-0.841324
-0.923421
-0.555549
0.973729
-0.0696822
0.757395
3.13331
1.34338
0.316171
7.87813
1.55951
0.566263
-0.558542
0.782911
0.51166
-0.842283
3.00646
-0.700729
-0.561513
-1.63935
-0.135185
-1.37862
-0.617683
0.137657
0.726317
1.31439
1.91327
1.04943
0.677847
-0.237255
1.77544
0.828594
15.6302
1.02698
-3.8411
-0.231401
-0.304439
0.108614
1.58168
-0.497125
-0.258827
-0.0127152
-0.898846
-1.22933
0.00559303
-0.377133
1.01402
0.000970438
-0.126545
0.763694
-1.99847
0.734122
-0.732852
0.953521
0.00636861
0.254772
10.174
-0.999224
-0.354619
0.574349
-0.396121
-0.943249
-2.14687
-0.315787
-15.8194
-0.31801
1.65076
4.05453
-0.194581
-0.531562
0.738865
-0.581103
-1.14346
-0.00845546
0.46898
0.463374
0.0905703
-1.09864
0.668328
0.347871
-2.50835
4.19171
-37.5132
-1.05634
-0.285384
-0.129215
-1.61541
1.87004
-1.37175
1.83328
2.13213
-0.555675
3.12729
0.762
1.06876
-2.14362
-0.358934
1.48579
0.848419
-2.81198
-0.806593
-3.1545
0.907011
0.0768949
-0.781646
-8.84987
-0.623884
1.65367
1.90337
3.17564
-0.232888
-0.332351
-29.4118
0.622176
0.527473
1.78476
0.291621
-3.16818
0.299766
-0.0589676
6.04428
-2.8837
-1.57097
0.396512
2.04399
13.8771
1.90333
0.233179
-0.351654
1.35668
0.117622
-1.04788
-1.07606
-1.14187
2.59551
-0.507304
0.0900483
0.373632
0.858478
0.48087
1.46748
2.18756
2.2031
-10.8223
2.24884
0.283557
0.0744915
0.814904
4.74818
-0.239701
-8.48678
-0.349196
1.04173
4.01532
-2.06831
-3.3841
-0.19786
1.32738
-2.36455
1.21985
0.0612134
1.06778
1.59333
-15.0563
-1.64642
-8.46229
-2.11854
7.88938
0.414998
0.00542164
-4.16411
45.5884
1.75779
-0.711695
0.0586792
1.83524
-1.09072
4.75913
1.94663
0.959873
-1.41742
-0.512855
4.66576
0.563933
-2.05463
3.03517
-0.343513
0.0708526
-3.16038
2.39805
-0.274423
0.272562
-1.25642
3.31397
-0.528164
-0.2138
1.38704
-0.892687
6.77287
0.944834
-1.3336
-7.75796
-0.634613
-1.85092
0.660619
0.208761
0.980764
-0.347159
1.36195
-1.47758
0.148879
0.0315642
-0.428232
-5.43221
-0.852201
-0.165116
-0.684948
-0.445819
-2.78197
1.98552
1.69718
1.87674
0.448401
-0.266162
-2.61666
1.14676
-0.292439
-2.18463
0.24613
-4.21046
0.887059
11.2634
0.621737
-1.37111
3.14098
-0.137479
-0.415667
1.16015
0.791766
1.55556
-0.0148832
-7.51125
0.41168
7.73238
175.76
0.317748
1.08173
0.144917
8.04793
0.935915
23.4744
0.313811
-0.591184
-0.218748
1.45776
-0.70159
0.0969121
-0.837883
-0.936078
0.460854
0.805316
24.492
-0.751736
-2.12751
29.6237
0.0436011
-0.174095
0.101265
0.0127819
-0.393777
-0.314309
0.683075
0.53771
9.02102
-0.200232
0.710155
-0.689264
0.230898
0.324397
2.04685
0.635325
-21.3132
0.280414
-1.87992
3.2088
-0.648526
-0.135905
0.0354769
1.29938
-1.59599
2.62577
-0.377718
0.177655
2.47986
-1.53242
-4.20571
4.47194
0.052713
-2.42514
0.123564
2.41624
1.6362
1.64287
-3.6698
1.04382
0.726134
-1.0842
-1.07135
-0.661135
-0.668577
-0.570968
-0.288345
1.03735
-0.536553
0.730598
0.535667
-1.17083
-0.610014
-0.0051863
-3.06309
10.7427
0.543094
-1.28627
-1.51004
-0.530813
-0.116249
0.233545
-0.00310722
-0.689502
-0.189974
1.58936
0.437288
-0.0499534
-1.58692
-3.51656
4.52523
-0.915616
-1.19504
2.32088
3.02848
0.532242
-0.454131
0.168423
-2.88396
-67.3693
-0.318099
-0.682534
1.20482
0.274979
2.20935
5.66539
0.605617
0.233185
1.12772
0.231766
0.356778
1.7647
11.5114
-0.372253
-1.33183
0.603519
-1.85241
-0.71554
-1.00712
-0.0688566
0.573562
2.26439
1.47447
0.380341
7.33371
-0.706175
1.71922
-0.231363
1.6002
0.694543
0.636069
1.58025
1.26733
0.982463
49.1136
0.287625
-10.3665
-11.3089
-0.128084
2.46702
-2.00413
-0.688702
0.103381
-0.444679
-1.36372
-1.13822
-0.36646
1.60239
1.18135
-0.357785
-5.57355
-0.658019
-0.889772
-0.242759
-0.975149
-0.273316
-0.151062
0.0505759
5.58779
-1.7979
-3.73554
0.590188
-1.11682
-1.10398
8.53681
-0.854878
-4.41714
-7.20713
0.238949
0.141007
3.42752
-0.612757
-0.859817
-3.94834
-0.155801
3.18747
-1.87728
-0.0632332
0.076284
0.351131
-1.97509
5.19993
0.654383
6.87636
0.597901
31.7235
1.24133
-0.687709
11.7762
0.508172
0.748918
-1.40217
0.487171
1.06512
2.34351
94.9039
-1.12003
0.36942
3.13546
0.200962
-11.7586
-0.165223
-3.97431
-0.39118
-5.2269
2.98743
-4.92171
-20.9172
-1.47055
0.206487
-0.109968
34.1239
1.05437
8.93585
-0.797076
0.668277
6.29713
1.24912
1.04882
3.63552
-1.79582
-2.84015
3.03688
-0.216972
-0.278448
0.240991
0.08405
1.32146
0.750106
0.537547
-9.06806
-2.46862
0.0346947
-3.43185
1.05067
-6.35107
-0.185437
-1.30038
0.345918
2.38988
0.594422
0.189056
0.250427
-0.999951
-0.979749
-3.50403
-0.111809
-77.2714
1.0547
235.3
-0.171242
0.97357
1.53781
-102.073
-29.2881
1.119
-0.408775
-0.951398
0.151975
2.4138
-1.11067
1.01466
0.831354
1.73234
0.597225
0.523173
0.328395
0.161111
-0.828265
-0.722866
-3.16776
5.29306
-0.690019
-0.0165423
-1.20879
0.635346
0.387976
-13.9623
2.43882
-1.13914
0.122366
-0.544298
-0.200695
0.25459
0.664948
-0.385175
0.412641
-1.08257
-1.99061
2.82149
-1.11058
-2.73493
1.19238
0.858981
3.61473
-2.72541
-4.27574
-6.10439
-2.4547
-0.104905
-0.476697
13.28
9.45973
1.37131
-3.45469
0.0967003
-1.19661
0.662726
0.0759205
-5.22853
-3.31234
-2.89943
0.39879
1.39472
0.419752
-4.48303
-2.80628
-0.0544118
-13.7862
-1.69659
0.0295875
-0.00782748
-1.39889
-0.716552
-0.935485
0.191206
-0.940265
0.24285
-1.32462
-1.1215
4.28213
-0.441087
5.4597
-6.07563
2.0321
-1.11799
-0.239087
0.492551
-0.316446
-0.240827
-1.30604
10.7952
-0.401546
-2.44465
0.668743
-12.191
-0.384546
0.00773223
-1.36339
-0.533104
-0.378013
-1.71108
-5.31481
0.0576447
-0.16739
3.0107
-0.535819
-0.492204
2.86682
-0.126372
0.134522
-0.480585
-3.91746
0.587631
9.53884
0.457071
0.223114
0.175141
2.90558
0.072235
0.755445
0.540872
1.57006
-2.39376
-0.406825
0.224358
1.04244
-1.98849
-2.11281
-29.976
0.165211
-0.211099
-0.855615
-1.86602
0.187811
0.320224
0.15128
5.96972
2.05832
1.47106
26.6523
2.87683
-3.0283
-0.0350057
0.346421
-8.29633
0.74466
3.19386
-0.0684073
-0.163377
2.33945
-0.0310769
0.142908
0.0684294
-0.42283
2.69143
-17.7493
1.02218
1.21907
-0.0486573
-5.95939
3.72091
-2.2681
0.579498
-0.207643
-21.4249
8.16306
-0.042204
0.39316
1.73868
0.374308
-12.4991
2.18938
0.0574863
-47.2159
0.892261
1.42212
-0.174486
-0.79939
0.600908
2.78228
0.466115
1.18954
-1.00441
3.46667
3.26057
0.49335
1.14973
1.49879
-0.29872
-0.507212
5.35721
9.40934
-1.56584
9.60356
-1.26659
2.59398
0.709335
3.24435
-0.00543106
-1.14647
-0.514038
0.0363269
3.04354
-0.284934
1.68514
1.48967
0.231928
0.766971
0.891378
0.481709
-9.80265
-8.36501
-1.37656
-0.56498
-0.779432
-7.58185
-0.442786
-0.48297
0.906518
2.38789
-0.790816
-0.399923
-1.44727
-2.58762
-0.219538
-1.87224
3.96181
-29.1588
-2.75604
-0.803052
-1.88491
0.724413
0.117356
0.575437
0.210674
0.0477085
-8.0441
-1.69183
0.813549
-0.811769
-0.197554
0.00663552
0.724088
-19.2103
3.95936
4.93146
2.53812
0.533707
-0.506817
-1.7334
-1.33561
-0.829602
1.44677
-0.147333
1.72964
-0.00466747
0.838567
0.888715
0.087998
14.2075
-0.0746476
0.571916
-1.00722
3.37736
-2.9837
1.60797
-0.995958
0.421105
1.00664
1.58722
5.93636
-1.39381
-2.36923
-0.162989
0.117606
-0.190319
1.51466
-2.65868
12.3577
2.43529
-0.710026
0.739845
-1.09376
-1.59013
-4.44263
-0.792608
1.52456
-0.170031
0.663176
-0.330847
-1.42931
-1.7126
-7.45459
-1.16329
1.21084
-0.908763
-1.74848
-10.7592
-7.44195
-0.851199
23.2415
0.451523
-0.770356
-0.165718
-1.31649
1.64385
0.370653
-2.58301
1.29244
0.770001
-0.327292
-0.0595418
-2.15967
-0.184916
6.75411
-0.238949
0.277765
-3.20279
-3.41964
-1.6342
0.733167
2.66796
-1.20392
-2.9516
0.0959768
1.97117
0.931362
-3.29015
-0.541234
-40.6009
1.23764
0.634915
2.96549
8.161
27.0317
2.35919
2.59477
-4.38625
-0.37556
0.0697274
0.113528
1.4448
1.59245
1.44335
-1.51337
-0.219822
-1.71242
2.20822
0.446867
3.15419
-1.25032
1.77524
18.5034
-1.2878
-4.12327
1.85558
-1.62031
0.378376
0.740963
1.96258
-0.170741
-0.894777
-0.534594
-0.308229
-2.95549
4.14085
-0.654232
-4.97631
0.212975
-2.28601
3.25075
-0.103256
-0.0697819
-0.753487
-1.79124
1.45538
-1.97883
-0.385268
1.49435
87.7369
1.53381
0.9727
-1.91983
1.08858
2.4509
0.0430801
-0.0339483
1.69072
0.528211
-0.0134438
-3.46384
3.49976
0.575718
-10.973
4.58561
0.519074
8.38145
-0.703457
-0.178374
-0.232035
-0.660118
0.866421
1.02728
-0.557149
0.206706
-0.801198
16.3719
2.01236
-1.33643
-1.44644
2.49659
-0.666286
0.138792
-0.704419
-1.25345
5.00784
-28.6001
-2.82655
0.307031
-0.379124
-7.82131
1.96233
1.36295
0.0675046
1.6869
7.22889
1.03205
0.276965
1.11976
0.989193
0.601269
-2.01525
-1.79456
-0.617674
-0.138777
-0.0560516
-0.306785
0.684305
1.55012
0.181627
0.0624255
-3.3157
-0.197265
0.757532
1.37464
-0.312284
-1.03124
6.26594
2.13449
21.2927
1.06571
-0.563485
-0.571461
-0.0352382
-0.400032
1.22628
0.865294
-0.0612933
2.60789
0.648673
8.04664
-0.118109
-0.341815
4.011
1.36595
-5.70706
0.455158
0.638748
4.58907
-0.562927
1.48737
-0.452675
-0.801571
-64.4758
-0.021939
1.51736
-0.294357
2.01371
-0.49282
0.121
-0.188579
0.450945
7.63247
-2.78216
-1.43285
-1.27186
-0.394859
0.184261
2.51265
0.465637
-77.8858
0.809566
-1.58913
1.25512
2.60303
-1.06797
0.408034
-1.72365
-5.50692
1.17003
-1.87488
10.569
2.71689
-2.87109
0.331741
-0.396806
1.90361
-1.81087
-2.73172
0.693259
-2.27863
0.779052
-0.210276
-1.16126
-0.200099
0.53096
-1.33633
1.28639
0.424856
61.5687
-0.0220471
0.696185
1.04505
3.74862
7.54303
1.22117
-1.34802
-0.328734
2.54477
-0.411454
-38.7661
0.972972
-1.0792
1.02714
1.97748
0.688184
0.747211
-0.12989
-2.26919
30.1411
1.43936
4.6305
-0.155598
-2.64216
-0.135129
0.167079
-0.932352
1.15676
-4.51325
1.87244
1.08283
0.799569
0.717149
-0.771458
-0.0479491
2.38912
-0.649573
0.772889
-1.11538
4.17155
0.00388575
-1.01839
0.220828
1.23597
-9.04372
0.57533
0.823127
26.6454
0.868889
-36.5696
-0.472971
8.09916
-1.25509
-2.1268
-2.15989
-2.05118
-0.161386
0.685986
-0.493207
2.63578
-4.84355
1.78546
0.963609
-0.561029
0.737548
-2.08398
1.94715
-1.83624
-0.186718
-0.0273995
-1.05326
-0.0447402
0.291282
12.9378
-0.211397
0.72265
0.126131
0.0967132
-6.82552
-0.283092
-0.50249
-2.0715
-50.1928
-1.60301
0.315329
-1.7326
-0.00191657
-0.514928
0.735699
0.756053
-0.611244
0.159905
-0.11053
-1.33817
-0.33838
-7.87034
-0.0272393
4.97196
-1.20861
-0.141663
-1.38895
1.48606
-0.238415
0.302459
-1.27568
-0.890982
1.96498
20.3684
0.315849
-2.93429
-1.11049
-3.74249
-0.488651
-0.66516
3.98797
-0.591091
-0.135651
1.01671
0.00302593
0.508158
-27.7292
0.934254
0.106053
15.7286
0.7524
0.0068234
-0.925586
0.0464375
1.35489
-0.434223
-1.45974
0.466218
-1.19705
-2.36441
0.40116
-1.29005
-0.59621
-1.66393
0.135256
-0.747047
-0.453542
1.34729
-0.439641
-0.461498
0.18573
0.678735
-0.278414
65.519
-2.51039
-0.358549
-0.15935
-0.450927
-3.39564
0.28079
-0.626186
0.779587
-3.92033
-2.20505
-3.31985
-3.67522
0.286943
3.78732
0.759835
2.81261
0.423044
5.81992
-0.610843
-0.678327
0.248444
-0.824567
-1.61037
-0.187177
1.06353
-5.43411
1.90276
0.110244
0.0039405
-2.86911
2.99514
0.436606
33.1874
2.78726
1.00938
-0.3682
-0.306761
-6.11892
-2.25951
3.07595
69.8865
-0.971062
2.42353
1.22621
0.320693
-2.37804
0.292566
-0.795991
-1.83484
-1.34038
0.0694631
0.379221
-1.68121
-1.6585
-4.48005
-0.498231
-0.885949
12.0271
0.638377
8.85496
4.20154
-3.41425
-0.294157
-2.76044
-0.328063
-0.0294735
16.2755
0.187845
2.67489
-0.847169
0.607421
-0.238999
0.578156
0.630815
-0.0864125
1.1819
0.175854
0.493796
1.29117
2.06617
-0.0995212
0.482376
-3.50079
-0.867316
1.54085
0.778574
-0.641063
1.48532
11.3979
-0.116485
-0.745382
1.312
-0.562559
-0.600762
-0.529121
-0.134262
0.36234
0.0298495
-0.387597
-0.670615
-0.203806
-1.06333
-1.19608
-4.19925
0.418266
0.222372
1.19443
-11.225
-0.0490744
-1.77254
-1.80647
-2.97402
34.2368
0.958199
-5.68995
-0.898814
12.0594
-1.05172
0.491116
0.570239
1.27782
5.70729
-2.38702
0.397174
-9.60962
-0.593316
-0.608657
-0.409252
-2.97312
-0.944401
0.0582052
-0.0415633
-0.0241414
0.267318
0.0658758
0.716361
1.35905
-0.403152
1.07095
0.366461
-1.68072
-1.60673
-0.0170928
-0.289833
-0.141478
-1.12638
0.31862
0.0769805
0.0247445
-0.883943
-0.0676995
1.92891
1.89145
0.0218388
0.934896
0.947302
-0.901386
0.338254
0.665937
-2.61699
1.04606
-0.132107
27.8368
0.00435406
-0.0525662
-0.0130302
-5.58121
-0.678146
-1.03764
-15.8855
-0.439449
0.833551
0.00707908
0.499234
-0.465889
-15.2732
1.59528
1.21102
0.323829
-0.691496
0.417058
0.178199
0.338939
0.22506
1.79786
-2.1955
-0.519789
0.24108
1.27348
0.0154512
1.36634
-0.614876
-2.20855
-0.43661
-1.3818
-1.01191
8.39995
-0.278081
-3.96525
0.869883
2.66234
4.8584
-1.7902
0.115752
0.644619
-2.28853
-0.0846716
1.20165
16.8229
-1.01258
-1.22389
2.51054
0.576021
0.0400141
2.83126
-1.04067
0.47875
-1.10285
-0.34457
5.87343
0.24
-2.20505
0.864273
3.31125
-0.650285
0.776831
1.69574
-0.204174
-0.225971
-0.355356
21.9027
0.133309
-1.36634
-0.0531314
5.55736
0.720994
-4.46937
-0.664889
-1.78271
0.901041
-7.89285
-1.41522
0.836457
1.19426
-1.00052
3.99689
0.363457
7.7772
1.72113
-3.38549
-377.3
0.740592
-2.35336
-1.43259
-0.0926892
1.24069
3.8317
0.894759
2.19691
-0.277697
0.856048
-5.65537
-0.839212
-1.5446
-1.31172
-1.20013
-3.00392
-1.08862
6.62296
1.09624
1.22584
-1.54391
-0.631391
1.3004
0.792201
0.440133
-0.794977
0.206355
-1.48797
-0.158019
0.30011
-2.48305
-0.551742
0.410159
2.64252
-0.0689944
1.31565
-0.346335
0.170058
-0.360952
-1.38681
-1.70926
0.149061
2.35459
-0.261629
4.2062
-0.776469
-0.0137503
1.23966
-0.804439
-2.72539
2.66115
1.25687
0.333778
-5.48289
3.46502
0.675434
-0.0446496
-55.1709
6.7892
7.39048
-2.59564
-2.20436
0.0171591
-6.93906
-1.68147
0.958149
0.333583
-0.10626
0.674588
2.00619
-4.91848
-1.41074
2.58126
-1.3316
-0.213771
0.75886
-0.24403
1.38563
-6.34202
-7.32792
0.397462
5.82141
-0.076439
-0.991501
-1.49555
-0.70165
-0.195328
0.39931
-7.40638
-1.51131
-0.471871
-1.8666
0.695922
-1.77375
-0.270145
-0.60467
0.471846
-0.240879
-6.78966
0.165984
-0.0408939
-0.777112
0.69369
-1.90757
-1.06302
-0.233923
0.685475
1.93188
0.598091
-0.0746388
-0.904061
-0.70443
0.192128
-1.65574
0.0299055
1.93865
0.281867
0.850746
0.956751
-1.85341
0.0391309
-6.44439
-0.118175
0.5867
-0.153297
-0.959947
1.00918
0.113896
0.564426
-0.700521
-23.2943
-1.51335
-0.549965
0.779107
1.01611
0.105348
0.921198
1.15471
-20.3226
-1.64778
-0.196829
3.80969
-1.77831
0.212655
-3.01319
20.462
17.4857
-0.500413
-1.17826
-31.0403
1.57902
-7.2422
-0.241524
0.339331
-0.80432
-1.70163
-0.640791
1.54451
-0.790778
0.251457
0.180837
-0.155962
-0.0103323
-0.758184
0.577238
4.85905
-1.68238
24.7937
-55.6003
-6.36593
0.459937
2.22433
-2.51153
0.361824
1.92686
-0.535004
0.182194
-0.298976
-0.851481
0.404709
-1.63556
-0.73203
1.89381
-4.22517
-1.36141
0.557529
-4.91786
0.414999
0.722815
0.406257
0.0641238
-0.237448
2.51041
-0.875764
0.0446795
-0.973523
-12.5008
0.10456
0.624143
1.99778
5.55736
1.9093
-0.381353
-3.25926
-2.28758
11.4513
-0.40409
0.152165
1.52016
0.234111
0.0925921
0.48147
-0.853448
0.598505
-3.61765
-2.07799
-0.512106
-0.357195
-1.4688
-1.58597
-9.10408
0.153497
1.15661
-0.601266
-5.79338
-0.140794
0.581151
-1.51587
-0.0534037
18.098
3.47605
-0.590558
0.492023
0.249905
-0.19225
5.81158
0.07964
0.200769
-6.30669
-0.792686
0.899998
0.37776
1.02956
0.257993
-0.580134
6.01935
-0.395772
0.591284
-7.63649
-0.302214
1.48309
0.568944
-3.50707
-0.714563
5.37516
0.846934
3.66085
1.77096
1.02699
0.69634
1.6317
-0.67604
-0.393679
0.621984
-5.09846
2.19052
-0.801101
-0.174735
-2.29928
-0.155307
1.72378
-0.761036
0.75796
-3.60562
-0.821607
0.557579
85.7033
-0.380927
0.0648841
4.01424
-0.233691
-3.80129
-2.17933
-0.805557
-2.56779
-0.0815496
0.505343
-9.63143
-2.18867
-15.5446
-1.671
1.20161
-0.975188
0.0808145
27.5223
-3.56669
4.58413
-2.24574
1.13673
3.92636
-0.132404
0.402978
0.409004
0.201819
-0.397248
-1.23516
-1.46357
-5.21424
0.25902
-0.269519
0.0694156
0.397518
0.956209
2.14151
-1.21148
-1.16903
-2.32971
-0.249825
-0.62736
-0.0271378
2.18939
0.403456
0.222029
-0.0330934
-15.7434
10.8037
-0.9665
0.0715978
0.534569
-0.0293214
0.205853
-0.149687
0.137478
-0.744523
-4.36029
0.499022
0.315454
24.2765
2.39019
-0.361558
6.66497
0.19829
-0.532438
-0.128587
-1.03138
-0.922456
0.399109
-0.774391
0.308393
-0.132725
0.00340201
-2.75322
4.13159
0.954191
0.774725
-4.75274
676.245
-9.07698
-12.4888
0.249666
0.795719
0.380008
2.88537
-1.60962
0.51506
0.168565
0.0686842
0.234352
-28.1271
1.87266
-0.179524
-0.903352
6.43417
-0.0780799
-0.625867
0.0372737
0.536874
-0.930267
11.4856
0.169858
-0.54348
-0.938878
6.24574
0.878635
-0.46863
0.430163
-8.32685
0.894738
1.64066
0.308148
-0.102015
-1.39011
695.775
0.540577
-0.603815
0.300052
2.42905
3.1676
0.305774
-0.263282
3.06522
1.01293
1.00779
2.85538
2.36534
0.829264
-1.75121
30.0209
-0.0440351
-2.22452
-0.0423195
-2.62873
-1.96781
-1.88389
-0.95573
-1.43588
0.914753
3.87706
0.882551
-2.928
2.65812
1.23073
0.625786
-2.54272
1.36493
-0.226197
-0.216861
5.14754
-2.08252
-0.652919
17.8144
0.912994
0.684584
0.631134
140.374
9.38406
0.715722
1.10549
-0.636829
-0.0642528
0.657964
0.694634
-14.7385
-4.17489
1.6862
-0.0732852
-2.63064
-2.38887
-1.07276
0.966511
0.38578
-3.01401
0.00711407
0.440707
-0.383339
-2.41409
-0.821633
12.274
-0.362036
0.513859
2.32583
-0.576956
-0.554488
6.4763
1.25675
1.55654
-0.901754
-1.10382
4.70198
-2.81033
-0.622267
0.265574
1.47527
0.119319
3.97059
0.380516
0.314553
-0.732049
1.04369
-1.05613
0.287388
-0.378782
-2.28817
0.44166
-1.02162
-0.421091
1.53832
-0.875206
-0.475038
-0.601008
4.634
-2.05037
-5.34026
2.66792
0.218128
-3.52906
-5.18192
0.649615
0.0683136
0.16885
0.561245
5.91506
1.53725
-6.89639
0.414882
1.87329
0.28276
0.188094
0.654453
0.165582
-1.0418
2.19083
-0.486975
7.87067
0.678346
0.989276
0.547699
-1.82403
0.360223
-0.339221
6.25567
0.882024
0.0795556
2.76065
-0.652499
-49.5621
0.06921
0.431999
-0.152044
7.1163
-0.187671
0.666205
5.07863
1.20948
-2.78228
4.12545
-0.193623
1.1993
-6.74633
-0.917534
-0.631373
-0.185218
1.89787
0.0693725
-0.819181
-3.80397
-0.952462
1.24489
-0.0238103
-5.20199
1.74357
-2.98544
0.608827
0.3935
-0.400371
-2.43181
-1.09195
-0.535695
3.27469
0.82195
0.545491
-4.61859
0.893908
-1.15134
0.332939
0.938277
4.05867
-0.976765
-1.26909
0.501512
0.847057
4.46279
-0.818375
-1.83069
0.129949
0.170637
0.479932
0.133869
1.90718
-0.269658
-2.74849
0.0580313
-2.96573
-0.0449282
0.542159
0.778812
-0.139361
-1.4168
0.818065
-0.406614
-0.0167559
0.836891
-0.0316531
-1.01661
0.595623
6.50043
1.29222
1.68182
-0.54533
-0.658052
3.57504
-2.69009
-0.291406
-0.0937797
6.81037
-1.50499
-0.485106
-2.13293
-32.163
0.287964
-0.868055
0.87524
-2.75278
-0.183827
-0.639063
-0.294741
2.08884
-0.192139
1.59968
1.84987
-0.381106
-0.35547
0.321658
0.209567
-0.450281
-0.639399
-0.397687
-0.10738
5.24256
-0.322959
-2.72323
-0.204866
6.23678
-1.67597
0.314574
-0.552106
-0.737079
0.252067
-3.04682
-0.470506
-170.165
-0.157221
-1.06531
-3.87718
-0.750265
0.342232
4.85423
-0.484345
0.0940659
0.047321
0.16394
1.88107
1.01398
-0.388854
3.10996
0.916549
-0.334735
1.02341
1.20666
0.150586
-0.126782
-0.646093
0.0307903
1.37438
-0.716108
-0.927629
-3.17797
-0.959113
1.72381
-11.6306
-0.28232
-7.22299
2.26273
-0.599084
2.42943
-8.74208
2.70652
-0.267276
0.708602
-0.206733
-0.57714
0.0346416
0.636421
-0.284039
-0.413927
-9.7142
-4.30128
0.710509
0.424319
0.38708
2.44817
2.4232
-1.11176
0.372836
-36.1442
-0.317871
4.52898
-0.527856
4.45531
-0.242312
-0.290994
0.206806
-4.24684
-0.314068
-1.56884
0.717016
0.0474935
7.07753
9.25588
-5.72065
-1.04161
-2.00494
0.0564983
0.988309
3.95534
-1.36463
-9.28039
4.63178
-0.653216
-0.590854
-1.01374
-0.15774
-2.8432
-0.204745
0.695339
-0.981369
0.269719
-0.446625
-1.1729
-0.487022
3.65111
1.18834
-1.48717
1.17395
3.36296
0.686704
-1.79342
0.992291
-0.653256
-0.0909788
1.11454
0.468737
0.379198
-1.5578
-0.0398064
-0.78269
-0.164948
5.04596
0.476213
-0.768881
0.198025
1.34959
-0.806406
4.06069
0.160148
-1.17784
0.279142
0.144244
-1.15123
-2.42276
0.378949
1.01135
-0.113953
-0.88296
3.16983
-0.63234
0.064669
-3.27486
4.87285
3.76983
-4.91016
9.26671
-1.78956
-0.379235
-0.71915
-0.482252
4.44485
0.710825
0.310417
-0.630573
-8.93187
-1.43265
0.415387
-0.270065
-2.29202
7.92649
0.951533
-0.568936
-1.07294
-0.24021
-6.20864
4.80432
0.408473
0.356978
0.404703
0.0750292
0.461597
-0.13234
1.17162
6.26649
-1.17573
1.83017
0.400182
1.03159
-0.884163
0.407843
4.87171
-0.229426
1.19675
-0.674453
-1.46478
2.56836
-0.0358452
-1.4472
1.09237
2.55872
-2.76345
0.577839
1.38639
2.19698
2.81655
1.95643
-0.801084
5.64931
1.32472
-0.471168
-1.22084
-10.1796
-1.64696
-0.676424
-216.408
1.377
-0.216164
-0.565076
-26.0868
-0.405812
-5.11978
-2.24858
-8.33127
2.52215
-0.00918522
6.30002
-0.0532669
1.74838
0.617291
-0.993036
-0.323163
-0.26714
2.08568
1.80541
-1.4842
3.81537
-0.0370281
-1.77227
0.139542
0.87086
1.42548
0.0454405
-151.134
-0.473839
-0.370257
3.74546
0.521051
0.527013
-0.601279
-2.12212
1.91412
0.0313916
-0.338584
0.780671
-0.793799
1.6692
-0.335737
6.12796
7.23384
-0.307385
-0.535195
-2.08878
-0.349691
8.96626
-0.13131
-0.53937
-12.1958
-0.757813
0.0343909
-0.123889
-0.238592
-2.17436
-4.32981
-0.412883
-0.232427
7.55968
-0.620188
0.0260922
-4.59438
-1.41102
1.75655
1.26033
6.74151
0.0601105
1.37083
1.15427
-0.155179
-0.600388
-1.91264
-2.70097
2.14488
0.411573
-0.619499
-0.636625
1.29746
-0.104439
0.754259
0.815619
86.8781
-0.147883
-0.225545
-2.35295
-1.71116
-0.670865
0.363321
0.141094
39.6981
-0.682044
-0.0772241
1.19205
6.9112
-0.690502
0.127567
2.49578
0.0231947
-0.0598428
-0.825115
1.18522
0.855195
0.664675
-4.38996
0.798182
1.03969
1.06223
-0.981087
-1.60161
-0.98552
0.143825
63.0855
0.303349
-1.4909
2.24164
1.09761
-1.17911
-2.12109
-6.64092
1.51922
0.0341333
-4.45963
0.268589
-0.0308043
2.97822
-0.633408
0.399423
-0.0698244
-0.700797
-0.87737
-12.6322
-0.907637
3.65188
0.282619
2.41524
0.158964
59.9008
-1.11172
-1.6762
-0.759013
1.73571
-2.28253
-1.18458
-0.414731
19.4351
-3.11106
-0.637663
1.52114
1.04469
-3.02775
0.183486
-3.30553
1.76627
0.267942
1.62334
0.532583
-1.74987
2.19271
1.02763
1.18244
41.7626
0.442497
-1.55922
0.565421
-0.00778265
0.0210094
-0.333519
2.32083
-0.286384
-10.1526
-1.91858
-7.011
0.414896
1.93583
-2.54438
0.526395
1.20848
-7.4677
0.173496
1.33473
-6.45646
2.94914
-436.656
19.2173
2.34294
-3.34297
1.43739
1.0986
-0.791706
-0.428798
-3.94189
0.167381
-1.47067
13.1755
-0.403131
1.17966
0.219811
-10.0363
0.474225
-1.54482
-0.291717
8.37183
-0.208574
-1.17697
0.89977
0.119714
0.206561
-0.0198369
0.66299
1.80418
2.10281
-3.18909
-1.88841
0.83075
0.290785
4.66977
0.496978
-0.352067
0.886934
1.72531
-0.838165
-0.407429
-0.0828851
1.13429
-0.887209
1.22
0.109032
0.600098
0.206449
-0.546189
0.538073
-0.490879
-28.5445
1.0608
-0.391089
-0.78741
1.02841
1.86649
-11.1466
1.43688
-0.811362
2.84316
1.87489
-1.11654
-0.978828
21.3717
-0.749646
-4.11282
3.15441
4.22793
0.598257
-0.907643
0.00150271
-0.451218
-0.126746
-0.832824
2.50538
1.81605
0.265482
1.42146
0.202131
-3.20044
-3.8758
5.38283
0.403277
-0.525942
-0.355882
3.44848
1.00169
0.962905
1.41304
-0.0256933
0.291829
-1.18254
-0.399891
-0.562312
1.48973
0.373026
0.139635
18.646
-1.15329
0.0849172
0.260714
-4.95608
-0.216256
0.0602765
-1.66278
-0.128795
0.226343
-0.264754
-0.881325
2.95504
-1.74633
1.06639
-1.43542
0.834541
0.423752
0.222868
-2.20747
0.0327525
-5.37263
2.22718
-0.764737
-0.880371
-9.8345
3.34088
-0.384771
-2.79843
20.3582
0.593093
-0.73053
-1.31792
-4.22033
0.680765
4.55626
0.593098
0.0986824
-0.421658
-0.639114
-1.2965
-1.90035
-7.15012
1.70846
0.0903768
1.53929
6.467
-4.76218
0.541593
1.73854
-0.89748
-0.402933
0.369573
1.44758
0.109084
1.6657
-0.152526
4.4938
-0.0520033
-1.20606
11.067
0.566377
0.781556
0.938088
-0.779008
-0.29403
1.6959
-0.10584
0.389112
1.67135
-5.95007
-1.08735
0.509784
-0.145626
0.38836
2.83636
-5.53657
-0.174185
7.00287
0.716592
11.0216
-0.881432
-3.74645
0.319936
-0.05073
-0.597486
2.74853
0.826039
-12.5023
1.91713
-4.23249
-1.41657
0.141143
0.33419
-2.20271
-1.7406
-0.220455
-1.53504
0.386211
2.22875
1.02335
-0.221743
-1.97307
2.20668
-3.33158
2.02764
0.626086
-0.461245
-22.7621
2.23664
0.0175994
-64.8788
-1.79557
-0.0508992
1.57839
408.821
0.661397
44.5198
0.112917
-0.388271
2.15691
0.0769702
-0.690621
-0.207578
-0.622362
-1.4119
-5.3174
0.547491
-0.451695
-12.1894
0.287505
0.745893
0.888914
-0.0462395
0.635743
-3.39166
0.240315
0.0424964
8.79683
-1.16064
0.0829517
-0.40709
-0.316593
0.158299
-3.65878
0.604223
-0.359913
-0.530676
-0.943013
0.978119
1.43
1.56641
-49.0245
-0.902411
-2.21891
57.4652
0.755226
-1.06451
1.88329
-1.10165
-42.6793
0.943299
-0.625255
-7.97924
1.80849
-1.80412
-0.399059
0.899629
0.19353
0.391707
5.12911
-0.472684
0.0432869
-0.403348
24.7539
7.12919
0.445563
-0.0332565
0.6641
1.37383
-0.224774
-1.07504
-4.55741
-1.08532
0.992471
1.08477
1.30255
-2.32792
-0.116254
0.0359291
-0.580199
0.190409
0.730523
-1.62038
0.190991
-1.02825
0.188677
6.93155
-0.929285
-1.98435
1.35802
0.271518
1.68769
1.60194
-6.66303
1.44607
-0.7818
0.809457
0.748202
1.25217
-1.63786
-1.44193
2.68672
34.7285
0.0546958
1.55683
8.14983
-9.43961
0.725738
0.303412
-2.83631
0.0810078
0.455056
0.0552148
-2.10795
-0.133001
0.161859
-0.0659083
2.27382
2.54337
-0.674247
0.166945
2.72185
-1.39257
0.730664
0.384097
-0.739122
2.48872
-1.38671
-1.12732
-0.128574
-0.549988
-0.0692249
0.436383
-1.27959
-0.000393634
-1.73756
5.98114
-2.42418
0.497083
-6.6791
-7.99011
0.85759
-0.249043
-1.72712
5.05845
-0.500159
0.757881
-3.84654
-3.06645
0.180019
0.498811
-1.00319
-0.144167
17.226
0.971128
-0.392186
-1.31415
-266.98
-2.30908
56.9702
0.558112
-0.772929
-1.37177
-2.13909
-1.41705
-1.72612
-0.316024
-88.966
-59.6397
3.80839
0.135737
-2.62254
1.0834
-1.08347
1.00395
1.22611
15.3768
0.653294
-1.48312
-0.339456
-8.72117
-2.85631
-1.36545
29.6736
-1.30884
-0.591633
1.01917
0.487664
-1.88945
3.4362
1.9362
0.313373
1.14612
-21.2739
1.65126
0.39375
1.24226
1.06424
0.519662
-0.381842
-9.2472
2.05993
-0.326523
1.23749
0.176719
-3.23882
1.49788
-2.0912
0.714334
-0.770573
-1.77675
0.0713076
-0.25303
0.475891
-3.40152
-1.74676
-1.19144
-1.91902
3.79052
-0.194028
0.529893
0.598674
6.0661
0.771659
-0.082917
1.16231
1.04519
0.820515
-0.989007
-0.585607
-1.37041
5.23955
-0.524975
-0.781514
-0.133551
-1.88851
-0.898237
2.33179
-3.55892
-0.259248
2.32091
9.35472
0.981589
-3.01316
-0.782217
-0.279001
0.188225
0.193823
1.18271
2.37712
-1.04857
-6.34953
0.878354
0.0873273
-0.428847
-1.90278
-0.00140477
1.44895
0.375976
-0.848865
1.17091
-5.31733
-0.849152
0.710609
-0.0310718
0.265841
3.04925
-0.803764
-6.17446
3.26535
1.8815
-0.371732
-125.084
-0.329237
-0.556264
-0.0689599
0.915496
8.65637
0.0705921
0.216764
0.859888
6.98186
0.674554
0.293045
0.653488
1.58643
-2.60802
1.32587
1.02411
1.65441
1.77524
-1.65355
0.392269
-4.07174
0.142747
0.57027
0.277218
-0.285475
-0.396575
1.57025
-0.209173
0.0889123
-0.655937
-1.73692
-0.11103
4.20808
-13.2292
0.347791
-0.636837
0.770641
19.0267
-15.9833
1.06001
1.08382
1004.42
-6.33043
-99.506
-3.30512
1.72258
-1.25291
-0.513959
1.13515
1.3635
-1.51667
-0.67117
0.225825
0.140447
0.522687
1.08341
-2.37295
0.378819
-0.422952
-0.22098
-1.08052
0.00252233
-1.35879
1.74661
-2.05982
1.06499
29.3155
-1.57895
-10.672
-0.416735
308.71
4.74477
-0.275244
-0.582895
-1.22011
2.27988
-2.68164
-0.978457
0.531511
11.5631
0.587175
3.0874
2.8957
-0.567302
-0.167904
-0.114288
0.831071
2.73784
-0.429198
-1.24729
2.05131
-1.89874
-3.01306
0.277562
-0.906707
0.0309191
2.40843
0.00557276
-9.5315
3.27748
-0.880018
1.48368
0.954408
0.234625
-0.907502
-0.525707
1.03383
1.12152
-0.171089
1.09078
1.04094
0.256948
0.336382
-11.2715
-1.19504
0.352532
-0.831195
0.0295468
0.946876
-1.00288
2.45368
1.29918
2.2219
0.74247
1.25532
6.80315
-3.08718
1.89103
1.48944
4.53094
-12.1066
-2.86964
-1.82528
2.28506
-0.484293
-0.130975
-0.151073
-1.87953
1.02009
-0.351126
-0.938369
-1.12166
-0.784181
-0.0632063
0.650108
0.15263
32.4212
0.225931
4.88314
-2.53174
4.73006
-3.97467
-0.59999
0.256599
-0.353618
-1.80241
-9.18322
-8.61912
-1.20212
-0.418194
-1.12798
-0.576486
1.61247
0.279775
7.80345
0.405769
-17.0476
-0.725734
0.285698
2.13705
1.71086
-24.7597
0.516247
-1.35404
2.32353
-2.50133
0.247417
-0.516747
-28.5942
-3.02592
-0.33133
0.0357859
5.37918
0.293936
-0.58651
4.29446
-1.31879
-3.18275
-3.96117
0.559752
-0.151106
0.335833
0.835131
-2.58787
-0.675178
-0.422607
-1.00935
2.82784
-4.24679
9.97307
1.84411
2.05117
-1.2246
-0.0567794
-0.330575
0.896158
1.25582
0.0666569
-0.431338
-0.129281
-1.73209
-0.913934
-0.473072
-0.807612
1.39644
-1.34948
-6.49629
0.190698
-0.00695093
0.306201
-0.320516
-1.36036
-0.961189
2.92899
0.515816
321.294
-1.00351
0.0800254
1.34934
0.608959
-13.5064
-0.996045
-1.00227
5.56518
-1.49651
0.609876
0.549287
-7.17045
2.55275
-0.256484
-0.576341
0.484283
-0.28745
0.640444
0.876257
0.0472803
2.17839
-0.369835
0.945982
-0.304738
-1.25053
-2.80107
-0.716646
1.26601
0.484358
-2.38177
-1.37091
-0.956385
1.67823
1.13911
-0.686521
2.50705
5.07705
-0.0783378
-4.37765
-2.08559
-0.880446
6.13117
-0.52998
-0.935596
-1.72529
-0.198443
-0.0481395
0.338095
-3.28805
0.92267
-0.433198
1.38223
0.590607
4.65875
-1.46969
1.58429
-0.483142
-2.70052
0.13432
-0.639768
-1.19987
1.1933
-1.97419
-3.86118
-0.120992
-0.349735
-3.36184
-1.14148
0.512039
0.814834
-0.533395
-2.35145
0.840172
-0.733692
-2.19653
0.274063
1.37166
-0.367049
4.81629
0.198598
-1.19793
-1.85233
16.5652
1.06669
-0.18109
0.110066
0.3395
-1.56043
-0.694875
2.76613
6.40263
-91.162
3.84781
-1.07768
-0.433431
-1.40186
5.46783
1.01799
-0.722025
-0.213832
0.359572
-1.07133
0.928777
0.786865
2.34994
-0.823598
-0.033231
-2.59769
-0.748779
1.24083
-2.123
-2.80133
3.53069
1.6903
-1.32319
-0.526075
5.91174
4.19102
0.661481
-0.500342
0.219596
-0.398174
-1.82073
-0.70481
1.43388
-25.8586
-0.268886
0.5391
25.4664
2.21022
-130.647
1.34869
-0.856179
0.954613
-0.0625791
-1.31479
-0.47276
-3.29203
-0.242078
-0.348731
1.23144
-3.09749
0.0513812
-0.987921
-0.161567
0.520585
-0.204232
-12.5332
1.48422
2.96066
-1.93887
-0.168421
-15.2141
5.01019
3.91214
1.30787
-0.159971
1.88155
1.20556
0.0526345
-0.169073
1.7634
0.75396
0.159607
0.23774
-2.66082
-9.47845
-0.0669595
2.10455
-2.27164
0.766937
0.500316
-2.61993
-4.46504
-1.08793
-0.882225
0.905945
-0.917578
-2.03565
-0.115005
-2.66771
-8.24396
2.2309
0.608137
0.375657
0.489966
-0.24418
-0.164991
-0.220748
-1.43941
16.9396
12.5487
-0.479362
-3.09597
-0.057068
-0.0503264
0.182477
-9.66624
2.4094
2.16721
0.533471
0.640508
0.41639
0.752132
-0.219662
1.56296
-0.90022
-0.561395
0.648229
0.686532
0.542198
1.12897
5.33906
0.428142
-0.0780848
-21.1873
-1.42022
2.02774
0.274889
-33.5388
-3.90319
0.254531
0.0476215
-0.883914
-0.696826
1.39727
-15.4351
-1.58267
0.570086
1.44778
-0.175918
1.03728
-0.208062
-1.67433
3.42151
1.57393
0.440783
-0.564901
0.913258
1.21048
-0.746417
0.759766
-7.02431
-0.459688
-0.217983
0.785707
0.460451
-11.4333
-0.432189
-3.0704
-5.86569
-0.549823
-0.638632
-0.188392
0.112464
-2.78582
-0.457563
-0.0118975
0.26762
0.0461595
0.439842
-6.72052
-0.243886
0.728066
-1.00531
0.895101
-2.2467
0.466935
0.187618
37.4548
12.4088
2.32927
0.675348
2.29917
3.02113
-0.514357
-3.61394
14.0851
-1.69123
-0.821696
0.139378
0.788834
0.924396
1.24587
0.614494
2.87001
0.438391
-0.0467327
-1.68461
0.719591
-1.00885
-0.202317
-0.73107
-3.2944
-0.725707
-0.2395
-1.36675
-3.20231
0.381892
12.6909
77.2243
-5.03101
0.265072
-0.128632
0.152364
1.6975
0.288262
2.33643
-5.80103
-0.447451
-3.0074
-0.272526
-0.72133
1.77016
-1.27364
-0.309866
-0.343596
1.62631
2.17125
1.11479
-0.657905
-33.5653
-3.05227
0.0604815
-1.56871
-8.01632
-0.126473
-0.695243
1.29879
-0.0340116
-223.965
5.06101
-0.0082466
1.07871
0.53891
2.80594
0.081125
1.29897
0.105977
-2.42461
-3.49834
1.24248
-0.663313
-0.923032
0.372629
9.50926
3.3998
-3.37487
0.583463
-0.88196
0.000689126
-0.961795
-0.232049
-1.85596
-0.576729
-1.62882
-0.451835
-1.95072
-1.80758
-0.595805
-23.0018
1.88413
0.260753
-0.286469
-0.374237
0.450547
-0.464513
-0.291275
-32.7578
-1.20374
4.43187
1.53731
1.65174
2.26491
0.328956
-0.121188
0.897388
-34.2127
0.743017
-0.90632
-0.974981
2.05579
-5.57758
9.07227
-3.43702
5.1976
-15.8899
0.549589
-0.449663
-4.07307
-0.0545667
2.70975
-3.62769
1.31263
-0.483426
-3.74862
0.566092
5.20632
-4.20862
-1.16306
4.11974
0.688768
0.0200393
1.97349
-3.86433
-0.706347
-5.33563
-0.119818
-1.29245
0.583729
-2.27373
0.742751
12.1051
0.33748
-0.0998789
0.055324
0.0923182
-1.95784
0.308712
3.96622
-0.65096
0.444323
0.975908
0.780384
0.128085
-1.93283
62.5101
-8.8336
5.62224
0.828334
2.25409
-1.45741
1.54739
0.756282
2.19749
0.108109
-1.18271
0.189115
-0.0587334
1.39549
1.14239
0.945316
4.9208
12.278
-0.327714
20.8691
0.0993529
0.962317
1.06918
6.66401
0.398997
-0.901509
11.8451
6.68056
-2.31104
-0.537725
0.485008
1.08971
0.482875
-1.43207
0.460657
-0.0941223
-3.37137
-0.224225
19.2808
-0.000471167
-4.12568
-0.0893628
0.211698
1.24221
-1.54603
3.44466
-2.21598
-0.520247
-1.10692
-0.512453
1.54185
0.0809254
-0.871405
8.28023
-1.32199
2.17053
-1.09436
4.49842
-0.226326
-0.383172
-1.34801
1.28593
-0.607978
1.59096
0.672484
-0.404313
-2.76761
-2.15769
-0.0988503
-1.862
1.10913
0.606903
-0.844257
1.30312
2.89244
-1.84811
-0.5991
-0.292082
0.111514
-5.43929
-4.06036
-0.152648
-2.64885
-0.985721
1.55454
-4.86499
-2.08985
0.442764
-0.414561
-0.163563
-1.65264
-0.200639
0.411418
0.32115
-6.09513
0.78392
4.69061
0.0715406
-0.0306943
-9.86781
4.79903
-0.165392
6.73515
-0.669965
0.695612
1.57024
-0.934806
-3.55983
-0.504782
-1.25896
-0.0944997
16.1154
9.04455
-2.33673
5.99183
0.965239
-0.0370923
0.0400078
-0.311392
-0.291628
2.70069
-0.0687134
-0.254986
6.54694
6.13382
0.724558
-5.20493
8.74274
-0.895105
2.95819
-0.686127
54.4954
-1.65258
-2.64948
1.49603
0.146777
1.16778
1.88778
0.114952
-2.99575
-0.705798
14.539
-8.04446
-0.133404
-12.3227
-1.58729
0.734636
8.85831
-4.37986
0.361678
1.16643
-0.482261
-0.793332
0.379266
0.072172
-0.419399
39.1304
0.566024
-1.60581
-5.21625
-1.68626
-3.13166
-0.881335
-13.0717
-5.50143
4.36458
0.0354177
0.417599
-2.28926
1.978
-0.512701
-0.396443
-2.02194
-0.736185
-0.0484808
-1.4802
-0.379716
2.41077
-30.1284
0.734332
-2.8403
-1.29445
-0.3695
-1.27342
0.551796
1.21904
-0.52506
1.03659
0.298496
-28.3012
0.527931
-0.486408
1.80555
3.13342
2.10177
-0.963211
-0.329115
0.0821962
-0.270088
-56.6019
2.25655
-10.741
0.03405
7.00547
1.00149
-1.76884
0.63566
-0.447967
0.698527
6.09638
2.60682
-0.946294
0.172616
-0.24019
-63.5432
1.57465
2.77365
1.45577
-0.720613
0.940222
-0.618356
0.643867
-7.33831
0.415751
-1.92352
123.367
3.41034
-0.0140294
0.335089
-0.23021
1.63266
-2.51527
0.0767922
-5.98846
11.5494
-1.29014
-0.362394
0.601284
1.20258
-1.10666
1.45852
1.99563
-1.68046
-4.44665
-2.63801
1.20811
0.718703
0.477078
-1.72724
-0.531193
-1.8293
-0.454108
-0.112085
-9.56503
-0.409308
0.145133
-0.397749
-0.689263
0.239581
-0.343792
1.77278
-1.30001
0.184686
-2.04088
-0.868227
-0.186993
-2.04046
1.73026
-1.84677
-0.165891
6.23077
0.0391616
0.199294
2.04076
0.62528
1.50726
2.40772
-0.840891
-0.128681
-1.13603
0.824827
0.00323347
-0.787652
-3.6197
0.274416
4.74447
0.124016
-0.156633
0.843542
2.1892
-1.21424
-1.08789
-0.999047
0.146856
-5.35397
0.448178
0.250384
-0.640717
5.18686
-838.117
0.383825
-0.414163
0.406578
-0.0477985
1.91676
-1.41923
1.78826
-4.596
-1.09131
1.78605
1.52347
0.704407
-3.86781
-1.08272
0.0486088
-1.02212
4.15298
0.694639
2.51366
2.42493
10.9136
1.67635
-3.33614
-0.215755
2.06398
0.905769
-0.897243
0.80333
-63.8495
-0.453343
-0.162961
2.00885
0.478954
-4.87883
0.293231
-1.84374
-0.174653
80.8569
4.00721
0.0105619
-0.427053
-0.804342
0.948688
-0.66827
0.231376
1.42537
-72.6751
-1.00666
-1.09544
0.346287
0.752517
1.25862
-0.600374
2.16204
-2.43846
0.483844
-2.71408
-1.1508
0.0425091
-0.483638
-2.73016
0.421806
2.97745
0.36592
-3.79239
1.25736
2.59153
-0.193784
-2.37032
-0.406543
-0.482871
6.34116
-0.556847
-0.763017
-0.897571
-0.370555
-0.0620646
-1.07199
29.6013
-0.548901
-0.00316742
-0.198666
-2.31663
1.19041
-1.50491
-1.70526
0.825986
-0.419972
-16.9983
0.675668
0.709815
-11.4066
-2.89098
-0.774083
11.5213
3.8964
-0.763802
-2.25758
0.14681
3.42049
-0.798444
0.270508
2.69882
-0.110203
206.13
0.301302
1.92617
1.88731
-3.65554
-1.45194
-0.108228
3.92877
0.75457
-0.22544
2.41283
1.42916
-0.17047
0.264588
0.34525
0.0932545
1.75897
0.429149
0.0123313
0.698568
-0.343823
2.16036
-0.192239
1.5249
8.27508
-1.57608
-1.53823
0.0775272
0.12279
0.378683
-3.30499
3.14191
-3.99632
-7.04382
-0.164192
0.482949
0.311356
2.13527
-0.588498
0.985867
0.111101
0.107137
-0.116726
1.56886
0.0109179
-0.920435
-9.54588
-3.35416
0.0734576
1.31492
0.523517
-1.0847
-15.1958
2.64114
0.608869
2.00691
-3.03979
-0.423045
-4.35747
-1.3033
-2.53016
-1.74093
0.412732
-0.748817
1.62067
-6.05171
1.8281
0.526547
1.38147
0.507462
-1.10771
0.135545
-0.189757
82.1135
-1.33779
-5.64984
0.714535
-0.340378
-0.299791
-9.56875
0.481308
-0.885808
-4.59833
-1.00596
1.04271
5.37911
1.26266
0.431857
-10.6038
3.29943
58.1136
4.37363
0.322456
-3.81921
-1.71592
1.24474
-0.567908
2.90401
1.43431
-0.939519
-112.051
-0.450729
3.57062
0.289018
-0.255097
7.81684
1.34582
0.39134
0.913606
-0.908355
3.68436
0.353646
-8.30178
-8.13459
1.72389
-1.04795
-0.366322
-0.106462
-9.45409
0.349171
-15.7567
-2.36309
-1.18258
1.27421
1.78671
0.874004
0.111404
-0.132381
0.84486
2.35108
0.190128
-0.0791646
-818.308
0.690769
0.854464
-0.306042
-1.24445
-3.11369
-0.668106
-1.58544
-0.826116
-0.288733
-4.88906
-2.04703
-1.86589
-32.0607
-0.233193
7.87419
0.864823
2.91409
-0.578953
4.37452
-0.240883
0.106701
0.588878
1.05828
0.0653521
-1.66607
-1.67025
-1.68178
3.23552
0.959208
0.0206202
0.361405
37.8098
1.43416
2.56336
-0.05979
-0.517926
0.514661
-2.16901
0.564179
-2.40726
-0.178083
-10.923
-0.749178
0.0722578
1.08552
0.407928
-0.452018
6.3284
3.43654
1.07147
93.4231
3.70358
0.558202
-0.128898
-7.58647
2.67502
0.928854
3.32547
0.955108
-1.26578
1.86054
0.234158
-4.7229
-6.38208
-0.19271
0.238867
0.48794
1.61316
0.79701
1.48774
-0.219415
-0.500767
-4.80223
-0.861521
1.5173
-0.853605
0.6633
1.40754
3.25467
-0.955161
0.615207
-0.943217
6.59881
-0.665522
2.11462
2.15799
-39.1088
-0.197962
0.785728
1.54381
-6.00959
2.11636
1.54552
-2.39441
-1.36244
6.15979
0.151787
-0.0608787
-5.29494
44.2234
-3.34094
0.725615
0.132206
1.15331
-0.882521
-1.56488
-0.296565
0.23008
0.8678
0.773767
0.212166
-44.89
1.16288
6.68453
0.515859
-3.52233
-0.462379
0.863397
1.52237
-1.22072
1.24123
-2.96134
-0.258462
1.54391
-1.49892
-0.375369
-0.288868
0.0575534
0.289908
0.0273462
-12.5914
-2.26864
1.13788
-2.68666
-1.99394
-0.481592
-3.22793
1.3125
-8.85651
-1.04087
1.72161
-2.7213
-0.381246
-0.492765
-1.86634
-10.3234
-0.459825
-0.000504317
-0.61568
-0.813321
-1.53211
-0.460308
0.6908
-0.766401
-0.826133
0.969773
-0.540418
3.77095
0.422825
0.378608
0.107255
1.28287
0.668521
16.7711
-47.8796
-0.0547751
-0.0703965
0.453972
-5.36526
-1.10329
-0.595074
26.5119
35.1513
2.25289
-3.81028
1.59066
-0.192378
-0.400018
-0.102125
0.311321
0.336844
-0.332133
-0.391661
3.99215
1.49091
-0.784541
-0.159901
-1.78622
8.10757
-1.8632
-0.208427
0.584653
-0.342546
-0.17676
-2.63613
-1.2724
-0.598029
4.78595
0.235266
-0.056038
2.33872
0.679039
-2.45877
-0.281593
-0.319459
-0.109481
1.09073
-0.472632
-0.210781
-1.20623
0.478222
0.736113
3.03562
-5.53165
1.48387
1.09381
-2.56677
-0.957557
-0.587029
0.0979521
-0.549031
-0.0106779
3.22266
-2.11204
0.274906
-9.7327
-0.0990133
-1.15537
-2.14087
0.264482
41.5022
6.6712
-9.39065
-0.529094
-1.26823
1.10347
0.159048
-0.69575
-9.20719
-0.812479
-17.1997
1.32289
0.486253
0.725791
-0.268903
1.08467
7.16743
-0.0385253
-15.5935
1.48274
0.694532
-0.898222
-0.832167
8.54395
0.249915
-7.31095
-0.261618
0.573973
5.86559
-2.70684
0.385814
12.5203
-0.137889
0.959156
-12.3123
-0.26202
0.0123795
-0.802242
-0.203549
-0.133901
0.572889
0.0827558
2.13579
14.0473
-1.09026
1.15072
-0.95121
-0.318056
0.466357
0.164046
0.927777
-1.13694
-4.54291
0.00491149
-1.59389
-27.8803
3.41132
-0.755415
0.234686
0.388651
1.09408
12.2902
0.119895
0.282578
-2.47566
-1.50717
0.314519
0.981373
-3.38204
-0.519033
1.00345
-13.985
3.36711
-0.285771
0.442118
0.42744
-0.49286
20.0582
-0.610901
-50.5811
0.521189
-0.0557412
1.48211
0.832738
-0.244154
0.227935
0.140751
0.288669
0.556681
-2.56242
-1.84715
0.0649241
0.203864
-1.02979
0.254547
3.86872
-0.290979
1.70123
-0.903504
3.195
-1.28674
-0.430507
-0.163563
-1.23379
-0.121974
0.118445
-0.70388
0.0300471
-0.146355
-0.295659
-0.890989
-1.56483
1.42695
33.4099
0.138682
2.00777
-0.24574
1.48235
3.2513
2.12355
-0.673916
-0.85096
0.408891
1.89393
-7.52299
-0.748804
-0.112188
-6.01347
3.03444
-2.46383
4.11993
-0.0894568
21.0505
0.216897
-1.43371
-1.66666
-0.968773
-1.13359
1.69581
0.669873
-3.64453
0.0430344
-1.40594
-15.1665
9.32298
3.99334
-0.382034
0.184348
-5.55025
1.26139
-7.87027
-4.26018
1.65665
-2.07558
-0.153836
-81.7925
-0.289632
3.53267
0.508325
-2.40295
0.290099
-0.122905
6767.26
-1.10509
4.35383
0.452422
-0.183194
-0.460766
1.13143
-0.939067
-3.7618
-0.364408
0.558306
-0.550217
0.322477
-9.38629
-0.506564
0.295472
0.307987
0.0342839
0.140309
-0.497198
-0.35288
6.16485
-0.442121
-11.6684
0.739065
-0.751709
-0.222342
-0.298597
-0.294882
-1.33185
-0.854848
0.557712
-5.6117
-0.210572
0.709018
4.2073
-1.111
-49.2741
0.436498
-0.917764
-23.1341
0.467325
-2.51106
1.95521
-1.63994
-1.25561
-3.16396
-2.03594
0.199429
1.77747
2.95911
0.707059
0.227385
-26.1268
-1.57175
-2.15553
1.68192
0.0743307
-0.601272
126.765
0.031282
-0.435596
1.45127
2.37269
1.47131
-1.04421
0.946041
0.215389
-4.40233
1.79897
1.11406
-2.50315
-1.1088
-0.0100657
-3.15308
-0.099821
2.33587
0.240002
-0.0661654
0.848217
0.646426
0.271823
-0.220621
-0.67646
0.294483
-0.0770234
0.304918
0.824094
-8.78804
-1.14077
0.544804
0.751685
0.362943
1.31076
0.07392
0.124223
0.105152
0.147803
0.599197
0.302038
11.2191
2.04256
-8.44461
1.13885
-0.903915
-1.08911
-0.186106
-0.842299
0.948952
2.65736
-1.01149
4.86895
-0.259727
1.55255
5.01261
0.864289
-0.550112
3.41926
-5.51737
17.5421
-1.81311
-0.0567565
0.219401
-0.437376
-0.146036
-1.72814
-0.345552
0.807483
-12.1073
-1.53717
3.40297
0.788796
5.11637
0.0166482
1.73168
-1.61771
4.14223
-0.549917
-15.519
-0.795297
3.43081
-0.839468
-0.845488
1.32399
0.24592
-3.0866
1.17799
0.836144
-0.28777
2.74275
1.66321
-0.439429
-0.00576514
-1.04629
0.719175
-0.710869
0.52173
5.92774
1.42001
-0.705148
-1.44046
0.887718
10.6095
-2.06581
-0.85116
3.30183
6.9341
1.59184
-0.378315
-0.734424
0.450943
0.115215
2.58848
-5.36485
19.5822
0.123044
-1.86215
0.0612537
3.18243
0.210404
1.95262
-0.861821
-0.830972
-0.223437
0.0408825
-10.3062
-3.76975
4.13073
-5.12214
-0.844091
-3.29249
3.6134
-11.7261
-3.42127
-0.11722
-0.777141
1.6934
-10.4416
0.825503
-33.96
24.3849
-1.54677
-0.327704
-0.591259
-2.64861
0.503654
2.29469
-0.801144
-1.13134
1.30673
-6.37275
0.150139
-3.30909
-3.74525
-7.79473
-0.761603
-257.896
1.52299
-7.98415
6.14146
-0.284506
-0.320333
0.0685025
1.43103
-2.09283
-3.95836
1.59915
0.0624095
-0.131874
-0.150081
0.538502
0.693781
-0.599209
-0.428999
-1.14773
1.34343
-0.958454
-1.06448
0.609539
-24.2868
-1.97366
0.206373
1.44506
7.10888
-1.77272
-0.264203
0.482359
-0.642173
0.64779
-1.62427
-1.2245
-0.203078
-0.362053
0.392196
-4.11569
-2.16362
-0.726078
-0.594159
6.32245
-0.871256
-13.3592
-1.34558
-0.108127
3.64153
0.00709718
-0.62778
15.1361
-0.355123
0.329127
-0.217145
0.484515
-0.0776054
4.61644
-2.21697
-7.37306
0.227029
-0.0477643
-1.8379
1.63153
-0.10017
0.40145
0.242421
-0.814129
-0.180308
-3.65187
1.34976
0.204361
1.9854
1.41824
-1.2966
-0.723483
-0.142311
0.583873
7.00058
-0.263386
1.63094
0.13656
0.726062
0.603881
-2.65237
-0.0161948
-0.654642
-0.0933677
-1.13234
-1.63553
-2.7811
-0.0868173
-1.30753
0.655917
-2.2457
0.13354
0.280341
-0.763994
-0.50548
-8.43067
1.5312
0.541909
-0.180047
1.18746
-1.12115
-64.4719
-0.338711
-1.47654
1.14541
1.25261
-2.35831
0.389152
0.0429517
1.95151
-0.816302
1.42748
-0.703359
1.11946
-0.298393
-2.03079
-0.998313
-1.20535
-0.324353
-2.24291
-0.439353
-4.11218
0.313135
-0.989229
-0.332
-0.298571
-1.15543
-0.650948
2.012
-5.1864
0.637655
1.00799
1.68701
-0.131636
0.174862
-0.533578
-1.50815
0.0458976
-30.3363
1.38539
-1.73018
-2.11533
0.11215
-113.955
1.2735
-3.42315
0.425664
1.79353
9.70755
-1.11533
-0.703602
-0.157547
0.100523
-7.96151
1.21452
0.605605
-2.71043
-0.189107
-1.6609
-2.3236
0.458128
-3.57842
-2.53909
-1.01368
-0.121144
0.0273137
-0.069829
0.361026
2.30636
3.29925
9.25173
2.22633
-0.461664
6.43685
0.978275
0.830911
-41.6642
0.302148
-2.16239
-1.41834
1.12954
0.0680624
30.9971
-1.08785
0.915052
-3.85626
0.521184
-0.157087
0.0724976
-3.07586
0.0981585
0.157553
0.702344
1.98468
-7.30179
-0.572721
-1.35197
-19.7925
-0.00929039
-1.14318
-0.209168
1.03589
1.1922
-2.84763
1.97334
-0.658847
158.088
0.0791919
-0.299484
-1.04239
3.35578
9.72428
0.286308
0.407983
-1.36011
0.242134
0.856424
1.3997
-3.04953
0.156071
0.336553
-2.32831
0.088184
-0.528856
-4.18537
-5.44498
-0.673855
-0.771275
2.43674
11.1144
0.83345
0.201781
0.272144
-1.05255
-24.1052
2.0688
-1.51952
-0.990749
-1.91903
1.41771
0.414753
9.34361
-4.59076
-12.896
0.33341
-16.7648
-0.728614
0.545854
-0.883111
1.86583
-0.760881
-0.402608
-1.16483
-0.226737
1007.66
0.960229
0.631354
-5.90138
-0.318139
0.744668
1.0174
-18.1333
1.5845
0.509089
-1.61013
0.688155
-0.291846
0.279796
-0.165371
-12.6198
0.256187
-2.19936
-3.94601
-297.245
1.91363
-3.57304
-3.05538
-17.1661
-0.574907
1.05172
-1.26259
-0.0812145
0.96271
-1.84564
37.7437
11.116
-0.052726
-0.893654
2.25176
0.146219
-0.358371
-1.53559
0.530552
-2.56798
41.4939
-0.931378
0.996243
-0.849234
0.311254
-0.0198987
-0.498724
-1.62958
-1.26614
2.52097
0.717401
1.54608
0.671908
0.570654
-0.233834
0.140466
-3.40888
1.88784
2.03835
-0.611972
5.2371
0.595219
-0.162226
-36.1461
-0.21436
-6.42161
-0.534614
-3.48343
-2.48023
-0.541673
-0.283863
-0.752771
-0.041713
1.36382
-3.15304
-0.95664
-4.17694
-0.691179
-0.62627
1.0536
0.978893
6.01796
-22.3145
0.0983252
1.06872
1.43704
-0.0764149
-0.862709
3.07852
-16.4561
-1.93624
0.173192
1.01748
-2.76336
1.21717
-5.41909
-1.21289
0.340353
0.201523
-0.374992
-1.16799
-0.816601
5.0013
0.33794
-1.53071
-2.27932
-9.14662
0.379914
0.559713
0.0612973
-18.0824
0.875693
17.0725
4.83948
-1.10341
-5.17007
0.979075
7.30798
-1.22719
-2.22273
-1.40772
-1.11728
-0.756366
-0.788512
-1.84235
-0.379648
-0.727325
2.28029
3.75107
-0.162782
-2.16757
-0.381126
-0.611436
1.38616
-2.7435
-0.000691859
0.363355
-0.486437
-0.116276
-4.13038
-1.89109
105.032
-0.254453
-4.65042
-1.16139
3.77336
0.976622
-6.99605
6.57616
7.6499
9.78379
0.0104809
0.528362
0.748927
0.917583
1.02285
0.379361
-0.034855
1.01754
-1.32186
-3.38832
-3.81252
-1.0006
0.459668
-0.482267
-0.751876
-2.21094
-1.05334
-3.9227
-0.236994
1.45012
12.4339
0.640433
13.3809
-6.45787
-1.04185
0.202426
0.020596
1.34526
-3.48482
0.333114
0.184737
-35.802
-1.36154
0.823259
-2.82763
0.0313883
0.675076
-44.1439
6.6869
-1.57246
-1.49872
-1.0647
0.343999
1.63308
1.9187
1.64337
-282.611
0.193243
0.99666
-0.25567
4.67798
-0.0690807
-0.68019
9.47992
0.787049
1.90233
1.14778
0.795968
-0.126152
0.23305
0.331413
-0.220092
-0.178378
-1.70412
-0.986215
0.195139
-0.124284
0.844325
-0.366426
0.0406553
-0.00821422
0.84861
1.2853
0.349964
0.740329
9.11678
2.47001
-0.698062
-1.36293
-0.235756
-0.574794
0.465706
-2.73938
0.549217
5.07329
0.17081
2.73125
-0.113289
1.00326
0.712171
-1.10411
0.328271
-0.185454
-1.61031
-0.722372
0.541389
-1.34664
-346.878
-1.22688
0.770657
-0.0611652
0.431759
-0.565737
-0.0831345
-0.654918
-2.32895
1.99752
-267.254
1.45615
-0.499017
0.843037
1.4855
6.05393
1.21647
-0.409519
0.167926
1.52107
-0.257092
0.615116
-0.804928
0.402314
-3.1216
-1.2555
-8.65329
-0.453424
-0.763843
-2.9023
-1.31922
-0.350884
-3.65033
2.44573
-0.390541
-0.653038
-7.10666
-13.3504
-0.341915
-1.41984
-1.44213
0.0857439
-3.5336
-1.3057
1.02515
0.150893
-1.77362
1.0175
-0.873743
0.262573
0.0434727
-0.832832
-0.706108
0.776707
-1.30977
-0.555145
2.02218
-1.76493
-1.95792
0.0118218
-1.50132
0.599755
1.27271
-0.776937
-0.378929
0.732401
-0.123518
3.9441
0.10212
-0.140249
-0.0912936
0.165682
-0.891054
-0.00952569
-1.04288
-0.32965
-0.555075
0.0917287
-2.59648
0.337807
-0.0211027
-0.472417
-0.274426
-0.696797
3.40355
0.895974
0.234241
2.46225
0.263695
-84.3564
-1.15432
-1.1517
9.53344
3.97962
-0.426161
0.574585
0.888735
-0.729113
0.194739
-5.92843
1.30646
-0.690774
3.88082
-1.04028
-0.0788926
-0.00684739
-11.2116
-1.00594
0.743238
-6.80624
1.52013
-0.46037
-0.0467813
1.92995
1.50592
0.246332
-0.131516
2.18306
0.275627
1.18824
-22.1425
97.352
1.59265
1.01065
0.785453
6.01663
0.425339
6.42365
-4.2473
0.917832
0.266613
1846.23
-2.97359
1.39066
1.18945
-3.14601
0.833764
-2.29682
0.243215
-1.85406
-0.693226
1.96867
0.612294
0.531157
-2.87646
1.55703
-0.77801
-0.192459
-0.0335883
-0.397599
-1.01006
0.933966
1.10287
0.244021
13.0298
0.243624
-4.04151
-0.653109
2.31923
7.21286
-1.03851
-0.753717
-0.972691
0.334224
0.421171
-0.0723111
-1.20035
0.433007
0.0781949
-1.86029
0.438872
-0.211736
-2.53127
-10.4654
-0.811999
0.717719
-7.63476
0.930817
0.383971
0.475233
3.22402
0.125192
-3.8252
0.28803
-0.77483
3.3301
-0.341246
-4.91512
0.155798
0.972096
0.377515
0.914978
-0.0388476
-3.99694
-0.597297
0.355691
-11.0316
-0.022773
1.0777
-2.98324
0.184296
-0.297935
0.53454
-3.28532
-208.409
0.0298173
-0.532679
-5.0256
-3.21411
-0.508885
0.720385
1.35814
16.4788
-2.94926
-24.3012
0.266699
-0.802339
3.30426
-0.854733
4.57299
-15.1348
-4.10312
-2.21174
-3.56571
0.037362
-0.869045
-0.13251
1.27296
-0.180122
11.0466
0.704588
-1.74195
0.179482
6.30957
-1.21957
-0.868445
-2.40826
-0.644107
-0.91621
0.561999
-1.3762
13.3811
0.195854
0.964004
-0.403672
-0.949657
0.120735
-0.174854
1.60765
0.878936
-2.27292
7.66581
-1.21834
0.98891
-3.56785
-2.77564
1.18681
-1.07692
-0.101374
0.396105
-1.43536
-3.77576
9.06405
0.38288
3.47703
-0.272544
0.130508
2.13551
-4.16916
26.7169
0.157665
2.79338
1.40215
-6.97065
0.530615
-2.44223
-0.376841
-1.31152
-0.029366
0.598496
-1.80618
-1.71309
-0.393298
-0.788351
-1.30986
2.65271
3.45445
0.803139
-1.09772
1.3963
0.338297
1.38419
-0.321357
-19.2213
0.299017
0.444788
0.945761
0.642322
16.6618
2.2958
-0.384521
-0.733386
-0.223788
-5.79868
-1.02818
-1.71771
0.612956
0.638551
0.628101
-0.235969
0.176734
0.0455399
14.47
-2.19268
138.293
-8.41067
1.21372
-17.1666
0.0881192
-1.82709
-2.90964
-6.67011
1.7062
-1.61784
-1.28353
1.81819
1.70869
23.8326
-0.410884
0.449219
0.984594
0.534784
0.572874
-14.3938
-0.647201
-0.0312192
-0.22399
-1.53465
1.51304
-0.0142722
-0.80508
0.0608667
-1.25879
-1.88977
0.183852
0.671402
-2.06907
0.194063
0.260056
15.2834
2.749
-3.60149
-12.7095
-3.06564
25.518
-0.301545
433.073
-0.50338
-5.11099
0.604574
-0.487012
-0.371404
0.41311
-1.55411
-0.264351
-0.115984
0.439126
1.76058
1.70934
1.8833
2.59034
0.170843
-1.38369
-0.242026
-0.026108
1.07908
38.2148
-25.9248
0.967831
2.64923
0.250346
-0.468575
-3.8543
0.918473
0.369399
8.14217
-5.59634
-1.15622
0.127353
1.12079
0.14399
-1.45466
0.159176
0.480181
0.101566
0.979388
1.72863
1.55422
1.47398
0.468918
-0.0307157
-0.591455
-2.5105
2.00894
-77.7371
-0.642383
-0.0151185
2.55366
2.00292
0.155934
-2.02691
-23.8825
-0.661755
2.49531
-0.45486
0.526044
-0.676181
0.453362
0.579823
3.67848
0.244715
1.48715
-0.0922492
4.32263
2.65807
-0.135664
1.95729
-0.55103
-1.32203
-0.237892
-3.20181
-0.404209
-0.00233382
3.08658
-0.601488
1.74825
-0.301179
-0.519073
28.6585
2.82943
-0.287116
-0.669023
1.59451
0.530599
2.3245
-0.220103
1.70994
0.462914
0.727835
0.168573
0.431219
36.145
-0.235679
5.30405
10.3481
2.41937
2.5289
0.983725
0.202732
-0.24926
-0.214998
-0.82464
-2.03495
-4.17401
0.156498
-1.59173
0.286658
0.0670039
-9.69505
0.0163888
-0.465847
-0.216957
-1.5993
0.0628173
14.103
0.080949
1.55908
0.499916
0.903374
0.359251
-0.151442
1.6551
0.779494
1.33572
-0.419453
0.274695
-0.599342
-1.42433
-1.22965
-1.22025
-0.782693
-0.219907
-0.178276
-10.2104
-0.190372
-2.17269
-0.674901
2.64012
10.7049
0.0859953
0.820776
2.31944
-1.17609
0.649981
-1.35039
3.47532
-2.52711
-0.0905802
6.29942
0.881923
-0.331887
1.70591
-1.29376
-16.4857
1.09165
-0.609838
2.90443
0.281145
0.294621
0.300548
16.0361
0.570279
0.142677
-0.778958
0.252486
-6.442
2.5394
1.01361
-1.66172
-0.472533
2.04722
-0.0313256
1.921
0.240851
-0.124534
8.1936
2.43187
-1.06699
-0.64619
1.22081
2.21918
-0.609461
1.39644
7.92734
0.0528493
0.0840688
-0.123864
-1.00276
5.39312
-0.179103
-9.38704
0.0559322
0.838333
0.156356
-0.917428
-0.164613
-0.0691152
0.696395
-37.8578
-0.0364327
-0.633221
0.712446
-1.01277
-0.363096
-1.25555
1.17046
-0.0225633
0.21659
-4.19294
1.85689
-1.10425
-1.05253
0.752032
-2.58862
-4.65057
-0.0473329
-0.245774
51.5596
0.020452
0.250088
-1.68046
1.03228
0.183218
0.335636
0.842048
-0.14282
0.606026
-3.79408
-1.43787
1.05087
-0.16285
-2.77758
27.0603
0.224866
-0.513091
-1.45888
-5.4894
3.65987
-0.624241
0.146301
-2.77893
0.049237
0.191873
-1.64863
2.24391
1.34516
2.84309
12.1109
-0.635052
1.84359
0.322866
0.180072
-95.3487
-0.80383
0.383302
0.741204
0.2958
-0.628002
0.461786
8.51166
-0.252722
0.575484
1.34257
-5.11328
0.588733
-0.751544
-4.51134
0.455487
0.454635
0.313354
2.48871
-1.69143
-1.40112
-0.522984
-1.09181
3.35416
1.16351
-2.34114
1.26201
0.804662
-0.593084
3.47182
-0.343659
2.91947
98.6757
2.66399
0.701553
-10.5055
-1.41051
0.222491
1.81734
0.403227
-0.0671944
1.48327
-0.685614
-1.02873
1.88076
2.98185
-4.72355
-0.738933
0.785628
-10.5178
1.71061
0.239839
-3.12606
0.376029
33.214
-0.0446681
-0.759154
0.984548
1337.94
-1.55995
0.0743975
1.35809
-14.3608
0.254699
-3.0291
-5.37917
0.477136
2.05176
-0.964093
-0.0179014
0.927012
0.673013
-1.37596
-0.289025
0.967557
0.913307
4.11904
-0.979047
-0.596344
-0.324985
-3.25777
-1.58802
-0.92977
0.299522
-9.93494
1.7725
0.730122
-0.807259
0.897276
0.669245
1.55788
1.25107
-0.613923
2.12559
-0.378407
-0.261403
-3.46401
3.10618
-7.55774
-3.31078
-1.52534
-0.15703
-0.105052
-5.73752
-1.89622
-16.9866
0.273227
0.556405
-4.21818
-0.568081
83.4679
-4.05213
0.721249
-0.256376
0.135039
6.54803
6.08622
1.04181
-12.6491
-0.190524
0.57227
0.497533
2.01634
-0.0835028
-36.6794
3.19512
1.7676
0.69357
-0.620328
0.355036
-1.82391
-3.09497
1.87181
0.403612
-0.878387
2.21084
1.07983
-1.30418
0.00142866
-2.71024
-0.722795
-3.97088
-0.53058
0.405493
-1.52631
-1.53768
-1.38029
-1.43794
0.0508117
1.21392
-0.755444
3.24371
6.92474
-48.3628
-2.38704
-0.192077
1.08366
0.0808708
-0.536778
26.1348
-0.278147
0.852177
-4.29651
-0.682611
12.2267
0.000516718
-0.201429
-6.31792
-0.547881
8.21183
0.535054
2.59331
-0.773426
0.223432
-0.0636774
-5.60504
-0.469716
0.467255
-0.140612
-0.512493
0.987229
0.570959
15.1152
0.955448
-0.0854697
-1.40129
-0.561575
3.50045
0.811702
-0.0401524
-8.20672
2.71966
0.061396
0.239832
3.15454
-2.56863
-0.598309
3.24136
-0.499338
-1.06494
0.744849
-3.2874
5.07647
-1.44322
-4.76214
0.117356
0.201046
1.42471
-1.02058
0.69084
-0.358199
-2.48653
0.226654
130.803
-0.0422581
-0.913812
1.81848
0.102404
-4.9917
0.183884
0.542101
-1.76311
1.36746
-3.99269
1.069
-49.6105
-1.46528
0.327543
1.15354
11.6676
-2.36851
-0.42494
-0.0372106
0.307592
0.952804
-0.41827
1.23255
0.816041
0.35504
-11.1171
0.306859
-3.73337
-10.8508
-0.696389
-2.47418
-1.53793
3.05719
-2.104
2.99509
-4.72324
-1.25438
1.23705
-7.78739
-0.538456
0.400935
-17.2511
-2.02731
-10.1913
0.0846989
0.84508
-0.50365
1.35722
2.19732
20.1111
3.44753
1.37222
0.060522
-3.20225
4.34457
-1.27077
-0.0831271
-0.489935
-0.528449
2.15588
-0.719855
0.0608126
-4.24211
9.22258
-0.716062
-3.8054
0.37764
0.189596
0.316594
28.2522
-0.0155585
-0.117889
0.0371051
-0.184121
-0.231772
0.982751
-0.421508
0.895958
-2.58111
-0.0369947
0.333098
4.0403
0.404978
0.332024
9.07541
-0.985524
-11.0027
1.13294
0.00435302
49.0694
-8.248
6.62965
0.992933
0.235171
-18.9403
0.0463482
-6.44372
-0.0524907
-0.11649
-0.378786
0.357158
-1.33576
3.13046
-3.38549
0.568849
-2.67356
-0.468325
1.41064
-0.982587
-5.8459
0.495472
-2.23114
0.224729
-1.13264
-3.28459
0.109754
0.537272
6.99499
4.86714
-1.42116
-0.58201
1.01906
0.438557
0.593304
-1.07022
-0.452227
1.60503
25.2159
-0.315999
0.708218
-5.40519
2.89377
-1.36048
0.26609
-1.32293
-2.97773
0.289956
1.04194
1.12562
0.278296
-0.52701
-1.10787
4.35788
-3.97553
0.367068
-24.8237
-12.6835
-0.903259
0.191026
-0.601922
-1.70167
4.19252
-0.198449
-1.42482
-0.223712
13.9348
-29.9425
1.06705
0.289301
-0.114601
0.388169
0.0168513
-0.998512
0.0025098
5.60254
0.0249121
-0.15948
0.524415
0.0677577
-1.28964
-0.446687
-0.718154
0.140102
0.0364365
-6.97675
-1.34677
-2.81207
1.21471
-2.23829
0.517704
-32.2641
1.6978
-1.41694
2.47396
7.6408
-3.14863
8.78056
-0.337805
-0.243115
-0.728369
-0.752972
-1.34033
-0.436008
-4.76556
0.792941
-8.7165
-1.69533
-0.038133
-0.0532253
-0.559926
1.61466
5292.73
-14.8115
0.609881
-1.32015
0.472271
-4.93751
1.84107
-4.6799
-0.23166
-2.61255
0.306488
-0.680547
0.475531
4.66082
0.0999111
-0.121518
-1.92011
-0.108833
-1.00795
-2.06853
1.45953
2.17733
-1.57536
1.35866
0.145606
0.113047
-0.564411
-0.292791
2.4403
-1.10818
-0.759338
-1.34692
-3.84393
0.903046
0.244956
-0.379259
-2.71446
0.746017
-0.70307
0.602696
-6.88896
-1.45148
-1.90352
-4.69389
3.26378
-2.61778
0.855111
4.34786
0.164307
1.23283
1.37897
1.10278
-5.19927
0.676397
6.84266
-1.0381
0.129603
-0.622231
-0.278205
0.0706898
2.78899
1.0672
-0.875405
-0.660693
-1.40427
-7.10075
1.46926
0.334847
-0.0314647
0.229201
-2.51978
0.083825
2.76883
-1.28258
-0.769025
1.20486
-0.477736
-0.302165
0.301324
0.288707
-1.87902
-0.68828
0.564381
-0.46093
5.21287
0.775843
8.72679
-0.10249
-1.29151
2.5853
-2.54978
1.70137
1.92524
1.28587
0.887573
0.410116
-1.41237
0.169965
2.50367
1.76487
0.713172
0.802237
4.1712
-0.319713
0.357344
-6.41726
2.6705
-0.328914
0.289493
-0.237453
-9.64728
-0.47143
0.36596
-0.00354909
0.251506
1.39791
5.88527
0.214407
0.620437
-8.46129
-0.364714
-1.70381
0.0553821
-1.5948
9.37609
0.15223
-0.753649
0.101803
-3.73269
0.0804571
0.709964
-1.41453
-0.958408
-0.461721
-4.53557
3.94068
-0.657961
-1.25112
-0.131303
-1.00283
-1.44682
-64.8172
-0.253592
1.01158
2.03647
0.290792
-3.18982
18.6196
-0.413926
0.154319
-0.745646
1.1703
-1.25236
0.337031
1.19383
-1.18662
0.305998
0.00390247
-2.44993
-0.27611
3.33207
0.584709
-0.447598
12.9689
-0.240682
1.2789
1.40039
0.778709
-1.80799
3.8549
0.384291
-0.16407
0.274429
2.6962
-6.10777
3.19506
0.309699
6.80897
0.0544516
-0.623439
-0.159631
1.32324
-0.503135
80.9338
-1.33245
-4.33793
-10.3581
0.0655733
0.955459
9.72742
-0.849653
-1.60723
1.4715
-1.1488
-0.93464
1.17493
-2.44586
-1.29348
10.6338
4.75154
-0.700834
0.19102
-9.71158
-0.213337
-0.546895
2.19785
-31.695
-0.880896
0.0254067
-0.0383293
-0.111215
-4.29886
0.701262
4.58829
0.0551671
1.56087
0.0868472
2.00103
0.456715
-0.233883
-1.14898
-1.33446
-0.0410169
0.139987
0.283678
1.46809
0.677595
-0.868881
0.227502
2.7872
-1.15037
-0.0438187
7.49231
2.02019
-17.4111
-0.425993
-0.226518
-0.754594
-4.95526
0.740799
0.0123991
19.444
1.59535
1.70917
0.475847
2.51299
0.218739
-0.184645
-1.86315
-1.48407
0.87144
-10.7543
-0.206866
1.97206
1.13224
-10.9771
3.24036
-0.78324
0.186014
17.3029
1.14786
-0.199283
0.109628
0.285445
-0.965824
-0.819718
-0.566477
1.09404
-6.00112
-1.19738
22.9519
0.713153
0.521132
0.700603
0.851033
0.216772
0.805134
-0.207017
-0.504808
-9.42686
1.30486
-0.5916
-1.22483
-2.11757
1.67503
0.309145
0.10026
-0.922596
-0.0361358
0.969168
0.0843288
-0.694776
0.989391
0.298843
0.174087
0.175407
-3.60254
4.41405
-1.61594
1.76605
1.46027
-0.750316
0.127797
2.65931
-3.24912
-0.37087
-2.82511
0.760492
-0.170036
-11.3565
-0.145479
2.87042
0.488899
-0.031874
6.70518
-9.50652
1.62985
-0.557744
0.45636
0.470227
1.58707
-1.83781
-34.5766
-1.86465
0.103629
-1.1125
-4.35544
-0.521586
-15.9754
2.27154
-0.105858
7.39304
4.75006
0.344705
-0.58464
0.322999
-0.24141
-0.362179
-0.0161146
0.161768
-4.90451
0.567499
2.37944
7.80021
0.0557741
0.322746
1.69988
-1.45484
-0.712109
0.112802
-2.60535
0.448144
-10.872
-0.321986
-0.755937
-1.27401
0.697681
-0.364516
6.02408
-1.86089
1.24939
-7.06998
1.68021
1.67591
-1.73648
-0.571303
1.28571
-1.35379
0.0356417
-3.47893
0.0797082
12.8499
-0.373371
485.069
16.8903
2.8478
-1.45698
0.0846447
0.482004
-11.2715
-3.9442
1.7607
-1.17073
-0.0358364
2.17346
0.592528
-1.16527
3.40881
108.052
0.941912
-18.317
-2.2966
-1.8695
4.02331
-0.423896
-1.30849
0.463864
2.68719
0.14595
-3.52669
-0.340975
0.0231341
2.20905
0.125418
-0.920997
-44.9796
0.359002
-0.332475
0.154367
1.23422
-6.59899
-0.216053
0.477004
-17.4248
-3.31455
4.47543
-0.598347
0.713153
-0.551325
104.032
0.177841
3.17652
-1.27308
0.497781
0.456524
0.883776
-0.867717
-0.264105
-7.91712
-0.187893
-0.915319
0.0500608
-0.494976
-1.92021
0.215716
4.29713
-0.622491
-0.116089
0.0228555
-0.743235
0.00847595
-25.5992
0.537287
2.5514
0.0035872
-0.727954
1.10715
1.63728
1.33525
-3.51303
-18.9046
1.12239
-8.36498
8.9178
-0.227789
0.704186
16.0278
-1.69942
0.958245
-0.237347
6.1503
-0.583537
0.182081
4.8053
-0.173222
1.34859
-18.6205
-0.611288
0.850379
-0.332252
0.319799
-3.0127
2.59487
0.309466
-0.412285
-0.589908
-0.697478
-0.297181
1.16687
0.423909
0.274849
-0.667248
0.297202
2.05729
-3.49401
-0.650688
1.78847
-0.246728
10.5281
0.840686
-2.33113
-1.79915
-0.637625
1.51004
2.31913
-0.117991
0.547354
-2.24697
2.99232
-0.130305
-1.22043
1.16135
11.7287
0.0262345
-1.07545
1.33114
7.42431
-1.98598
-1.88879
1.35042
-0.333093
-0.586967
