0.479507
2.57875
-5.23229
0.115002
-0.455162
-2.35591
0.073487
0.768897
-0.649882
-0.436434
-3.13028
0.478355
-0.0626251
1.74848
-3.40753
0.504321
1.80639
-0.528913
-1.67722
-11.4447
-0.167473
0.711525
0.055577
-1.0723
1.27635
1.61539
-1.84309
-2.08487
0.413231
-2.98183
-0.120619
1.14379
5.20944
-4.8946
-0.644961
26.5868
-0.803914
-0.274772
-3.59221
1.0012
-80.9992
-0.752893
0.00803156
-1.2653
0.98288
-0.942899
0.170647
-3.17272
0.889143
1.25717
-15.7537
0.406863
-0.609182
-0.220458
-0.387309
-0.742588
5.31507
-3.05891
-1.14477
0.233856
5.49701
-10.2411
-1.70734
-0.099312
-5.60025
0.766604
0.879644
0.627853
1.37111
1.09489
-0.546012
-5.71559
-0.373478
-0.385474
-1.11899
-1.07598
8.75785
1.73664
24.7113
-8.67331
0.317157
0.823699
0.287305
0.809795
0.777278
-374.051
0.543145
4.87058
0.438159
0.740645
4.28995
-0.548115
-0.514492
-4.37022
4.65989
-0.429736
-5.40984
-2.29759
-2.21787
1.92736
0.448368
0.670034
-10.0093
0.2057
0.814681
0.243041
-1.19455
-1.69749
-0.769708
-0.853013
7.42691
-1.51885
0.214139
-1.49857
3.36146
4.64979
-5.10739
1.33591
-0.685467
0.646528
-0.26935
-0.498183
1.2082
0.50353
-0.810217
-0.38504
-0.789025
-0.199372
2.01122
1.98584
7.20495
-0.313416
1.07781
-1.30729
0.470639
0.178822
3.10414
-5.28304
-0.237465
1.96322
0.885072
-0.246251
-0.211422
2.89787
0.59554
4.11019
1.81145
37.3079
2.06261
-0.709513
-5.70846
0.800581
-1.72752
0.00749558
0.106294
-25.8952
-2.35465
-0.896432
-0.205133
-0.388646
0.976118
-1.2883
-23.7761
9.17098
10.9702
57.1962
0.82647
0.311737
-4.02559
-0.983606
-1.94549
0.353941
3.46866
0.571842
1.64386
0.498888
-1.17367
4.55234
1.49579
0.157139
-0.247456
-3.47672
-1.598
-0.0836655
-1.64996
1.368
-1.41919
0.180567
-264.393
-0.0316533
-1.22057
-0.665487
-0.68603
3.60944
-1.18808
-0.275059
1.60979
2.12335
-0.193496
-0.711833
0.1307
6.09219
-1.33402
-1.5275
0.178393
-0.681315
-1.06792
-6.44984
-0.217591
-0.299608
0.120325
0.919728
-0.561457
-0.188599
0.414394
0.0410969
8.24816
-0.0661494
0.97153
1.9378
-0.435534
0.0909809
-0.297606
0.978903
2.68381
-14.6347
-1.50954
1.47851
0.0399231
-0.739052
-0.0258019
-0.975708
3.12768
-1.52807
-0.123238
0.466047
-1.93362
-1.12469
-0.956615
0.163201
-0.789346
0.737722
-1.60505
-5.97744
-0.565856
6.55068
14.7118
-0.50125
1.04813
0.200565
0.336306
-2.03974
-2.71041
-1.67211
0.652219
0.172666
0.641625
0.874604
-16.3132
4.29087
-1.74638
1.04997
1.77159
-0.0880308
35.5213
2.90972
1.01022
-2.26982
0.801651
-1.12632
1.43937
-2.02312
-2.39475
-1.04414
0.590576
0.583808
-1.33865
0.186718
6.03252
0.495107
-2.71577
0.635861
1.08625
0.138837
1.75116
-0.263247
0.519117
20.0486
-0.164659
4.17667
-0.368167
1.86581
0.290207
-0.694947
0.22663
0.34821
1.27513
-0.130355
0.697431
-0.709565
0.593756
-1.1916
-0.413967
-0.0500933
0.38709
0.733379
1.48654
-0.255753
1.56175
1.92957
0.255634
1.38313
-0.323347
-8.65996
0.309894
0.0891318
4.88726
1.21027
1.10141
0.00689651
0.283023
0.618594
0.474317
0.400235
1.79434
3.28653
0.00540823
0.0948035
2.45741
3.14436
-1.06283
0.460967
0.857822
2.50966
-4.16167
115.409
-0.323765
2.89802
-6.11914
-18.777
-3.03189
1.42427
-0.0858629
-0.850655
0.0593574
-0.433245
-1.79875
1.26696
0.201504
-3.80546
1.55935
0.352577
0.992263
-1.09115
0.389667
8.979
0.24832
-2.26674
-1.56517
-0.236344
0.885875
-4.04621
0.0507407
-1.74638
2.42379
-2.53154
0.0818911
-4.82134
0.906214
1.13486
-1.01296
6.21914
2.89714
0.279883
0.569415
-20.9959
2.98954
0.318872
4.35266
-0.993963
-6.45337
0.1309
1.88818
0.142317
-0.863605
-1.83725
-1.1966
0.475623
0.505423
-0.147742
-2.46311
0.875863
1.61661
3.42819
-2.01186
-0.0396115
1.46421
-15.3426
0.348551
0.478693
-0.85601
12.0973
2.73081
-0.54102
-0.808669
0.730147
-0.901547
-1.9882
1.04281
-0.47999
1.2866
0.272157
1.88909
9.36962
1.10187
0.0932226
2.30287
-2.76916
1.05086
0.302892
1.04881
0.491506
0.248201
-1.93739
0.672179
0.0640181
1.57505
0.23736
-0.658191
1.39637
0.489968
-0.869857
-1.6639
-0.03416
-0.755736
0.0944837
-0.643172
-0.330349
-0.613153
-8.35112
-2.08774
4.15137
0.38595
0.794672
-0.439102
1.10525
-0.31014
-0.600568
-0.235117
-1.43828
0.314057
0.202213
-0.67415
10.3956
8.1109
1.76867
0.438839
-0.710721
0.412935
-1.22765
0.802523
-0.92244
-0.708377
-0.857498
1.32141
-2.19685
-0.647469
-0.200209
1.26216
-1.29061
-1.58301
-0.612766
0.930318
-2.07051
-0.260352
-1.06414
-0.0323749
0.246389
0.242538
0.581943
0.292784
-0.887933
-0.102013
0.570948
0.255499
-1.71534
0.208825
-1.88767
-0.255863
-0.07124
-0.463167
2.93381
0.598091
0.319294
0.441955
0.501585
0.530324
-0.920332
2.36373
-1.30556
0.618812
-1.85177
-0.224459
0.399875
-0.695608
0.803259
-1.29425
-1.61543
0.0101226
1.57671
0.495959
-0.294136
11.0166
3.92685
0.442702
19.271
-0.381824
-4.28009
0.36218
0.794559
0.167109
155.53
-2.25959
-5.51423
-1.28092
1.58002
-0.0171449
-0.00107373
-1.51321
0.492596
0.00934808
3.73074
2.16364
-0.286553
1.29863
-0.260549
-0.575156
0.538544
-0.28251
-0.341867
-0.13784
-0.0576595
-0.473063
-0.437386
23.4428
-1.00149
-0.971446
-0.321347
-0.578172
-2.42402
-0.8483
-10.6111
0.640214
-0.439568
-8.53305
-0.124746
0.320335
0.494835
0.893109
-1.01407
-0.46349
0.802345
-1.31649
0.832286
1.61638
6.0422
1.33355
1.28247
0.119353
-1.55198
0.0875164
-0.679307
0.186094
0.848103
-0.92789
-1.15737
3.29839
1.42264
-0.884842
0.119261
-3.13658
0.231171
2.95828
-1.37599
0.339318
-0.0166429
-0.820352
21.6674
-1.90373
-34.2741
-0.552947
2.99534
1.30386
-1.03191
1.27844
-0.675624
1.53258
-1.07296
0.00176371
-11.2019
-0.203429
1.65879
0.201285
1.33223
2.71917
-4.26685
-0.869728
-5.06885
-0.528918
0.309444
-0.508113
-2.1414
2.03222
0.704739
0.0320838
-2.06185
-0.248285
1.5983
0.94589
0.107054
-0.0505026
-0.699469
0.981227
2.94197
0.224604
-63.9137
-0.174923
-0.425456
-0.752549
-0.262723
-0.521156
-0.598989
-0.590725
-0.612503
-4.06036
1.10827
-0.478829
0.96387
0.879713
1.77325
-0.225148
0.370566
3.11622
-0.918091
0.562648
-0.202073
-1.74166
1.39537
1.18112
-0.371193
2.52787
0.277928
12.248
-1.90495
-0.474661
0.588645
0.321188
-3.56923
-0.458226
0.214312
-3.10718
0.836033
0.783979
0.356867
-0.0483483
-0.14729
-5.48161
1.35165
1.48801
-2.41666
-0.97316
1.77864
-0.685323
-0.765564
0.187307
3.40025
-4.14669
-17.3469
1.08249
-0.81064
0.445459
0.251112
-0.916053
3.16923
2.81349
0.0542902
-0.321617
0.73604
-0.245871
1.1867
0.316837
-0.865363
-1.18615
-0.0319341
4.17164
0.723578
-0.983458
-0.118229
-0.192008
0.951453
2.73509
0.26651
-0.0389429
1.03836
-0.814035
1.36722
107.004
12.4774
6.00511
-1.05793
0.978513
1.12749
-0.739107
-0.00982703
3.81752
-1.33114
0.842605
-4.47513
-7.87677
0.423833
-1.49123
-0.220917
-0.34571
1.30826
-4.81064
-2.31426
0.0841642
4.09808
0.813211
7.62868
6.79524
-0.151621
6.24598
0.644871
-0.509287
0.482936
-5.29207
-1.91848
-0.67211
1.693
2.97813
1.37602
-2.26078
0.589429
-0.116846
0.237716
0.112183
2.01326
2.2512
-0.270157
-0.190562
0.0249981
0.00301004
-1.1297
1.66491
0.309892
0.706532
5.78487
-0.0319941
1.59595
-14.8193
-0.123273
-1.51347
-2.11493
0.895731
0.715967
-1.60136
2.61658
0.255993
1.28396
-0.667503
-0.714578
-0.631599
-1.54651
-9.83937
4.65358
-3.76291
-3.02818
0.0388566
1.56447
-1.13902
-20.8375
-0.199861
0.379034
-0.177273
1.9317
0.737535
0.162909
2.38021
-0.157388
0.673305
-1.15899
8.08867
-2.08799
0.625615
0.664775
-0.618399
-0.243758
1.11327
-1.09915
-0.146138
-1.44765
-0.350987
0.284855
-2.31787
0.892991
-0.0779101
0.00875985
-1.86724
-0.249872
-1.86261
2.59934
0.139387
-0.569277
-0.872591
0.554844
-11.2274
-4.09913
-2.01744
0.17913
0.964848
0.356524
-0.657103
-5.9312
3.48731
-2.38474
-1.54577
11.6022
9.46435
6.39606
0.326967
-0.860776
0.572069
0.520382
-0.148732
0.215039
0.025641
-1.14423
-1.63653
0.0600948
0.39726
0.35917
-2.46081
1.06283
-2.09173
-3.72409
-1.08988
2.21702
-0.596675
0.33435
3.40049
-0.146914
27.732
-0.534403
-0.0824988
6.40161
6.47248
-1.59114
2.99331
-0.820639
1.04257
3.24477
1.02189
-0.222676
0.759306
-6.20433
0.860128
-9.90138
3.51792
-0.722532
0.634145
2.42189
0.103517
0.354184
0.674322
-2.78135
-0.348591
12.0956
-0.164378
1.50625
2.58131
8.09389
-0.567567
0.66982
-0.396925
0.027718
0.773106
-0.244695
-33.1694
2.27641
1.21079
-0.411809
1.1219
-6.14538
-0.243621
0.214846
-0.367338
16.4398
-2.57616
-5.94193
1.03085
0.286046
-3.35611
-0.412008
-0.364239
0.360206
-2.66776
5.80253
21.8154
-1.36418
-0.257254
0.0539394
-0.94561
-1.38603
-0.286524
-0.13783
-0.430828
-0.135536
-4.05929
0.970899
-0.26657
-1.03832
0.695547
-2.97137
1.96837
2.78151
-5.55505
41.6511
-3.08885
13.1102
0.629146
1.38314
0.0921348
-6.40707
1.82897
-2.16403
4.24988
0.387812
-8.83339
-1.50028
0.868915
-8.4222
0.385335
-7.51059
1.33072
0.381645
0.291132
1.12439
-1.65237
-0.786752
-1.06002
0.46695
-0.683013
1.96282
-0.660208
0.927259
-0.768542
0.913189
1.55985
-0.771978
0.100727
-0.184186
-3.59527
-1.21589
-18.1114
-0.104313
2.99807
-0.165921
0.0140654
0.768844
-1.12131
0.73215
-0.811312
0.5202
-0.0794186
-0.233637
1.14756
6.08563
0.0384949
1.03937
0.0122664
0.417361
-0.937322
2.0936
3.22972
0.471622
2.48373
-0.0594324
-0.222493
-0.221813
0.993054
-0.0596855
15.8641
-0.514713
-0.934894
0.456581
-2.4103
5.87797
6.45187
0.579859
2.00353
1.79697
-0.0777413
0.0978435
3.5417
9.12675
-1.02177
-8.25765
0.70514
-4.03449
0.499281
0.891273
1.13588
-1.1508
1.46927
0.357362
-0.278989
-1.96821
-0.310709
14.8454
38.3656
-0.194981
0.926374
8.97072
-0.617299
-6.29186
-1.18077
9.28134
-1.70729
0.0835956
-60.6386
0.306323
-1.87007
-0.912411
-0.0574137
0.0103157
1.63212
0.6886
-1.13051
-0.241627
0.532313
0.400579
1.35742
2.50469
-1.12463
-25.0972
0.000772345
0.162276
-3.84891
-2.11521
2.74483
1.7617
-1.90597
-2.07008
9.28081
0.67233
0.520996
0.0178505
-6.3356
0.365208
1.47613
-2.7346
-0.471787
-1.11965
-0.512066
-0.024391
-0.134786
-2.11017
-1.06989
0.133919
3.36886
1.07076
0.444037
1.18317
0.849846
-6.94417
0.124126
-0.249592
1.24976
0.476627
7.58945
-0.241893
4.23524
1.00036
-0.0811006
-6.7797
-0.592645
-0.382555
-2.72212
-0.40537
-0.73885
-2.28282
-4.37274
0.385534
-6.85474
-0.488039
0.12111
0.143674
-0.0286594
4.7558
0.0780617
2.02286
-0.292836
3.06492
-1.19259
-2.18379
-0.0542019
0.184559
0.401869
-0.126167
10.0367
3.09264
0.477655
-21.083
-1.82023
-0.306965
-0.0537561
-0.165097
2.02089
-2.28123
-4.06323
4.29755
1.31791
2.39289
-1.24938
-0.688594
2.14009
8.22049
0.109551
0.0544284
0.524123
-1.10304
1.91871
6.82303
-0.0741219
0.963225
23.7819
0.259523
-0.0832747
-4.9714
1.3191
0.0144982
-1.32406
0.721434
-0.664019
-0.185986
-0.906037
-17.9218
-0.277537
2.25252
-17.3573
-2.56077
-11.842
3.2543
-6.00545
-0.767899
3.71199
0.106767
5.16209
0.319161
0.142677
-2.05682
-0.402535
0.129908
-1.1536
0.857736
-0.0136602
0.39984
0.71311
1.27567
-0.304583
1.51998
-4.38909
-0.169095
0.545152
5.48705
0.847319
1.75859
-0.687207
-13.278
-2.17188
1.84458
0.430061
-1.59725
-1.98361
0.461936
2.27178
0.0875436
0.00879179
-1.88451
-9.12307
-2.12796
-3.25514
-0.610512
3.15783
-1.07888
-0.492308
-0.715581
-1.36297
-0.411269
-0.608537
3.60749
-2.97305
0.708368
-6.36772
0.180973
0.380801
1.43192
-9.66722
0.721823
-0.194955
-0.0553368
-4.06095
1.47409
-0.880836
-0.600957
-23.6897
-2.50858
0.684087
-5.24095
-1.16191
0.73632
-0.0890006
-0.501552
0.697126
0.661916
-1.97394
1.42929
-1.39728
-0.229292
8.56349
-0.526586
0.0173021
0.476698
-0.692454
-2.13209
4.24759
-1.28425
-0.533949
2.86211
-0.409017
0.160874
0.618222
118.335
9.41091
4.94584
-0.640406
0.301105
2.28675
-2.10951
-0.234011
3.25339
0.837073
-1.76132
1.29252
-0.363778
5.87411
2.14957
0.450371
-3.77348
0.738616
0.459195
-6.76574
-0.651291
0.471466
-2.03455
-0.5182
0.0827463
-25.3645
-0.761453
2.11549
-6.35123
0.0556143
-0.361051
-1.38757
1.02268
1.03096
0.686914
0.198847
1.1128
-1.40438
-0.208047
0.44954
0.265457
1.09819
1.05185
-2.71196
-5.69949
0.601499
-0.656956
1.06623
2.78242
-0.802001
0.837824
-0.288101
4.7426
-10.1647
-0.271062
2.26053
-3.33633
0.622987
5.94961
-0.408282
-1.56181
0.436275
0.995956
0.805329
0.944751
55.8242
0.356412
-0.525735
0.601889
-1.46471
-2.23599
-3.36729
5.09004
-0.32206
1.38955
-0.750461
0.333276
-0.35631
5.81262
-0.422967
-0.931776
1.22871
1.81869
0.0603802
0.63794
0.516016
0.474384
-0.458626
2.03535
-5.13532
1.06232
-7.62179
-0.338449
1.53171
6.02904
-2.18035
0.49115
-11.6033
-2.76092
96.6745
4.2957
-0.630832
-0.314487
-1.14674
0.337607
-1.2925
-0.720961
2.00624
0.0853763
-1.1846
9.14737
0.526356
1.56675
-0.390118
-3.22852
-5.18663
0.241477
0.700105
0.662411
-0.858442
0.684977
3.11142
1.0807
0.564619
-1.9874
1.67588
-7.56027
0.197001
-0.976589
0.693291
-0.384634
0.170325
-0.111631
-1.01229
0.0127229
0.856773
-1.37092
-5.5002
-2.48872
-0.144308
2.56861
15.2346
1.63453
3.96378
2.53778
-0.575233
-0.599045
14.6474
-3.95395
-5.35601
3.20747
30.5134
-0.507
-1.47219
1.41786
0.354512
-0.111036
-1.51758
-1.34615
-0.457438
3.78848
-1.00993
1.09158
2.25491
7.79177
-8.79187
-1.37841
-6.13214
13.2097
-0.781769
-2.49959
0.234244
-1.23888
3.43794
-4.45906
-2.18663
-0.970829
-39.3718
0.459634
-0.487923
-0.41062
0.163569
-0.891383
1.16554
-4.45211
0.685604
0.787334
0.195748
-0.0433957
2.22313
0.895999
-0.579293
0.498576
0.792056
-10.5419
0.786241
3.37368
-0.428782
-1.26385
1.36938
1.09135
-2.0103
-0.303129
0.68461
-12.5427
0.50131
0.26904
8.37415
-0.214868
-4.0447
29.9176
-0.449571
0.610995
0.300654
22.6347
1.5125
-0.98166
-0.20172
2.53832
1.05218
-0.511415
2.58838
0.802432
0.313905
1.26861
1.48481
-6.98068
-0.836439
-6.69468
0.869511
0.671226
-0.358379
4.18005
-1.19583
0.176458
-0.711582
0.11091
-0.15021
-15.5242
3.8441
0.567017
0.0971732
0.188115
0.516207
0.971831
1.2014
-0.153555
-2.27051
0.115353
-0.165732
-2.53896
-0.623695
-0.225223
0.250098
-0.515361
0.456074
-0.369415
-3.60326
-3.0906
3.01596
0.178526
8.84776
0.697374
0.323978
-0.615781
3.8821
4.19388
8.30047
-1.67279
-0.100278
1.55901
0.444735
0.254791
-0.807995
0.773128
0.0352966
-0.068405
-0.111747
-0.873261
-63.4986
0.0176652
-0.754463
-0.312537
0.611843
-3.35627
-0.465463
0.659806
0.506712
-3.26664
-0.361982
-0.60759
-0.191549
-0.0145306
0.0053841
1.01713
-0.318977
-0.0367226
1.22062
-0.263968
-0.711981
0.345912
1.70154
-2.94725
-0.3673
-1.26867
-0.857088
-1.59644
1.05742
-0.00260844
2.00771
0.0303165
-0.312103
5.92454
-0.200662
4.07319
-0.0627512
0.100603
0.811583
-0.779188
-1.49988
1.84335
0.954138
30.1753
-0.0529351
11.2244
-3.84074
0.718237
-3.94761
1.40468
-0.911151
-0.0668698
0.075394
-0.930225
0.710754
2.3458
18.0734
21.0802
3.70955
3.25776
-3.16069
-0.207955
0.716469
0.354138
-2.56038
0.460567
-5.90035
-3.07901
-17.9465
0.0099351
-1.44296
-0.571219
0.765189
0.765305
-1.62914
-0.808541
3.0035
1.00626
-0.812027
-0.373191
-1.12194
-0.711872
0.791778
0.944656
3.50758
0.589876
-0.464381
0.631232
0.946873
0.267379
-0.587252
0.32314
-0.561334
-0.326247
0.580057
-0.298909
-0.086354
2.23504
-10.7222
-0.540372
6.39037
12.0692
-2.07169
0.011193
0.142994
-0.640387
0.483955
0.0147764
-0.000502783
43.352
0.353627
0.172995
0.415147
0.0397725
-0.220576
0.229583
18.0428
1.59934
-0.781195
-2.31912
0.327137
-3.36476
-1.67425
-5.459
2.44039
-1.43164
-1.03393
2.78479
-1.94972
0.0662634
-1.33344
-0.545284
-0.304876
-4.81879
0.322848
-0.351462
-0.0484252
0.88272
-1.34182
1.25773
-1.27404
0.302754
-0.38097
3.50691
2.28552
2.066
2.04932
2.33079
-8.13518
-0.632547
0.584159
4.30548
-1.30368
-1.79327
-0.757813
0.474279
307.434
2.63235
0.462427
29.9067
-0.0842868
1.28127
1.58395
-1.32331
-6.24009
-0.0422803
0.549689
-0.74901
0.728558
0.561275
-3.77862
-2.08265
-0.207823
-0.770238
-17.0375
2.47384
-18.4063
-0.644865
1.38933
0.572942
-1.06774
1.53615
-0.27732
-1.09463
-1.88132
-0.967872
-1.62762
-3.75656
1.09735
0.53652
-3.24431
-0.421848
-0.0256828
-1.82938
-0.971136
-0.663499
0.465739
0.297899
-0.910162
-2.62348
-254.34
0.965323
0.638981
0.032589
13.7724
1.75735
-0.0428449
0.584392
13.6803
2.85806
1.48005
-1.56785
1.26862
1.74401
-1.2611
-0.150876
-2.1438
0.35062
-0.421211
1.26746
-0.479293
0.383418
-0.4974
-7.38455
1.01428
-0.052875
3.54069
8.55853
-0.122164
-0.392022
0.360214
1.37459
0.749917
-2.24481
6.81878
-0.931022
0.174363
-0.125115
0.123214
1.38451
-0.246922
0.381015
14.0484
-0.165538
1.51767
-1.83957
-0.338538
-0.514021
0.168024
-0.0809196
2.96553
-0.757851
-3.93354
2.88873
-11.6805
-0.941602
0.592999
-10.842
-0.550164
-2.5275
-0.51731
-0.352307
84.5878
1.36897
-1.62432
-0.101064
-0.29889
10.8459
1.01861
-0.480424
-0.160987
9.37915
1.30728
18.9916
1.54988
0.0206646
0.414129
-1.02944
-1.22805
-0.78491
-6.90281
0.332766
-0.133848
3.89297
-0.0993385
0.0250085
-1.80087
-3.75941
-1.3664
-3.46537
0.661703
-0.0237153
-0.380563
0.211065
-85.9227
3.52801
2.23147
-0.12121
-0.0079291
0.410966
-0.502012
-10.0217
-0.76379
-2.60621
0.430354
0.0187058
0.925305
-14.6736
-0.893479
1.84123
1.8572
-0.367667
-2.68822
0.452246
-1.56283
-0.150097
-1.63752
0.492851
1.08869
-0.0537688
1.54461
0.445022
-13.5145
-2.11429
-0.875151
-0.215933
5.80572
0.198135
0.0776683
4.41687
-1.89099
36.0726
1.74073
-3.01519
8.66172
1.41414
0.242277
0.118477
0.455447
6.45883
1.33695
-0.989138
-1.16108
-0.862378
0.585447
-0.000657613
3.91311
0.00472805
-0.42788
-0.941442
-3.16594
2.72808
0.894292
4.30612
1.60052
-7.05201
2.24972
0.771543
1.59933
-6.64336
1.49833
0.993446
-1.89103
-2.21174
-0.929502
2.04863
1.07536
-2.74646
-0.603848
-4.04921
1.63874
-0.345417
-3.31637
1.27375
1.53052
4.92328
0.134173
1.51578
0.287893
0.477781
1.36714
0.234075
4.35692
1.33537
-0.659024
-2.31848
0.203403
0.724057
-2.90705
-0.00162773
0.130346
-2.19542
9.71276
12.2651
9.59871
2.24056
-0.599636
1.31631
-1.07372
-0.0959852
0.512824
0.669513
1.37726
-0.188348
1.37935
-1.15592
-3.73544
-0.201644
6.55467
-0.303634
3.57583
-0.779813
19.3187
-0.320419
-1.32629
9.02666
-0.480024
-2.07724
-1.57773
1.2251
12.2363
0.821917
2.42515
0.626201
2.18255
-0.197447
-4.82233
4.0895
-1.70281
0.984546
-1.54724
1.13911
2.35578
1.74948
-1.54087
-2.57528
-0.57045
-1.34852
-1.74691
1.24457
1.25886
-5.0562
5.73437
0.200631
0.76426
-2.6552
-1.7305
-0.515274
7.11721
2.66356
0.207726
-2.55022
1.54022
0.68274
0.0917695
-0.666961
0.65197
1.39761
0.088075
1.71306
3.0538
-0.808627
1.33689
1.41297
-0.73367
4.35211
0.852777
-1.8965
9.70299
-0.131554
1.13962
2.99094
-4.78556
0.760006
-0.907023
0.242068
0.219918
-0.51803
3.83513
-1.03961
0.27165
-8.60764
-8.80199
1.40981
-0.535677
1.2551
-0.0359456
-1.88856
5.30614
3.43415
0.016506
0.804655
0.179786
-0.416273
-0.0970921
0.91822
-1.99324
1.40993
0.274102
0.332705
5.0233
-3.07551
-1.07914
-2.28679
-3.61946
0.499015
0.284014
2.0343
11.9112
-6.00793
2.62394
-1.25136
-0.718809
2.68581
0.805521
1.78619
0.032454
-9.49077
-0.00908625
-3.01251
-0.29021
-2.61085
-7.6872
-2.73584
-4.2828
0.38425
-0.710562
-0.575357
-0.240079
-0.805016
-1.36953
-0.803046
1.74493
0.616162
0.850513
0.932001
0.169699
-2.23315
2.07148
-2.47228
-0.437353
0.430202
8.2168
-125.538
30.3058
2.20438
-0.74107
-0.348513
2.25912
-0.409303
-47.8059
-0.0352222
2.705
2.99403
1.33065
-128.673
-6.61397
-0.45223
-0.599095
-0.480923
0.491359
-1.18641
-0.771097
9.76693
4.76178
0.0213098
0.479869
13.3674
-0.286737
-4.99402
-1.25868
-1.09056
2.38881
-0.823537
13.8559
-0.534146
0.935401
1.79808
-0.363666
0.90085
-8.38677
-1.18732
0.551148
1.34095
0.400843
0.921906
-6.98776
1.65752
-22.5345
-1.16258
0.716831
3.34103
1.14919
0.58197
-2.09671
0.599434
0.127826
-8.56396
-0.566727
-0.00424525
0.0859155
-0.616364
0.3141
1.07575
-0.648992
0.491607
0.17172
-16.4978
0.769991
2.061
-0.355277
0.626325
-0.180052
-0.768151
0.749379
-0.604695
1.19097
0.0293948
-2.29143
-1.28407
0.322134
-0.49983
0.439427
-14.3284
1.01704
0.562916
-0.68282
0.469337
1.46146
-2.88758
0.227419
0.0500935
2.039
0.617785
-0.467594
-2.83542
0.251282
-0.802649
1.67158
0.608824
-7.4526
-0.515603
6.13291
-2.04716
-3.34182
6.05105
-1.12878
-1.74098
-18.0261
0.98458
-5.0307
-3.0865
-1.21877
-1.50887
-1.11741
-2.17295
-0.62349
-1.6962
3.43898
-0.510264
7.88355
1.02585
-0.475621
-2.06721
-0.709435
-2.84024
1.03632
2.85104
-0.122537
-1.13895
-0.691846
0.153913
0.680194
-0.372575
-2.52932
-15.0682
27.1942
4.09348
2.75161
-0.585017
1.88478
-0.357757
0.849771
1.54652
-2.96223
1.74047
1.52708
-0.87073
1.04875
-4.988
-1.18332
-2.20998
-1.72098
-18.1238
-53.9468
0.605876
-0.442869
0.315524
0.543657
-0.139068
-3.10108
215.841
1.06543
7.07792
28.0872
1.18907
2.46296
0.0188791
0.479545
0.353428
-0.819221
-1.06951
-0.283348
1.61998
57.3149
-0.484537
-0.00708638
-2.94148
-0.0537765
5.9384
1.10596
0.258908
2.15969
-2.46649
0.029274
-2.67061
4.12519
0.74899
10.9922
-2.11267
9.89263
0.203442
0.724808
1.27981
-0.773129
-2.72575
-0.698767
0.0146018
-0.348103
-0.793489
-1.80017
1.20153
-0.128193
-0.266642
-0.70743
5.02332
0.131629
1.51785
0.526617
0.25169
3.19785
-0.935452
-1.35744
-0.0370497
0.742038
-0.0103936
-0.10962
1.19722
-2.39794
-65.6287
-0.582901
2.9609
1.2995
-1.10204
6.23931
-0.292021
1.17021
-6.84255
-0.665226
0.516496
3.81775
1.39274
-1.88318
0.75326
-3.94695
0.63852
-0.532838
1.19288
-0.184819
-23.6554
-0.693609
0.0788957
0.265099
-1.35407
0.0869236
0.281458
0.0724962
1.17745
-2.82879
-1.16104
1.08215
-5.88109
3.17852
0.559198
1.55376
-8.15463
0.438975
-2.82137
1.09563
-0.224468
1.18532
-1.97357
-0.58204
0.0933366
-0.551989
-0.255965
-0.878833
-0.610248
0.333045
-2.90378
1.09793
0.591277
42.3195
-1.45803
0.410428
-3.95558
1.35797
-1.73779
0.244429
-0.365025
0.903614
-6.74063
0.0956535
-1.01005
-17.6932
-0.291304
-1.97544
5.09005
-0.914566
0.45715
0.299703
2.62914
10.0689
-0.882213
1.73479
-1.59596
1.17434
1.13555
0.12494
18.8233
-0.524958
0.23309
-1.34328
7.68045
0.0107954
-0.42566
-2.79953
9.72938
1.81829
-1.05233
0.389171
0.345789
13.6881
-2.43313
87.5072
-0.397741
0.0479363
-0.465852
0.175838
4.51591
0.944909
-0.359038
1.33878
-14.001
-1.73686
1.32516
-0.518169
-5.37319
-1.79481
-8.38883
-10.3812
1.0088
-2.9292
0.767466
-1.5964
0.287618
-1.08857
0.330602
0.202494
14.817
-0.474924
-1.99341
3.18538
1.67803
0.483812
0.101173
-2.17455
2.17887
3.4556
0.880484
-23.7992
1.96804
0.40845
-0.452575
-2.25234
1.86287
-3.14966
-0.0185162
0.382959
-1.57661
1.3054
0.410337
-6.65052
15.5916
-0.313623
-1.37404
-0.930344
-52.4209
-6.37291
0.222475
1.09776
-4.06716
0.0236295
-0.0851843
-0.493944
-1.23815
-0.132198
-1.20367
0.0691337
3.1364
-3.48662
1.74596
1.71291
1.73425
10.0708
1.62352
0.277069
126.669
-1.98592
1.19381
2.88231
-2.1686
-0.335739
-1.29431
-0.37752
0.0165967
-0.748266
0.472146
-0.13562
1.16561
0.142986
0.0120084
11.0448
0.14287
-1.70414
-0.609396
0.0705324
0.450476
3.32136
0.162415
0.666773
0.219715
0.273643
1.72561
-0.943541
-0.689552
0.084614
0.426319
-1218.98
-0.764492
0.0270588
-0.0851204
-0.0212433
-0.386277
0.0894113
-0.565933
0.940261
0.494506
-0.709414
-1.62153
0.13829
5.51724
-0.643083
-0.158483
0.0503567
1.1179
-0.61728
1.15278
-0.977709
-0.0631795
-3.91624
-3.75364
-0.519653
5.7841
0.965939
-1.08926
-0.549633
3.04484
-0.983333
0.614045
-0.00356295
0.992066
-2.56985
14.6682
1.01978
5.10207
-2.18036
-1.12179
0.339043
-0.289217
0.300539
-0.384242
-327.532
-1.25349
-0.237254
1.46501
-0.686113
9.85485
-6.59527
-6.08638
0.437368
1.62284
-0.380383
0.222284
-2.2808
-0.0674014
-0.349325
-10.8648
12.5965
2.33453
15.6605
20.9501
-2.559
0.510333
0.332605
0.62492
0.287249
0.43136
-1.39364
0.55373
-0.41794
-0.566612
-0.827582
0.939754
-0.767615
-1.8238
-2.0657
-9.02764
0.0819577
-1.04642
-0.316609
-9.64293
24.0687
0.268302
-0.482571
-9.93874
0.815401
0.24524
1.41718
106.418
1.25747
-0.961239
0.379268
-1.04621
-0.528885
1.56877
0.125072
-2.61206
0.0519387
-2.40508
-1.74643
-1.28935
-0.119458
-0.399893
2.89143
0.144414
-2.1627
8.51708
-0.296202
1.5529
0.280392
-0.622331
-0.547679
-14.4339
6.63558
3.42066
-0.724295
-0.0789126
-1.98241
-3.00956
1.5133
-0.222707
-2.01313
13.707
-0.366855
-1.4346
0.310266
-5.99084
-0.713105
0.0721327
0.80077
0.0265848
-1.11721
-0.844616
-0.663754
1.3049
-3.91514
-1.11071
0.359566
6.01036
4.95072
0.200754
-0.537171
-0.0224884
-0.327224
-0.222959
-2.45638
-3.39279
-0.706931
1.54381
-2.12931
-1.52433
0.621683
5.80783
1.10365
0.157975
0.389304
-3.1957
-0.573075
0.943313
0.454028
-3.39313
-0.927018
-0.529972
0.265946
-0.21515
-0.378574
-1.92127
-0.962087
0.594086
-0.126282
-0.438725
-1.44254
6.41662
-0.0164589
2.18773
0.545792
-0.0973505
-0.412714
-0.134736
-0.70097
-13.8597
0.311143
6.44626
2.13636
-55.4253
-2.33712
0.89298
-0.0233668
0.274979
-0.247329
-1.02529
2.71892
-0.126184
2.322
0.422788
-21.2366
-2.17197
-0.968566
-1.55583
-0.731507
0.226343
-0.961537
0.0998415
-0.35612
0.069965
-0.0520025
100.362
-0.67675
-1.43391
0.217933
-0.149996
0.622059
12.5475
-5.01255
0.368331
0.562402
0.141775
-0.0720186
0.485917
11.2994
2.98274
-13.0339
-13.3622
0.189661
-0.941545
0.631922
-0.665657
-0.512176
0.858819
-0.160276
-0.246876
0.115938
-16.128
0.277059
-0.733507
4.86031
7.23652
0.329861
0.398027
27.9635
-0.0664137
-2.29831
0.476477
-3.11412
-1.00511
-0.592589
0.329923
-28.296
1.32971
-0.281639
0.421111
-0.48095
0.330306
-2.86647
-0.945042
-1.40236
-31.3286
-8.15461
-0.326605
-32.761
1.19433
0.617702
0.696354
-8.77271
-0.533043
2.91377
-22.8811
-0.467602
-0.710533
0.739349
-2.38963
0.61098
-0.33282
-3.28372
-0.615142
2.88879
1.0934
3.51505
2.34599
-0.332019
8.68024
6.08654
1.12452
2.40246
2.12247
0.893967
-0.384967
0.0017086
-1.21407
0.329008
-0.438051
-1.66363
-0.393936
-0.0529749
-2.23873
0.575802
1.51113
2.02266
160.672
0.631274
-1.80388
0.969043
0.0623813
0.677356
-8.23233
0.62294
1.02967
-0.0673887
-1.59835
3.4882
-144.11
-0.739511
-0.252381
1.40986
0.729026
-0.67785
-0.911048
-0.643392
15.985
1.36076
0.411543
-1.74325
-1.39699
1.08527
1.4432
-0.442732
-6.1642
1.4572
3.08339
0.231813
-0.587052
-0.212674
0.267881
4.43887
2.0464
0.585
2.60482
0.467594
13.1519
7.31471
0.112176
4.53616
0.102601
1.14572
-0.884646
-0.105458
0.907556
3.45529
-0.162471
-0.533101
0.425607
-0.542516
0.493616
-3.91753
0.16187
-0.11358
-1.33466
0.39703
-1.05694
2.86867
2.80724
-3.84176
0.763709
-2.01292
0.508974
-0.106244
-0.877199
0.112452
-1.53263
0.933634
-0.265497
1.44093
-0.788823
55.6932
0.683113
124.566
-0.487063
-0.494889
0.333366
1.44068
-1.38198
-19.3605
-0.859995
0.898941
-0.550731
0.568614
0.904635
-0.431929
0.830165
0.119413
-0.0605364
-17068.6
-1.94109
2.31571
-0.621314
0.868228
-82.9671
-11.8367
-1.23819
4.7841
-0.51779
3.09192
-11.1411
0.468013
-0.862984
0.875166
25.5591
-0.684118
-0.764669
-0.365578
0.0322258
-1.03641
0.237952
-2.90609
1.811
3.6379
0.0173803
-1.15502
-1.51467
1.39657
0.364552
0.339552
-0.691399
2.65259
1.75614
0.0869134
-0.0659884
-0.845978
-4.61732
-17.0582
-153.237
19.2001
6.80437
-1.05641
2.72741
2.59645
-0.156816
-0.941249
0.878047
-1.19132
-4.36394
-0.91437
0.00960832
-2.3593
55.0031
0.526649
-4.02212
-2.56575
-0.413319
-0.201908
-2.74719
-0.624741
2.49974
-0.241027
-1.24861
-1.78405
-0.711573
-3.216
-0.550654
0.308946
0.499623
0.465514
0.600308
62.589
1.48186
0.109774
-0.817873
-0.00823223
-0.204222
0.253723
-0.243199
0.653344
1.54488
0.10182
-0.397237
-1.00353
0.904708
-5.36305
1.54858
-1.84869
-1.00493
1.9974
0.217109
0.388171
0.212913
-3.06054
-1.02606
0.75177
0.55283
-0.0113683
0.0689404
-0.828976
7.16905
-11.1545
-6.3627
3.53843
0.788762
-1.09191
-0.732154
0.158043
1.10843
1.88726
-0.325193
-1.35315
-3.71247
0.149212
0.602994
-1.3302
0.0232389
0.880974
-46.006
-1.42387
0.976349
6.57905
1.30822
-0.21091
0.516932
-2.80622
3.0062
-2.9412
-3.42051
-1.59635
0.383469
1.56148
0.00491127
44.2373
-0.650471
-0.856913
-1.31053
2.31564
-1.8232
-0.369099
3.28969
0.698982
-0.648401
-1.4234
0.176741
-0.35434
3.62674
0.576938
0.610136
1.46463
0.83638
1.20895
3.17219
-0.518665
0.216436
-0.0321912
-0.606451
-4.35598
0.113189
2.00674
-0.082881
0.381532
1.50809
0.262724
-2.52949
-4.80128
-28.2845
-0.650486
1.63836
-22.5917
-0.0590405
-1.32444
1.21342
0.722623
-19.5985
12.4574
11.8847
0.936878
-0.248372
0.180056
0.270266
-0.304301
0.329815
0.0841765
-0.0148376
0.0425193
3.00797
0.121088
-0.176832
-0.0277242
-0.74909
1.32768
5.17537
-0.00904935
4.90226
0.733973
1.03716
-2.81581
1.9679
-0.859958
0.238209
0.11667
0.791935
1.55502
-0.150636
-0.580841
0.862054
26.4829
1.34168
0.380068
6.94221
-1.91748
-6.43635
-0.33638
1.28859
0.874583
2.01721
-1.76137
-2.05338
2.34542
-0.158426
-1.06844
8.34115
-3.29031
1.02951
-1.58626
-135.096
-0.0568881
-0.311305
-0.680299
0.223442
0.818271
-0.056503
0.453542
-0.872572
0.569828
-0.0611085
-0.454221
0.283246
-5.29171
-1.76403
-0.0846615
3.0183
0.361534
-0.086728
0.333034
1.09155
0.49595
37.3289
7.21408
-0.0581134
0.40717
0.309283
-1.61004
0.760508
-5.77016
-4.96697
0.271686
65.5646
1.01033
-1.24889
0.101576
0.794374
-3.55566
-1.67869
0.719006
-1.93503
-4.36214
-0.100866
-0.412937
-2.34155
0.862191
2.41429
0.889757
-0.92055
35.363
-0.243214
-0.768812
-3.05883
0.64791
2.48443
0.978468
-2.0242
1.17541
2.42068
0.429296
-0.516171
1.40692
-2.10324
0.360803
-0.427769
-5.31651
-0.0337366
0.253003
0.788929
-0.00106027
2.65307
-0.049404
-1.98069
6.27949
-40.8404
-1.76173
-6.97821
0.141469
-0.0690687
0.461485
0.73078
-0.417673
1.15473
-1.35964
-0.0326671
-0.388915
1.40139
0.620405
-1.58112
0.539424
-0.667505
2.96227
1.55983
-0.778489
-0.537799
13.1299
-0.111168
-20.5977
-2.91129
-2.88886
-0.78771
0.802654
3.42358
1.7101
0.942362
-26.7027
0.249505
-1.10146
-1.72636
1.65883
1.82845
0.0680548
0.144746
-7.59679
-2.60929
-2.56083
-1.1713
-6.58768
0.778823
-0.319035
0.0334072
-0.356077
-0.641905
-2.37076
-1.76646
1.48042
0.0869157
-0.85426
-8.22305
-27.6794
3.43787
-2.68079
-37.5026
0.188935
-1.18132
0.834362
0.803477
49.7486
34.1079
-1.63772
-1.91484
-32.2795
-14.2026
0.0592288
14.6312
-0.189948
0.657775
2.11415
-2.27484
0.41353
-0.439318
8.77925
-0.474414
-2.77486
1.2921
-2.31343
0.475915
0.552887
-1.70449
1.06436
0.0466908
4.8802
-7.45134
-0.344275
-0.771362
0.46308
1.60923
0.456392
2.06981
0.576783
3.29385
-1.281
1.45766
-1.09235
-2.37937
-0.392104
2.01543
-0.439831
-0.391991
-1.68699
0.622772
0.058072
7.03114
0.1581
0.0542249
0.337991
-0.248662
-0.479372
-0.822897
-1.78389
-4.9794
11.1717
-1.67303
-1.54251
0.427116
-0.170107
-0.737576
0.595788
-0.794012
-1.86249
-0.355835
2.27274
-1.74323
3.08779
-3.11156
2.88101
-2.31724
-0.420815
-0.57694
0.761177
0.195966
2.99646
1.31656
1.7226
-8.18867
8.22785
0.184774
-0.474698
0.900578
-5.65605
1.19114
4.13723
-0.704207
-0.000571518
-0.386872
0.163126
-1.90907
2.5689
0.467984
0.868236
4.7276
0.189495
-2.29104
-0.162142
1.79739
-11.938
2.39447
-0.42089
-2.52187
6.69918
2.24697
-6.59168
-1.5271
-0.172055
-0.930028
3.23771
1.10913
-0.657456
-6.06311
0.566393
-0.834357
-0.202925
-0.641741
3.90546
0.597991
-2.78838
0.946453
-0.798519
0.0109188
-0.497238
-0.521422
-0.182705
-1.92226
-2.41128
1.9587
0.132902
-0.267414
-5.09114
0.521938
-1.69588
1.2443
-0.336117
0.874702
-0.340611
0.0899205
0.248333
-0.738858
5.85898
-20.6119
-0.970545
-0.648614
2.37055
-4.48582
-0.12548
1.16617
0.0352565
-0.392208
3.06024
-0.0307512
0.91318
2.48948
1.0345
0.255679
1.38748
0.821224
-0.00642574
-0.549837
-0.107279
7.47032
-0.312315
3.37628
0.509742
0.9786
-0.963598
-0.140677
-4.46723
-0.0382503
-4.13534
-0.443064
-41.4822
-0.62872
1.65563
-1.80964
-1.2901
0.232245
0.522286
0.157156
-2.81614
0.580958
-2.88948
-1.20404
-0.0471623
13.0746
-0.375512
1.18533
-6.75242
-2.76592
0.685003
-0.733237
0.790705
1.12772
0.899037
-0.00819566
0.373239
-0.105173
-0.682348
0.159743
-1.12298
-2.37531
-0.504329
-4.34497
1.93744
-0.0407485
11.8048
0.795379
-0.398882
0.933077
-0.843225
-1.34371
-0.427744
-0.817082
0.333026
1.26057
-0.086224
2.49409
0.37776
1.28288
-0.93511
-1.15153
-3.98764
-2.05413
-2.65121
-0.751768
5.58391
-24.7117
-12.4741
-32.62
26.8466
-0.968374
-0.550225
0.124641
2.89529
0.481007
-1.91272
-0.335897
0.553313
-1.04811
1.06039
1.49221
0.0781054
3.90189
0.0503407
2.10776
0.952033
-0.249527
-0.665387
-1.5252
-0.178813
1.04399
1.32166
-0.105653
-0.359553
-0.979444
1.28892
-0.523213
1.58863
0.416908
6.98008
-14.4102
1.06891
-0.496443
-0.431506
-0.72042
-38.8508
12.5766
0.00502986
-0.181266
0.852104
-2.77016
2.33186
0.27605
-1.29511
-279.16
11.1504
-1.38371
-1.20678
-3.40007
1.25736
-4.06521
1.23138
-1.8899
4.45538
-0.277044
1.91704
-0.926783
0.0153777
8.4398
-8.0739
-0.501556
-1.65698
0.0828252
0.249123
0.257088
1.15715
-1.02411
0.0736636
1.44585
-1.59225
-1.3898
2.16798
0.311611
0.377201
-0.948098
-0.111637
2.07842
-9.09262
0.579222
-4.59847
-0.0134819
3.7461
1.68129
1.41065
1.96031
-0.627375
0.412361
2.42898
-0.685282
-4.09314
-1.4852
1.67677
-17.0878
0.13185
-0.0180127
-0.399148
-1.40345
33.663
-0.613521
1.57572
-3.2261
-2.02494
0.721502
-1.04321
-3.4155
-1.17373
9.79899
1.42905
-0.962236
4.43109
2.03208
0.812315
-0.321768
1.44341
0.0283166
-9.77903
1.16768
0.240413
-695.66
2.37558
-2.06286
-1.96326
0.164295
-0.744926
0.923853
0.998731
0.576601
3.29089
0.0109734
-1.14396
9.0453
-4.3973
2.33977
1.57574
-3.32087
1.32083
-0.136282
3.08615
-0.200434
-1.94356
-2.55909
0.116012
0.546667
-3.66155
0.621767
1.40394
0.256654
-3.44138
1.93394
-0.952237
2.71407
1.16319
0.451743
-1.1133
-1.04289
-6.36519
3.44486
-1.83049
2.84211
-1.39389
1.73414
-0.431208
-0.162583
-0.54516
-1.76806
1.44087
3.68026
0.408701
-1.32484
1.98462
-0.081073
3.80477
-0.438526
0.338093
0.244616
5.61836
-1.05944
0.0124595
-0.0698143
-2.56922
-9.44659
1.37648
-0.186237
-4.48117
4.49785
-0.341685
1.29263
-2.15386
0.396243
-1.31741
-0.679896
0.600082
-0.396336
-0.0968327
-4.69672
7.08835
0.0564142
-0.26207
-0.152166
-0.731997
-0.123731
3.39295
0.739217
1.74043
-0.276447
1.00489
-2.47759
0.470791
-0.460701
0.527589
-3.12474
0.589679
0.976353
1.80689
0.80936
0.352191
-8.56014
-12.2144
0.656516
0.134033
0.637846
0.0514349
5.08405
25.9718
-1.03586
0.306703
0.0684012
-2.77966
-1.70701
0.94665
0.125455
-0.323973
1.86502
-3.83005
-0.0510787
-37.1601
-0.4038
2.87043
35.6172
2.67068
-0.0743896
-0.771045
6.47882
-0.360911
-0.703639
-0.491523
1.57144
-0.279555
2.31043
-0.537853
3.31324
-0.331739
3.01172
8.79501
-1.72262
8.00463
0.680663
0.612529
0.808582
1.76947
-9.69271
-1.57516
-0.430099
-1.87799
-0.898793
-1.08553
1.12163
0.237013
0.688807
-1.99242
-0.351518
-0.867202
-1.4048
-1.29496
0.496234
0.376013
2.42254
0.581937
-36.0168
3.28978
-10.6072
-1.23059
0.597028
-11.8404
-1.6858
1.67051
2.24093
-1.93319
1.75256
-0.269604
1.75277
0.269087
0.733892
-0.520447
-1.39224
0.113176
1.08174
-2.31993
1.70166
0.658436
-0.610666
-0.160405
1.17831
3.03067
-11.0469
-2.46124
-0.63745
-1.38645
-0.277584
-0.307861
3.03403
0.784322
2.63557
-14.4817
-4.70926
-1.4239
1.38785
-0.247708
1.30659
-0.417285
-0.0756894
-3.58915
-1.82729
1.02593
-0.602398
-0.453928
0.364598
-2.02369
-8.38172
0.2171
-1.61929
-0.118436
0.0243947
-2.08418
-0.320864
0.308473
-0.681128
0.123159
1.29789
-2.4732
-0.401887
0.352187
0.747163
1.62495
-0.169875
-3.33125
2.93721
1.65868
-0.876622
23.5699
-0.0837611
-0.818561
-10.1958
-2.46162
0.306014
-0.883537
-1.71397
-1.58681
-0.306298
7.49221
1.99142
0.564351
-0.000717483
0.790406
1.29145
-2.82021
-0.776308
-0.451934
1.5667
1.46397
-1.17297
-0.629062
-15.6467
-1.59732
-0.326391
0.674161
-0.173922
1.74136
23.7941
0.15867
0.838035
-0.566447
-0.0427042
-0.304536
0.482168
0.172274
0.397515
-10.3747
-0.624361
-2.83665
-2.16841
3.1623
-0.68247
0.598098
-2.511
-0.049563
0.970793
-2.39034
0.0850084
1.93119
0.256456
1.1478
1.22321
-0.565779
-0.47917
0.583848
1.28177
0.0513789
0.462701
2.02912
0.537602
1.02344
-0.916367
-1.03477
-0.137003
4.46887
0.55357
3.26945
0.745943
-0.265623
-19.6124
-0.334966
-1.58704
0.841894
0.995302
4.26127
-0.050324
-0.133221
1.13743
-0.576099
1.79154
-2.48773
-4.20106
-0.454607
-7.17737
4.91648
8.21201
0.58847
-0.368658
0.197192
0.00635072
0.501627
0.691151
1.47471
4.42897
1.18893
0.374893
-0.626547
1.82909
-1.51288
0.13012
-0.750653
0.674106
0.638594
-0.0989453
-0.117838
-4.94007
1.31078
-0.591911
-1.82636
-5.17416
-1.08654
0.610446
-0.0897845
0.900248
-0.616575
1.95088
0.476357
-1.16345
0.948475
3.17968
0.962187
0.371867
-0.400419
1.85136
-22.2437
-0.0542352
-1.7545
-9.26564
2.08361
0.359103
-0.0285908
-0.716257
-0.163722
1.12886
-1.15913
-13.8074
-1.53698
0.54474
-36.5838
-0.83008
-0.2841
63.6292
2.01624
-0.0691087
-0.236399
-0.659139
-0.507527
-0.214697
-0.118487
-0.385361
-1.18025
2.96883
-2.51654
-0.954582
1.18233
-3.01452
-22.046
-1.40807
0.140738
8.04448
-8.00615
-0.400327
-0.645089
-1.86013
-19.8388
0.972148
-1.67038
1.26598
0.454926
-0.50294
-0.735517
-0.898283
-0.573037
0.481391
0.407788
-79.9638
0.0320944
-4.82181
-1.69073
-1.76312
30.983
-0.67723
-0.756382
0.461565
-2.88841
-0.492453
-1.36711
-0.583151
2.99178
-0.0775798
0.382797
0.255681
-10.5172
-0.330943
-1.63924
-0.151122
-15.7018
-0.193438
7.09669
0.465182
1.4624
6.08581
4.22026
2.7495
1.39327
9.13047
-26.5783
-0.674334
-0.485737
1.00646
0.121079
-10.5544
0.664463
3.13167
0.191072
3.40042
-0.662904
1.72422
1.46995
-0.839053
0.335464
-1.81251
-1.87177
-0.567386
1.06871
1.45862
-80.8453
3.16858
2.55595
4.1919
-1.47277
2.81379
0.193415
2.27706
1.09915
0.610509
1.07697
0.769778
0.870691
-0.0661169
5.65723
0.430897
1.43267
-0.830931
0.685682
0.561375
1.53493
-0.138864
1.20802
0.518264
-2.10593
-10.0511
-0.34773
-16.3976
-0.671904
-1.04539
-8.96199
0.151176
0.580826
-1.49863
-0.0840068
6.26028
-5.88418
2.70331
7.52842
0.422342
-8.57802
-1.17553
1.6818
0.184116
-0.721745
0.321636
-0.0286461
-6.40179
1.05196
-0.181803
-0.0831205
0.203842
-0.0687823
0.329706
-1148.98
-0.442204
0.00459354
-0.328754
-0.622367
-1.71478
-1.55533
-0.532224
-8.1763
-1.10894
-3.11274
-0.0638166
0.362283
1.02136
1.5871
1.04283
-0.95929
-0.556941
2.09034
-0.614464
-12.3989
-0.264842
2.12204
1.02606
6.3692
-0.00397554
14.642
-1.15169
-2.71555
1.42119
0.031297
-10.5082
1.60607
0.0920501
9.67413
0.354088
-3.41283
0.272599
-0.938953
4.85112
4.01846
-0.865426
1.83034
0.723593
0.574379
-2.37218
2.00858
-2.29334
-1.4021
-0.439953
0.123016
-0.143419
4.74801
-0.274108
-0.867864
2.63764
0.624531
-1.79271
1.4676
-1.02539
0.157107
-1.11109
8.81613
0.0333011
1.10153
-2.11866
0.880383
7.93547
-1.68844
-43.743
-5.56205
-1.83762
0.459466
0.143642
0.190362
0.302001
-0.913954
9.38196
-0.212017
-1.95938
-1.92083
3.42306
-1.04499
2.46504
-0.496637
-3.16603
-1.40383
0.699991
-0.0238665
-1.52841
0.307689
0.0455372
1.99631
-1.10678
0.127224
0.246423
-0.492925
2.03721
-4.02023
-0.871575
0.780276
0.596493
0.912838
-0.833526
0.286497
1.83961
-7.34386
1.75582
-0.0261203
0.216102
15.1905
1.68925
0.933483
-0.668285
-0.0325977
1.96339
-1.1617
-0.889573
-6.17103
3.68537
-0.607608
-0.502281
0.106362
-0.303013
-4.78212
-0.300741
-1.5105
-1.85847
2.00643
-0.0897188
1.30743
-1.00527
-1.08101
-0.229291
1.1907
-3.30823
0.439891
-0.711215
-0.273402
-0.473261
-0.31619
-4.34832
10.4096
1.42709
1.17261
-0.0891549
-0.0641317
-3.23272
-0.892674
0.197532
-1.01402
-0.237549
0.108102
0.0509731
0.532867
3.5254
1.30299
1.09499
0.385898
-10.9098
0.2524
-1.53628
-0.468172
5.95277
0.61861
-3.1811
2.18055
-2.22958
-2.97103
0.530539
6.14518
-3.20528
-0.143751
0.746937
0.32918
-0.02151
-0.273476
-0.10985
-1.01132
1.75003
-0.745795
-1.96209
0.30467
-0.794864
-1.3773
-0.121728
-18.173
-5.81579
-0.214198
0.22543
2.09492
1.4544
0.535071
2.48802
0.44745
2.44735
2.30562
0.951493
0.285835
-0.297494
-0.433785
0.740318
3.10754
-0.764016
-0.353554
0.309028
-7.56468
1.03037
3.36797
0.596771
-0.478064
-1.67979
4.6313
4.88973
0.74118
0.914801
-6.24864
-8.07282
72.2824
2.21882
-6.3734
0.897105
1.09485
0.717666
-1.11169
0.712519
0.763064
0.446327
0.441499
-1.06754
-3.31677
-0.130544
1.13669
1.16277
-5.81124
-1.93723
-1.0722
0.31651
-0.997635
-0.406624
-3.66264
0.391586
-13.6352
0.780178
2.59616
-2.45835
-8.04093
-4.02676
0.804199
-1.19122
1.5111
-0.936045
0.142686
0.234575
-0.282202
-0.952296
0.292879
4.62468
-1.89183
1.10903
-1.02915
0.914878
2.41888
-3.24541
0.638955
-3.88977
4.72505
-0.381113
0.0523532
0.623782
0.940338
1.30837
-0.296439
-9.49354
0.778887
-3.02237
-0.27509
11.0288
1.32727
-1.28196
-2.71237
-1.82717
-4.18705
4.16642
-2.77689
-0.296926
-0.0745414
0.241074
0.157858
-3.99089
-0.0414642
-1.12681
-0.534785
-0.203225
2.90472
-0.298872
-0.67742
-4.82611
1.47005
-2.7162
2.28312
-1.82853
-1.63546
-1.24738
0.619339
1.00049
-0.0508201
-0.261637
0.739343
4.43373
0.188889
-5.97767
0.727805
-5.60434
-0.738774
-0.0110498
-3.23479
1.47016
-1.75322
-1.92347
-0.042428
1.68655
-0.299302
0.832425
6.88155
-1.74452
-0.494981
-0.200649
0.242912
2.29628
0.103559
0.951132
1.24499
-1.80261
-0.431264
-0.93832
1.76202
0.47794
1.79553
14.2578
-1.10136
0.0334286
-0.0766116
-2.06408
0.218654
2.55433
4.34039
0.662385
-0.013033
-0.741755
3.88146
0.0127969
0.0917866
4.60365
0.402102
-8.23233
-2.15896
12.5547
0.244445
0.538286
2.41404
4.38853
0.262427
-0.118696
-0.988546
3.46229
-11.1086
4.05935
2.08792
0.131023
0.636692
1.33341
2.65871
-0.104006
1.63571
-0.194505
-1.47676
-22.9478
1.13154
1.89376
1.33471
-0.457716
-6.36015
-2.9334
0.343676
-4.03223
-0.622328
0.220045
-4.68906
-3.25796
-2.2446
-0.985994
-3.82574
0.407039
-3.7017
-0.127705
-1.18918
-8.34833
-2.58513
9.46466
-0.932773
-0.951386
-1.52412
2.84494
-0.0769373
1.95764
1.5559
-17.0257
1.59432
-0.1907
1.15637
-1.51181
1.45159
0.755044
-1.93388
-5.66107
0.413948
-12.8281
0.879394
0.708032
-0.87158
1.5883
83.0454
19.8564
-1.65974
2.71473
1.16195
3.53643
-1.11084
3.57066
0.68622
1.34797
4.08659
0.646047
-0.0428272
-1.16902
1.03565
1.04301
0.340247
1.44754
0.151463
-0.375289
1.87809
1.58356
-1.00461
1.20826
-3.45815
-0.384308
0.65142
-0.887643
-1.68034
3.28969
0.130333
0.43075
-0.370097
0.997045
-0.665522
-3.80978
-5.73909
10.9076
-2.85756
-0.692962
-2.89511
-0.712407
-8.27636
-1.51503
0.0456087
-4.5686
0.0377556
-1.516
-1.69713
0.510696
-1.79627
0.0917891
-9.11914
19.8084
-0.851107
0.156941
-4.74414
-0.688129
0.335807
-0.102471
-105.299
-2.18838
2.25914
0.554153
-0.747469
3.36318
-2.95643
6.15944
-0.565857
-0.627054
-0.550017
5.55667
-0.893212
-2.39419
-1.02252
-7.98979
6.80657
-0.0314449
0.449201
-0.314334
1.37929
-0.250975
1.1651
-5.87656
-0.871581
-0.493496
1.09477
0.230917
2.89892
-0.195808
0.408868
-19.3481
1.43393
0.188036
0.0158289
-3.20364
27.7975
0.945243
-3.57034
-2.20128
-7.68747
-0.306601
-0.0630508
-0.184008
0.450741
-0.532274
1.62128
0.415295
0.653885
-1.03115
-1.36981
-0.0831139
-1.74639
0.529726
0.536149
1.76051
0.450316
-5.99803
-1.31912
-3.08696
-49.2175
2.51983
-2.30678
-1.83098
1.59723
0.855947
7.50878
-7.42403
0.715415
2.81108
0.840211
2.2325
0.820672
-1.4661
0.444585
-3.06223
-0.034327
0.361609
-1.12714
0.309896
-1.86285
-4.71527
-2.39225
-0.848419
0.0150642
46.9446
0.639975
0.194528
-0.690873
3.22616
-0.472222
0.365575
-1.13768
1.01347
-0.228865
-5.33451
0.775701
0.753277
-1.76726
-2.24908
0.241753
0.806803
7.30457
4.44837
2.18067
-4.96139
-0.514211
0.684058
-3.91274
0.158497
0.482437
2.07062
-0.375548
2.03444
86.5342
-0.913775
-1.27454
8.37781
-0.0636622
-2.36936
-2.32579
0.327688
0.0188543
-3.11555
0.087519
-0.810617
-9.85579
1.152
16.7968
-4.89778
-1.30288
3.99554
2.80285
-0.145536
0.423599
0.513028
0.949965
7.38333
-2.83934
-6.05626
-2.23806
7.78114
-0.810498
19.7903
3.58306
-1.0109
-0.78876
0.0225659
1.91942
0.89278
-0.715118
-1.48443
0.0375697
-1.89102
-4.04641
4.2431
-1.33412
-0.098937
15.2715
-1.99537
-0.508105
-0.782832
0.453576
1.19813
1.58104
-5.26375
-0.244023
-0.279529
0.442318
1.33752
1.22202
-3.1869
1.84528
-2.36968
-0.264565
-0.267532
-2.31737
-0.290733
0.786473
-2.83961
-6.09376
0.844069
-0.351286
-52.5899
-5.51424
-0.340686
-0.602086
-0.740975
-1.40107
-0.642135
-7.64649
-0.69429
-0.227115
-1.15433
-0.144613
-0.458999
0.745522
-1.26501
-0.0784437
2.12586
-0.828043
-2.13415
3.42552
-0.326413
-0.203572
0.0940557
1.24298
5.02304
-4.24719
0.902179
-14.5495
0.202286
3.47719
0.955332
0.620691
-26.6376
-1.04487
0.64672
1.37833
-1.35081
0.833114
-5.44034
0.802898
-0.490286
1.49962
-6.70695
0.513489
0.536497
-0.632184
1.08136
-8.80232
-0.204054
2.88481
-0.12795
12.491
-0.352393
-3.8635
-0.0266309
-2.09762
-5.34076
-5.18164
-0.920147
3.21642
-0.230363
-2.81283
-1.16652
-16.3655
1.4998
0.413535
-0.642796
-1.16898
-0.534573
0.634149
-1.43479
6.29007
5.85442
0.388539
-3.81822
1.23788
-0.0987041
0.817864
10.0232
2.12056
0.028732
-0.493383
0.00198642
-5.57149
-1.42064
-0.785948
-3.48261
17.8438
1.31652
-5.76842
3.36085
0.539593
-3.69966
0.0216548
-0.241337
-113.488
6.2663
-4.44763
-1.18957
-0.442601
-0.0204497
-0.491416
0.226276
1.29776
-0.747143
-0.216671
0.651601
-1.94557
1.86783
0.955078
-0.0499053
-0.506037
-3.75137
0.34546
0.901487
-9.73052
0.1727
1.71819
1.51965
0.128437
0.293728
6.54337
-1.18165
0.482548
2.64954
-0.829613
-9.36833
0.81898
-0.540214
-1.34616
11.0904
-1.06447
-9.3324
2.97428
1.94567
-0.480864
-1.82433
5.79395
0.48002
-2.67596
-1.52367
1.07978
0.709505
6.52947
0.791477
1.00767
1.08926
-0.703658
-0.96486
-3.71015
-0.369409
8.14155
0.893449
0.796268
-0.455893
4.02497
-2.91023
0.565776
-1.13175
0.11688
0.445682
-0.433341
-0.659819
0.448412
-0.787685
3.39781
-66.0197
0.374538
-6.60751
0.569491
-0.722664
-19.9289
-0.467913
-1.04473
1.60539
-0.567982
-0.941895
1.36403
-0.969274
1.93691
-7.45223
0.958391
-0.128674
1.08928
-0.505788
0.721797
-3.27581
0.280933
-1.0941
-1.61412
-0.658276
-6.36834
-0.705668
0.130384
0.909739
-0.230099
2.81405
0.150129
-0.206076
-34.8289
0.0407974
-4.49161
-1.50166
-5.25157
-0.573285
-5.4258
0.64845
-0.00468111
0.700484
0.263969
-6.72417
0.0397121
-0.228996
-4.99278
9.79608
0.122021
-0.745376
0.0127399
-0.409032
-0.32405
-1.43439
-0.0937058
0.321862
-1.90517
0.898677
-0.0371029
0.831166
1.03709
0.868227
0.830355
-1.27712
2.21208
-5.12756
5.11402
-1.47589
2.49656
-0.573726
-0.81412
-0.193773
0.714565
0.181508
-0.214061
0.204032
1.02803
0.142837
-2.0427
6.98756
-0.445277
-0.0467724
-3.4038
-0.312457
0.566742
1.91128
1.13613
1.61297
-4.01651
-0.831961
0.401166
-1.1435
0.936428
-6.07139
175.869
3.27173
-0.880361
0.083583
1.77603
0.381694
0.780031
1.2991
-0.291831
-0.279187
6.00901
-2.38218
-1.62783
1.84838
3.47917
0.150351
-20.7221
-1.61572
0.0782706
0.706204
-0.0512126
-4.53871
0.786324
-0.929752
-1.15704
6.59587
0.0166017
1.15434
-0.0478357
-2.22288
-0.258904
1.07811
-2.10249
-1.07096
0.13387
-0.215492
2.42199
-1.6011
-0.351639
-0.127116
-0.937937
2.17659
-21.5784
-0.953551
-0.529496
3.31195
0.550235
-0.929398
0.678824
0.60173
0.170251
-10.2427
-3.9991
-2.72051
-8.74545
52.8129
-1.96234
-0.387538
1.48288
0.870836
1.14127
1.80935
1.28675
0.704341
1.35773
0.403259
-0.0505189
-1.65011
0.550428
-1.16082
5.9025
1.3503
0.00674681
-1.02902
0.441327
-1.3546
1.25098
0.810955
-0.159941
-2.27654
-0.101298
-0.130984
-0.224792
30.7118
87.2978
-0.166606
0.826973
-4.23408
0.335837
-0.100224
-0.565977
-0.451559
-0.817769
0.212992
-1.44091
-0.92506
0.805744
0.53295
0.476363
176.342
0.73545
-0.252619
0.282597
-0.176154
-0.631842
0.864325
0.868682
-5.17127
-2.43661
0.475772
0.413198
-0.709178
-0.949105
-0.112049
2.70453
3.86103
0.305575
1.97175
2.08132
1.10887
1.75282
-3.83582
-1.16486
-0.154144
-1.68666
-0.0598148
1.74026
-1.72672
-0.641122
-0.906244
-21.221
0.333576
-1.15183
-2.054
-5.59898
1.62842
15.8314
-0.0551168
2.29334
0.902672
0.0208515
-0.540165
-0.384954
-0.520774
2.75995
-1.21881
-3.34297
0.391732
-1.34707
-0.583948
-2.3726
-0.44368
-0.191572
0.389262
3.67288
0.743639
-1.25924
0.0235807
0.498939
0.110003
-2.40875
0.107998
0.408901
-0.186044
-5.27816
0.971554
-7.52637
0.69985
-0.675205
-4.89521
-73.231
-1.30355
-0.0939442
-8.49554
-2.0931
-0.953861
0.275475
0.329167
-5.84269
-0.36027
1.21488
0.0676629
72.3742
-0.0356713
1.28477
-0.479969
0.888205
0.382753
-0.243106
0.784581
0.527131
-0.568602
2.63167
-21.5147
-0.168004
2.99206
-20.1634
45.8623
0.739346
-0.890816
-3.73511
-2.94061
10.9698
1.11679
-2.26892
-6.29176
-4.51318
-0.253206
1.04193
-0.0661343
3.55098
-0.144923
3.23417
-0.034399
-0.351642
-1.76869
2.10219
-0.18606
0.0633648
0.697179
-0.304692
0.948439
-2.2958
-1.33113
-3.58195
-39.8329
-9.3873
-1.19668
8.04084
5.20855
-0.180343
-1.5313
0.286518
1.16159
-3.68397
-0.719521
-0.139868
1.56967
-2.99705
-35.5893
0.152664
-0.724731
0.753624
-1.0705
-1.15518
0.0494997
20.638
-0.0113124
-0.657529
-0.0698744
-0.0260954
-6.38573
2.69944
82.2903
0.307116
1.02297
-2.91243
-0.0341004
14.3009
-1.32762
0.906514
0.405943
5.31915
-0.267795
0.279823
-0.582092
0.193851
-1.43111
-0.761837
0.850944
-0.478949
-2.40129
-1.06025
0.257027
3.13989
2.20545
-1.88275
-0.626408
-0.485395
-3.56468
1.69387
-0.603513
4.02735
2.87682
0.763384
-0.86425
-1.10735
1.68543
-0.44422
18.0787
1.01787
-5.33144
0.246892
-0.0688298
0.320613
-686.408
-6.39534
-0.976948
3.94066
-0.402645
-0.627022
1.43885
0.595737
4.60023
6.50022
-0.837753
-0.364268
-0.416282
20.9009
-3.70866
-7.86328
0.515334
-0.587463
15.5801
0.374499
-0.721723
4.59671
-0.206943
-0.0623034
-10.3657
-1.18049
-1.56417
-0.221679
1.38973
1.99011
0.320661
5.6069
-11.2468
0.374927
2.30885
-3.89501
-2.96984
-9.59259
-0.296292
1.86777
0.753361
0.570396
14.5714
0.238717
1.85515
2.78146
0.103873
-0.972277
-13.7348
44.8744
-2.19827
-7.00547
-2.91226
-0.25685
1.76185
0.930105
-1.73219
-0.691329
1.38748
-0.157783
8.49688
-2.11539
5.93989
0.00482125
0.547965
0.881651
0.514035
-13.5817
0.0657848
-4.17963
-0.288039
-3.08501
-0.473459
-4.5211
0.507124
-2.28971
-0.101195
1.13014
0.530954
-0.24862
-0.28512
-1.22767
41.0382
-1.65074
0.163625
0.138023
3.92133
1.46249
-0.0835539
-0.173756
-1.15318
0.34624
0.48525
-0.505169
2.7616
5.30693
0.353827
-1.75562
0.252654
-0.541995
-0.707337
1.70833
0.0193945
0.437428
0.389283
-1.35395
-0.395887
2.67194
-2.24842
0.100811
-1.22732
0.261268
1.01472
0.00497235
-1.62202
-2.43665
-0.935864
0.465178
1.79113
-1.0383
-0.323312
-2.56788
-0.959945
1.83825
-12.9773
0.594094
-2.03361
-2.98875
2.94517
-1.03222
-1.80806
0.797622
-2.79766
11.1027
0.82833
-0.465947
1.00714
17.6862
-1.20115
-1.4072
1.05117
1.05178
0.0228592
0.627328
-3.01627
-15.0185
-1.23623
-0.519613
-17.6405
2.77215
0.700904
0.126249
-2.63839
-0.85865
2.11921
0.0356892
-1.16455
-9.69635
0.390628
-0.00280173
-0.477925
-0.423069
-2.49221
-0.196646
0.758002
-2.22724
0.907931
-10.6699
0.372906
-0.704677
2.06597
-0.459408
0.97675
-0.869566
463.332
2.12725
-0.422968
-0.422092
-0.349731
-0.411334
2.31219
0.379005
1.23117
2.97962
-1.96729
3.09102
0.893957
0.235694
-0.00653172
7.80512
-0.272771
-91.1382
0.654012
-0.973268
-18.8519
0.393268
18.7134
-7.55416
2.46917
7.76275
-3.09896
-4.54884
6.12953
-0.15036
2.77736
-0.533981
0.931749
1.56289
-14.8418
0.253399
1.20446
-0.941632
1.74573
3.39756
0.346019
0.0336158
-0.471291
0.712301
-0.785331
1.04431
-0.039166
0.153836
-1.16519
-0.453312
2.62329
-1.14777
1.45152
0.38709
0.981362
1.38775
0.223121
-0.93849
-0.445721
-0.531759
-2.03713
8.31498
-0.452402
0.127887
4.12777
0.550094
-238.633
0.0464048
-1.03414
-6.65999
1.06631
-1.15234
0.0475678
0.284963
-0.325088
-3.55323
0.542697
-3.09976
1.21827
1.87394
0.192251
-1.45668
3.38337
10.1794
-4.71158
0.132004
0.950607
-0.411532
0.117654
-0.536038
5.55303
-1.42092
-1.16002
3.86553
-0.16921
-2.88894
-1.70946
16.1785
15.0822
0.132617
0.422756
-0.89872
20.4153
0.218998
0.385248
-0.778726
0.382547
1.07423
-0.66301
-0.684366
-2.87618
1.23246
-1.07801
0.246651
0.106038
-1.32342
1.6541
-0.309593
-1.33785
-0.63248
-2.29423
1.04931
-0.370942
0.223683
0.0135739
-1.27803
1.48964
-0.286279
-12.3738
-3.03467
-15.9295
27.481
-1.80083
1.07353
-1.52456
-0.00336298
0.829141
0.834822
1.59375
-3.01748
-1.54642
1.58267
0.182613
-1.40421
-1.17268
-7.02403
-0.679582
-1.47623
-2.54694
1.79338
-0.465073
2.72129
1.76067
-2.90501
-0.597595
-0.959735
-0.33414
0.5367
3.16105
-2.13142
0.464241
0.125476
-17.7788
-30.4357
3.43818
-0.0657
-3.42982
-2.61225
0.594397
0.0670693
-0.0853314
2.91973
-3.24508
-0.0133448
-0.133432
0.80494
-44.7757
0.323336
-0.67074
-7.76437
-1.99886
1.54407
0.0985927
-0.95068
-1.00727
0.607334
-0.152546
1.80677
-1.66947
0.478632
0.677078
2.8114
-1.60801
0.342063
2.34708
0.0103236
-59.9988
0.300073
-2.40121
3.34267
-1.95552
2.94202
1.16688
0.61129
2.5301
-26.3435
14.8885
-2.01021
-4.20721
2.15404
2.21256
0.0548836
-0.711856
0.063452
0.606618
-0.238896
-0.0182913
2.83958
-0.472361
-0.803747
-1.03414
-1.12394
0.228337
1.20293
0.868267
5.93655
1.82989
5.87948
0.618142
-0.201459
1.18994
0.271519
3.14873
-1.40226
-0.721795
0.138726
-0.682895
-0.558366
-5.86537
0.392291
2.14653
-3.29538
6.25757
-0.505661
1.17103
0.893878
0.332318
1.33737
0.295934
-0.342878
3.8254
-0.591637
-0.104167
1.99875
-1.12714
-0.266854
-0.397165
-0.0122765
-4.29721
5.74978
-1.06413
-1.15349
-0.897775
-0.664639
1.80819
-1.63275
0.727934
0.347019
0.645808
0.987788
0.972817
-1.1386
-119.717
-20.012
1.77059
5.69066
-0.894066
-0.631148
1.28278
-6.42826
-0.749576
0.748677
0.390412
0.64627
0.277502
-0.477508
-0.717129
8.22892
-0.729938
1.35878
-0.470956
0.678479
3.43658
-0.265895
0.320263
-1.19605
-2.595
-11.511
0.190521
11.0018
-2.51951
-27.3399
-0.344868
-2.89004
-0.0238051
-0.456739
-0.784923
-11.7771
-0.596156
0.398041
0.859202
105.853
0.0194378
2.26197
1.74616
0.249391
-1.3552
-1.50889
-1.03359
0.232615
1.38963
-1.65179
-0.664672
0.798602
-2.82493
1.13713
-0.297979
-0.00922897
3.54547
0.778125
8.64555
1.25218
0.520095
-2.55196
-0.687979
0.0279064
1.51004
1.0717
0.141741
0.284369
-0.273951
-0.324343
-2.11209
1.44192
0.805426
-0.383541
-0.179679
0.0129434
1.69599
-0.793955
3.6121
1.61796
0.850868
0.639684
1.0603
4.23201
-30.2723
-7.81548
1.21043
0.876003
-2.19344
-2.18761
-0.437451
0.623758
1.05174
0.692461
4.84811
1.99823
-0.0793747
-1.24181
-1.66543
-12.8963
2.18411
1.26056
0.142642
1.70155
-2.25944
-0.629738
-0.307093
-5.24835
2.93312
-3.94454
7.16977
1.32002
-2.84941
2.33134
6.70254
1.12711
1.33619
-6.256
7.07843
-2.01045
9.73911
-0.773918
0.536803
1.48482
0.0181853
-0.879647
-0.086549
-20.7576
0.611132
116.992
-2.19817
-0.501235
-1.69136
0.0923622
-0.791333
-3.12855
-0.423738
21.1168
-4.88007
1.25805
0.1538
0.0262403
0.497202
0.617995
45.0007
1.46305
-1.86487
-13.5254
1.8452
-2.71114
0.642579
2.9851
-1.57301
1.0433
-17.1807
0.111067
-0.479726
1.02342
-1.50413
0.0985961
-0.811727
-0.0938039
-5.40462
0.410846
0.0467307
3.67068
4.81559
-0.945946
-0.291598
0.418499
-59.2289
2.99578
1.24814
0.0798933
-1.05751
107.615
-0.276965
-1.12386
-2.24086
-1.00059
17.475
0.0790882
-15.5762
-2.2916
-0.0196826
-0.6102
-2.96636
-0.437838
1.13899
-0.528264
-0.767098
1.40169
-3.61806
7.18641
-0.269528
-0.183202
0.409566
1.86203
-2.36545
0.192637
-0.718721
0.133071
-0.665503
0.468588
-0.584606
6.54334
-2.39851
-1.7883
-3.99187
-0.443104
2.22994
4.33304
-3.30045
4.10956
-0.226037
-0.603793
-0.250223
0.973924
-3.09869
-2.13807
4.22213
-1.23838
-5.77514
1.11387
1.96651
2.32692
1.1969
0.595805
-0.0165673
-2.4107
0.86143
10.5827
22.5829
-0.178834
-0.858545
0.312665
2.09223
0.161508
-1.72937
-1.23444
-4.33772
0.0784024
5.03311
1.71931
0.806135
-0.127973
-0.9263
0.815911
-1.65305
0.505804
19.9969
1.04313
-0.430655
-1.06715
-1.05504
2.92811
-2.94355
0.405108
-0.454682
-3.81666
0.472762
-1.03453
0.279514
2.79363
-2.96153
0.430868
-0.607812
0.141677
0.420576
1.14616
0.486919
14.9066
-1.34803
4.25116
0.283391
-4.63408
-0.153255
0.555903
0.834612
-0.882214
3.48039
-0.0851725
1.0751
-0.749523
-0.392676
0.807478
1.53452
-0.287627
-0.72127
-0.383226
-10.4467
12.6156
-0.385877
-0.694077
-6.30355
1.28398
0.0352252
-7.0278
0.217704
6.14619
-3.63418
-0.332197
0.273146
3.11578
-1.22292
0.42135
2.26813
1.13017
-1.076
-0.889891
1.26556
-1.07046
1.23656
-0.187316
-2.56029
-1.83491
1.18038
4.32095
1.30716
2.19795
1.28533
-0.253747
0.915069
0.594203
1.62576
-2.04326
0.549747
1.44505
5.61251
0.138503
0.0742436
0.146841
-0.0434402
-0.198523
1.74897
0.251304
-0.752548
-1.13573
-1.30674
-0.747644
-1.11086
0.526268
0.424609
-2.05903
2.29317
8.30729
1.20504
-0.0852028
-2.33627
3.01564
-1.55392
-2.19148
-0.850188
2.06586
6.53022
0.0432625
5.10001
0.22384
-0.0402022
0.733358
0.62723
0.556606
-2.37598
-38.6944
2.73924
-1.1667
1.49266
5.3246
0.60068
0.677119
-0.376268
-0.557442
6.15734
-2.01427
1.06652
0.242827
1.10554
8.85192
1.39813
2.34563
0.201135
17.3546
-0.503916
2.99974
0.916035
-0.198306
0.179211
-17.9286
0.354827
-2.94033
-1.37193
0.631484
1.65459
0.149711
-0.255198
-1.23915
0.0956989
-2.68818
-0.493549
3.62675
0.163641
0.517314
-1.24262
-1.63588
-4.19146
1.25567
-0.234577
0.516597
9.1521
-0.34645
-0.0558614
1.32414
1.72363
-2.674
16.9799
0.416716
0.0327408
0.398209
-2.2637
-3.15726
-0.0314612
-1.62843
-3.12441
2.33068
0.0138611
-0.341048
12.1535
-1.78899
4.12613
-0.493116
8.44406
1.88382
2.63636
0.06668
-6.09378
-0.301234
2.62357
-0.0225201
-2.2913
-0.390317
2.64419
-0.58866
1.15131
2.69785
0.588143
41.2971
-1.00848
-0.11037
-0.951549
-2.15631
-0.125222
3.39606
130.067
1.18981
-2.58095
-3.77876
-1.16611
2.08615
-0.985172
-19.9596
-1.34555
0.0694725
4.12011
7.09451
-0.812905
0.690036
-1.1534
-1.12155
-0.606803
-5.2655
1.45583
0.412831
-0.62185
-3.56589
-0.96751
-0.60228
-0.0639684
4.63259
0.207
207.142
10.2151
-0.804219
-2.16441
4.91712
1.04621
0.21201
-1.21725
-0.0453304
0.201164
5.48047
0.131322
-0.175064
0.664775
0.568621
-0.16335
1.52468
0.470731
11.9377
-0.190016
0.596631
-0.233752
2.08573
-2.26728
-0.323334
-3.33658
0.303684
-0.613746
1.37453
-1.62068
1.28194
-1.14596
3.03319
-0.122221
-0.645732
-0.124642
2.83251
-0.0418953
-0.368756
1.17096
-1.08945
-0.546623
0.103258
-0.552656
-20.2481
-1.38765
0.135676
0.583046
0.834543
0.411326
0.215318
0.447416
-2.79824
4.8989
2.08793
23.5538
-0.809219
0.905359
2.66275
1.94135
2.16348
-1.30246
0.932102
0.837973
-0.16002
2.1455
1.04153
1.90371
-1.32327
1.05462
-0.691877
-0.348643
-1.21683
-1.79148
-0.346793
13.4565
-1.21922
-0.815055
-1.12332
0.656155
-0.0806135
0.182661
1.22747
-0.136647
-0.233329
-3.10351
-2.6261
-1.76804
-0.698254
2.33185
0.653125
0.97591
1.64242
-0.559598
-0.447709
6.25139
0.192175
-580.274
-1.53688
-0.161641
-2.62241
0.737759
3.25249
-0.722856
-112.398
-1.14004
5.50606
-1.09566
4.84171
-4.76232
0.775859
0.573598
0.24279
-0.810029
-1.656
-0.38664
-0.155344
0.728575
2.08316
-2.44225
2.59994
-0.271931
0.555107
-1.37279
0.279395
-5.22412
0.79479
-0.0941616
-1.94273
6.4296
-0.845136
-1.71018
-35.6742
-1.63417
1.32797
-32.768
-1.68674
-1.69433
0.0909363
-33.2593
-10.4554
-0.209085
-9.5024
-1.81926
-0.650917
0.266429
-4.1538
-1.47511
1.66769
0.597064
-0.274542
-0.211181
0.136522
-6.34221
-1.27488
-8.96065
1.29895
-6.24421
0.318953
-2.23116
0.996166
1.2882
-2.55935
1.45103
-2.41203
0.0970045
-0.377158
-3.07025
2.31502
8.49955
-0.652017
-0.194427
0.3552
3.14433
-0.378228
0.545577
2.43365
0.322487
-1.31009
-0.442365
0.879248
0.354784
-0.52497
-31.5404
1.17382
-0.903125
-0.625508
-0.505485
-1.3199
-4.25183
-1.30704
-0.146182
-2.13167
1.16122
0.240636
46.826
-0.336335
-2.43849
0.124033
1.78083
0.598379
-1.05524
-0.266662
-0.180822
-0.260451
-0.495476
3.46354
1.0249
0.249608
-0.0762197
4.5196
-0.345987
-1.32342
0.157605
-3.0111
1.16011
-0.567146
0.424497
-0.563505
5.92782
-8.78384
-6.71252
0.18629
-0.675389
-0.16123
0.128125
-2.60572
0.134209
-0.683757
-3.59379
-0.599719
4.05428
0.203396
-2.68483
0.576844
-2.70377
-0.69863
-0.49844
1.35366
-0.00520911
1.27001
-0.765795
-4.17893
-0.828748
0.695464
-2.3482
-0.0875719
-1.18418
-3.17323
0.209999
-0.153113
-3.83182
2.39057
1.58192
0.965283
-6.49658
-0.309658
-0.117734
-0.481702
0.142104
1.75119
4.34969
-0.793212
-0.213921
-0.695142
1.22865
0.413692
-2.02872
2.1101
-6.21334
-0.0505812
0.083451
5.49653
-11.4367
-0.698533
0.637427
-2.4561
0.226234
-1.79422
2.67617
-3.06692
-0.527951
1.03929
-0.0260167
3.89014
-1.33101
2.31908
-0.863422
0.34534
-0.402931
-3.73938
-0.700075
-2.21364
-2.64898
0.64642
1.36372
5.39326
1.20582
0.994121
-1.86068
1.37292
-0.316198
-2.92291
-0.584478
-0.542076
3.27921
-2.38657
-2.91849
-0.282099
0.0948135
-0.174295
-0.0767122
-0.0245407
-1.42077
-2.80773
-1.53976
-1.01325
-1.48686
-0.940677
-0.621871
-0.0792473
0.608887
-0.56324
0.255421
0.500949
-7.94357
-2.42856
-54.5098
-0.619058
0.964228
1.43999
0.292719
1.60059
4.87473
2.22954
0.675391
0.154627
4.62901
-0.127102
0.614324
-9.47803
-6.33899
4.29997
6.82637
-8.61451
2.0018
2.6572
-0.594811
-1.11964
-1.16663
0.800646
-1.12725
-1.39172
-0.311522
-5.62951
-1.94256
-35.6679
-0.0324414
-0.616182
0.0701771
-3.92212
2.72721
2.07615
3.05644
0.360328
0.0777668
3.27864
-0.71504
1.52842
0.64527
-3.91094
-0.747513
0.374412
-0.17455
0.398592
-0.525808
2.81673
0.260686
-1.04036
-1.58452
0.231495
-1.23984
0.727529
-5.31633
-3.6945
3.98884
-4.16955
0.232661
-0.377961
-0.11516
-23.2449
0.274665
-2.15106
-2.202
0.464193
5.33467
0.128925
4.02267
0.607171
0.746589
1.76477
-0.00492334
-4.25718
0.0114518
1.5972
-0.833363
-0.69307
13.2051
0.62097
1.94086
-1.54679
0.808086
8.78043
-0.344002
-0.194176
-1.17091
-0.0513823
0.269914
1.26322
-0.647315
0.568432
0.492275
1.41133
-0.295705
-0.273474
0.608092
-0.651831
0.524772
0.289465
0.411242
0.34021
1.25902
0.177385
-0.0908688
4.35068
-1.04396
-0.184572
0.370872
0.0952419
-0.93214
14.2329
0.193097
1.30319
0.420783
-2.53616
1.57858
-0.741726
0.645834
-0.319047
-2.14132
0.99647
-6.38477
-1.32173
-0.534773
0.557591
-1.91064
-0.447353
0.254159
-0.0184094
1.48592
0.27469
0.552928
0.980808
7.97487
0.377511
3.54298
-0.086688
-0.557479
-0.0684826
0.0418497
-0.24544
-2.16071
4.50515
1.14871
0.610676
0.895652
-7.43216
0.881564
-8.72746
5.04243
0.0883857
0.922242
1.95836
1.72066
0.268042
-0.0282201
0.70019
2.12886
-2.68019
1.71261
-0.412818
-2.75048
-9.39261
-0.270632
-0.661145
-0.118452
2.04311
2.89514
-0.932098
-2.85719
-0.556577
-0.0154478
2.13933
0.690143
-2.61624
-6.42809
7.15609
-0.775518
-0.993044
-0.771421
-1.28152
0.718307
-0.410361
2.83968
-1.91455
-0.0824264
-1.43422
0.322687
-1.84313
0.629203
-0.161269
0.524509
-5.45141
-2.34175
-0.807333
-1.19937
0.197028
18.4703
-10.7745
8.69792
0.297926
-23.7347
-0.444137
-0.0452804
-0.149306
10.539
0.784662
2.06665
0.604448
-1.27993
-2.3027
0.736824
0.30744
0.57863
0.0361951
0.395222
-0.423513
0.501584
4.73431
1.05095
-0.585826
-0.0362016
-0.910397
2.38866
-0.166945
1.15087
0.205022
-1.24725
1.45386
-1.84615
-0.425655
0.0513946
0.468005
0.218742
-3.38672
0.759111
-0.846813
-0.395058
1.44453
33.4794
0.326085
-1.16011
0.848443
0.0235343
0.635109
-1.09549
5.1505
44.0408
-7.40236
-1.48246
-4.31516
-0.786423
-0.229397
43.1299
-0.428384
-0.730526
-0.886328
1.33664
0.62333
0.215263
-0.977219
-0.685375
6.4636
675.75
1.14436
0.351528
0.167718
-0.111432
-374.574
0.108546
-0.641568
2.2791
-2.0243
0.944274
-0.284231
-0.220621
-0.416549
-1.76997
-0.111559
3.1713
-1.00224
-7.80843
1.03169
-2.56463
-0.647122
-0.690893
0.487819
1.78219
-0.756906
0.334897
0.256975
-3.1278
1.56681
-3.18996
8.12627
0.740246
0.523091
-0.37062
0.450566
2.19023
-0.0187524
-0.757961
-0.0538636
0.873797
-0.608575
-1.37944
-6.03096
58.9268
-1.87802
1.79956
0.0620695
-0.31957
-1.44386
-2.68305
-0.352101
0.0247596
-0.294268
1.40109
0.0442099
0.339574
-2.78674
-0.549762
-0.802166
2.02062
-0.258554
-0.571963
-0.769216
-0.914895
-7.58285
-1.09611
0.369336
0.1195
26.9022
-0.0879612
-0.88121
1.70074
0.0834623
-4.90981
0.724851
-2.33044
-0.00160134
-1.05553
10.7809
1.09582
0.417082
-9.1111
3.79668
-26.0959
-0.886316
2.70708
3.65695
0.137718
-3.7502
18.002
-2.44045
0.101483
-0.413294
-1.40889
-3.74732
-0.252212
-0.12762
-7.51791
-2.197
1.09122
-1.15489
4.46927
0.262963
-1.47394
1.72944
-0.107942
4.71794
3.9662
-0.974831
14.1253
-0.916626
1.48135
-0.42271
-0.787193
-1.64605
0.21016
-4.50312
-0.27007
-0.974023
-3.43764
-1.75434
-1.82152
2.58613
-485.051
0.143166
0.118189
-3.35777
-0.325222
0.919149
85.0203
-0.0667248
0.369896
5.30638
0.449141
1.27431
0.0637976
-0.486623
-1.6945
1.1067
-3.89067
-0.621617
-0.0421615
-0.57486
-11.6233
-3.29494
0.443996
-7.49488
-2.72642
1.10444
-0.652061
-0.117854
-0.155268
1.41569
-0.942417
-11.0814
-1.70753
1.61491
51.3272
-0.528808
-0.960939
-0.448353
-0.25329
-6.41851
-1.83806
-0.344737
3.54656
1.87681
-0.617803
-0.98483
0.337949
0.575374
-0.0705583
0.350248
-0.215479
-0.279175
-1.69871
-0.65167
-3.07569
-2.05434
-0.721503
0.729951
0.86389
-0.597634
-88.0614
-5.53521
-0.52903
1.51198
0.647059
66.1854
-0.950914
-0.715106
2.4346
3.0378
-1.4747
2.39701
2.47203
-0.657514
-1.21771
0.328484
1.76595
-0.11969
-0.25002
-2.28402
0.932894
-0.945462
-3.65506
5.75968
0.427613
3.43474
-0.555706
1.01291
0.580941
-1.2163
-2.49019
-12.3755
-0.471508
-2.28386
5.71176
1.25143
0.720173
-1.16095
0.346855
-3.32252
1.24307
-14.0554
0.543963
1.61481
2.45812
15.4299
-1.27053
-4.10672
0.0599767
-2.43073
0.187253
1.11148
0.193265
-0.90501
-0.963829
0.158066
-1.19367
-4.37686
0.818337
34.3243
1.42258
-1.92864
3.66693
1.5598
2.87274
-2.34165
-0.612925
1.33543
0.372451
-3.61351
2.31164
-5.55654
-1.20862
1.04767
1.15843
1.68075
1.91509
0.277501
0.278125
0.694501
0.640527
-0.140798
-1.71379
0.0280027
1.05342
-0.302863
-0.964453
0.527993
-1.80596
-0.516601
-1.06178
-8.30896
0.0874559
-0.45464
-0.0339561
-0.912758
0.183312
-1.70079
1.65681
0.247886
-5.39348
0.439529
9.25297
1.51324
0.963779
-1.5456
1.14012
-3.77502
-0.604836
-5.20021
-0.559508
0.375221
0.659975
-67.971
0.710827
7.40752
3.85853
4.91446
-2.35497
0.740048
0.0814372
-1.78867
0.189696
0.10147
-1.72202
-0.220426
1.50454
0.955162
-0.267579
-3.08614
2.14291
0.0620139
-5.58495
3.95221
-0.394037
0.435274
0.675163
-0.449891
-4.13077
2.40107
-4.78484
3.14798
-1.99591
-2.14424
0.434261
4.2366
-1.0466
-8.03901
2.36991
1.22638
-1.01221
1.64792
1.13167
-1.05616
2.28986
1.30444
3.78958
-3.88581
-0.32634
-1.96683
-2.67531
4.69072
0.939069
-0.303561
-0.43064
3.80237
-3.38118
-1.08253
4.684
5.33391
-0.128292
-1.10178
3.55054
-0.901433
-2.3107
-0.621678
4.02713
-0.25319
4.30066
-0.377816
0.900308
-27.4283
-0.695333
1.88408
-1.48943
-25.4893
-0.68721
11.9316
-6.7226
-0.61093
-0.124427
0.791315
-0.723906
-0.286375
14.6134
0.749345
-0.997406
-0.712605
-0.213444
17.9798
-1.2895
0.646593
0.172378
-0.587746
-0.134697
-0.490539
-1.63295
-4.9663
0.595395
-0.365292
-2.78823
0.0691399
0.457873
0.454979
6.19039
-0.285431
2.13503
0.0881523
0.187255
-0.260654
-68.2394
-14.6836
-0.518255
1.60363
-0.0027733
-5.59916
0.27157
-13.7725
3.35294
5.01552
1.38644
-1.31481
-2.67595
-0.196922
2.77489
0.638359
-0.208539
1.15816
1.16793
-1.2193
1.37278
0.281176
1.54687
4.53799
-0.341357
-0.984513
0.152492
-1.08167
-3.63281
-1.20525
111.034
-6.46405
-0.0895576
-3.24901
4.44306
-0.057779
-0.370203
4.57446
-0.223603
-0.739434
0.70296
6.67168
6.24352
-31.0293
-0.691711
-0.382113
-1.26552
7.04717
8.31608
0.422429
-0.339309
-0.361893
-2.19499
0.942895
7.60032
-0.100822
1.34482
-14.9361
32.6236
0.750932
0.369847
-2.07841
-7.41768
-1.00637
-2.88574
1.37279
-1.28527
-0.176382
0.960564
-1.1973
1.06965
-0.234399
-1.25818
0.716126
-1.4325
-6.09816
-2.88429
-10.6446
0.341888
1.6381
-0.491618
40.3785
-0.986718
-0.59648
2.6033
1.60039
0.513023
-0.468443
-0.0201854
-0.320956
-0.525504
0.213099
12.3814
3.55522
-0.366523
0.376989
2.32287
0.883161
-0.83217
98.4973
-6.41231
-4.19166
1.61293
0.237247
28.2945
0.499838
2.80591
0.233512
-4.64155
-3.06953
-2.45822
-1.07087
0.986817
3.05245
0.135731
-1.46215
9.25698
34.1803
0.0657869
-1.53369
-0.461158
2.69292
1.34326
2.14033
0.817651
-0.862057
0.430601
0.989542
2.03711
-4.26497
0.0310648
0.935174
-4.00707
0.425578
2.39684
0.621391
9.551
-3.26914
0.245941
-0.51567
-1.5
-0.357237
-9.03365
-2.74214
-0.359016
1.22276
-9.11448
0.713131
-0.124761
-0.496705
3.09174
3.1501
0.432099
1.8478
-0.483689
1.14046
3.7824
-2.96682
4.0199
6.18404
-0.237933
-0.366552
1.71772
-18.0434
-2.73787
0.00583013
-2.32553
0.561656
0.413576
-2.5881
0.569389
5.03543
-0.171824
0.438917
-3.41645
-3.03377
-0.496014
-3.79137
0.0524815
1.52805
0.120882
-0.242893
1.67715
-1.53087
0.334865
-7.31843
-0.0171629
2.88824
1.37119
0.348414
8.75324
0.272424
1.23442
-2.05764
1.29533
-1.85973
-43.0493
-15.6122
-0.539774
-1.52386
9.91054
0.374998
50.7174
-46.9763
0.284547
0.520662
-4.01279
-1.74206
-0.652262
0.49191
0.310845
-0.699168
-1.3404
1.31176
-1.03561
-0.301772
0.684525
0.206701
0.266458
-0.248357
34.3499
0.390636
-0.990109
0.54734
0.0453435
-1.87053
-1.30748
-0.829577
-0.606243
-0.170094
-0.192086
-0.388374
-0.634878
1.87348
-5.21276
5.50225
0.253313
0.403833
-1.94953
-0.416022
0.601785
-3.0814
-0.979339
0.982355
0.877949
0.117029
-2.8094
0.160981
-1.08735
-0.319375
1.13231
-0.00883423
-0.718689
0.752913
4.25919
-4.03136
-1.27281
-0.0993475
-23.862
-0.645526
-7.06973
-7.79335
-4.25102
-5.09479
-1.04107
5.97178
-3.52488
1.92869
0.245977
-1.94878
-0.755261
0.373284
3.19272
-0.827017
-0.284779
1.58258
1.26215
0.650885
0.473681
0.0294912
-3.21516
1.79831
1.4393
0.50661
0.328885
-0.659059
1.32401
-0.198915
1.8148
4.15565
0.165705
-0.962419
-0.0926629
-0.194013
-0.283329
-0.618669
0.597461
6.97583
0.638838
0.146802
0.601416
0.770302
0.149141
0.731289
0.429473
-19.5379
1.14337
-0.784373
0.255805
-0.344322
0.20524
4.72929
-0.0320155
-0.271737
-0.120991
1.18386
-1.52361
0.171647
-0.726861
0.961434
-0.996073
39.9071
25.9474
0.0687458
-3.9062
1.51065
1.07096
0.0112887
-3.69485
-1.71336
1.0294
1.43765
-2.77593
-0.373076
1.34573
-1.03136
0.343815
-0.397436
-0.42371
0.320788
-2.54282
-1.32911
-1.46878
1.47586
2.26648
-1.44883
-2.43887
-98.9026
-3.72058
-0.534152
0.954213
5.14959
-11.6851
0.907035
0.024398
-0.547235
0.207993
-4.10439
1.61831
-1.05241
-2.94894
0.877472
4.38712
0.0725544
-0.30089
-0.225867
-1.60211
-7.08491
4.07255
-0.268208
13.659
-1.48259
-0.891732
-0.835817
0.187955
-2.60997
-0.0642241
-0.765254
0.10309
0.784343
2.39876
0.475855
-0.458403
1.34618
-1.04239
-2.10114
0.29722
5.37605
0.323831
-5.2056
-1.18187
-0.75514
-0.195421
1.97835
-1.36902
-0.0995784
-0.413139
-0.170676
1.4705
0.570682
-0.5245
-8.85319
-1.39872
-3.01401
-1.39759
-0.969125
1.25612
-1.04005
-0.68314
-0.290584
-0.156534
0.293506
0.68358
0.796357
-0.794638
-1.25834
2.40789
0.0518542
-3.89454
-0.570906
0.398432
-0.450618
6.61512
-0.848012
-1.43254
1.85469
-0.206743
-0.187342
-0.34306
-0.370442
-8.40454
-2.02813
1.8843
-1.04358
-0.72835
-1.19863
0.914652
-2.68496
0.89242
0.293522
1.14658
-8.72191
3.67593
8.18294
-0.796008
-0.339332
-1.82124
0.675471
0.561749
0.588345
-0.162211
-0.448257
2.41097
-11.2609
-0.739442
38.4477
-2.64704
-0.55524
-0.70482
1.31606
0.896079
0.260345
-0.0714589
0.192306
4.08846
0.550873
1.3263
105.603
1.18721
0.877863
-0.266131
-0.852671
0.111331
0.356224
-0.323986
-1.44566
0.31732
0.162655
1.31325
-4.12305
-0.192188
0.243787
0.653499
5.38251
-0.728326
-0.379719
-1.30592
-0.147088
-0.045653
2.41415
0.50429
0.959034
0.16857
-4.8965
-0.252405
2.81358
1.38455
4.01702
-1.37459
-1.63406
-0.362807
-8.80859
0.166092
0.243456
0.53439
2.38248
0.107909
-0.0986437
0.639949
1.55023
1.21226
0.648904
0.557631
-3.74944
0.658946
1.09814
1.03969
-0.84177
-2.42067
0.017487
-0.273285
-2.10553
-3.65743
-0.324303
1.53709
0.706359
-0.345509
-1.36799
-3.16968
-0.628203
0.701905
2.71325
1.32894
-0.474099
-0.404691
-846.512
10.5803
-0.446862
0.0784137
0.345926
0.360326
0.143497
1.79504
-0.964035
-0.896017
-1.29523
17.6001
1.59959
-1.12254
-0.590176
-0.548841
-3.20378
0.22309
3.73605
-0.86275
-1.80432
0.508461
-1.19818
0.638432
6.83713
9.58148
-5.24416
0.679043
-0.246357
2.31137
-0.204773
0.725844
-0.899486
-0.769269
44.1355
0.132498
0.886011
0.344941
-0.600372
-0.00665871
-2.58102
0.647777
-0.458786
-0.343337
17.6539
1.50804
-0.113316
-4.56986
-2.16918
1.0686
-3.63777
0.301358
-2.92955
223.924
-2.35867
0.0149412
-0.244097
-0.148086
0.235555
-0.434336
0.792541
14.3748
-1.75748
0.737896
-1.62586
1.79799
9.41679
3.12373
0.714236
0.69664
-1.15365
0.908329
-798.023
0.661101
-51.4236
-3.98138
-1.69248
-0.417272
-3.21716
7.42466
0.322697
-6.4458
-1.23065
1.39047
0.648989
0.0967146
-4.98198
-0.439332
0.439208
-0.0383317
-0.612451
-1.47901
0.116296
-55.5874
-0.249151
1.11008
-0.602319
4.84505
-1.0197
68.1869
4.698
1.58217
-0.301788
1.2004
-0.893925
-1.15475
-0.0978148
-0.618739
-1.59679
0.889687
0.806059
2.2528
0.518429
-1.4135
1.13829
-6.66587
-0.104198
-0.23869
0.281372
0.38157
-1.7055
1.06913
0.433498
-0.164428
0.734425
-0.142659
-0.363841
0.404473
0.416859
0.220882
0.653293
17.3069
0.972098
5.84164
-23.5108
-0.322981
22.6389
0.194394
-2.01963
5.06583
-0.175632
0.208905
-0.415779
1.31962
-6.19835
0.694147
4.28074
-1.13868
1.83116
-0.096925
0.194406
0.564029
8.65828
-4.5759
9.40914
0.411785
-0.273383
-0.305499
0.705843
-5.4242
-10.0257
-6.93287
6.38401
0.874131
-0.484929
0.197069
0.345731
1.34127
-2.67149
3.71067
1.0952
29.3864
8.49762
2.78032
-1.13424
-0.611651
0.20681
-2.9111
0.667548
0.886061
0.996596
-4.77928
0.732912
0.582746
-0.722482
-3.19526
-0.0307178
-45.007
-0.423639
0.125862
-0.196716
-2.53937
1.17196
14.5939
2.99746
0.136893
2.6199
-3.00077
-14.9026
-0.650253
-0.0692871
-17.3321
-0.18202
-0.934286
-0.249335
-0.754593
0.907514
4.18135
-0.144569
-1.52743
-18.5727
-0.203554
2.29377
-0.101795
-0.155543
-0.294256
6.88519
-0.87879
-0.258246
-0.282542
1.16157
1.96321
0.522938
1.32103
-7.56666
2.3794
-0.333146
3.09085
-0.103392
-13.6441
-35.8707
1.45613
-0.343474
-5.33061
-0.400002
-0.463041
-3.44969
39.8112
1.17481
1.08452
0.0313806
0.216584
0.182886
-0.998184
3.28009
0.283937
-2.07112
-17.5297
-0.24087
-1.1635
-1.78012
-0.82542
-1.15755
-0.721244
0.686631
-0.572984
-0.307202
-0.527396
1.06024
-2.35583
-0.243386
-0.68238
-0.508537
0.867428
-3.55802
-2.98561
0.205491
-3.88304
-1.34052
-1.10304
2.31979
0.240425
1.81727
4.31779
3.45679
-0.193133
-0.0301869
-0.0914998
4.71029
-0.742306
-18.8508
12.4267
0.693852
-0.191913
0.918253
0.497858
-0.869576
0.70081
0.446114
-0.200921
-0.694167
-2.55299
0.434082
4.57009
-5.94561
-2.33277
-0.245921
-0.42804
8.19993
-0.170587
-0.126373
-3.27376
-1.70893
-1.56693
6.53793
0.0709267
1.71833
-2.57296
-0.604496
1.44902
1.91687
1.47927
-0.371425
-2.07981
4.88367
2.6193
0.526607
-1.54901
2.97326
0.0151794
1.40808
-0.873132
-0.619085
-1.41793
-0.34403
-3.79269
-3.58687
1.91356
-0.548436
-0.933606
0.0463683
6.20932
0.55259
-1.60053
1.34152
0.218161
1.64475
0.562816
-0.05191
0.936986
0.776156
-0.352203
1.58552
2.14986
1.65762
1.82727
1.21541
19.2807
15.1993
1.71929
0.987304
-4.05537
-0.290813
0.436968
-0.362959
-0.465392
15.0487
-9.85804
-2.35941
0.427492
-0.844249
-1.74308
-2.32203
-0.304526
0.239685
-0.0544219
-3.07375
0.166253
1.6631
1.1469
-1.12294
-2.97239
-8.44858
0.0449176
-3.75286
-0.690833
2.85087
-1.06852
0.51996
0.819307
-0.507555
-0.408128
-0.135311
1.26552
0.211668
-0.637226
3.50035
-3.03337
-0.238108
-1.10601
2.76819
-2.24361
5.18122
0.352213
1.01251
-0.447815
6.62513
4.00856
1.49612
-0.649704
5.53505
1.49424
-0.287068
-0.177886
1.45496
2.99381
-0.341876
-0.51424
-0.402822
0.467924
-0.0719089
-2.05066
1.01682
-0.67105
-0.677265
1.14915
4.48131
-0.502642
0.961458
-7.6851
-18.4814
0.301969
-3.23529
-1.76497
-0.1848
4.02988
-16.9949
0.0836002
1.40362
-0.767748
-1.34168
-8.8881
0.0418813
-1.33854
-7.67713
1.45333
-0.637021
-0.343505
11.6014
-0.89338
0.524468
-0.578983
-0.177423
-2.11837
0.295881
24.299
-0.746474
808.051
-1.39427
-1.37044
1.66555
-0.332926
-3.30986
0.539633
2.02435
1.57337
-0.126922
0.323228
0.0914099
2.41382
-2.58529
-0.725086
-0.37621
2.37929
6.35139
0.255525
3.59859
-5.94616
-0.554593
34.6957
0.472948
0.245617
0.0907895
0.482199
-9.41826
2.64224
1.38391
1.23156
-1.66776
-1.40327
-0.512581
0.086428
0.495794
-1.03495
0.254192
-300.133
-2.15901
-1.62881
-1.46125
-1.37514
0.979882
0.347263
2.28582
-0.210227
0.0469298
-0.237607
-0.688332
-2.45716
-0.362551
9.07569
0.712292
-1.14062
-1.77097
1.80866
0.568711
-0.992601
-1.00902
7.94601
0.260831
8.94852
-3.03724
0.352604
0.526482
0.205517
0.6812
0.430546
1.82047
-7.70068
0.510299
-0.25378
0.111398
1.4199
-0.416781
-0.12484
0.233447
-0.0218557
-1.10512
3.07468
-0.0201327
5.84737
2.01825
2.26536
-1.4128
0.731468
-0.750712
-0.335742
1.44336
0.338173
-0.898409
3.19178
0.343927
-1.24303
-1.55469
-3.71412
0.171998
6.1014
11.6077
1.10635
1.31029
1.77141
2.62258
1.03657
-0.237284
-0.524417
0.267608
0.195126
-0.148224
0.561006
1.20219
1.24643
-1.4788
-1.5955
-5.75311
1.37053
2.94694
-1.02948
19.6747
-0.0529421
-0.43744
0.198164
0.787681
-0.296265
-1.42558
1.2339
-0.475207
1.71474
0.374563
0.401815
-0.786377
6.68055
1.2624
0.854189
1.59603
0.974113
0.382803
0.840073
-0.0342111
-0.0470893
1.97558
-0.152216
1.83732
-0.691273
-1.12108
-0.239948
-0.216775
-1.41487
0.86036
-1.04261
0.719903
15.179
2.20338
-1.76992
-0.773967
0.229962
-1.03055
0.415864
1.49747
0.0149058
-1.39834
-10.8879
-1.12414
-1.03054
0.979669
-0.210249
0.139135
18.2882
3.66054
-0.469683
-0.00770799
0.832491
-0.471173
-6.87716
5.69112
0.597147
-1.23787
1.82429
-0.107417
-0.74622
-0.48712
-0.322682
-1.01351
1.82429
0.297498
-0.785588
-0.41205
0.56204
-1.06831
-2.9784
-0.0586215
3.10204
1.26286
2.04049
-0.25491
-0.484817
1.19856
-0.543457
7.19465
16.7375
1.56761
0.115677
-0.116262
-1.16727
0.592883
0.847597
1.63819
0.535498
0.27153
-2.79066
0.211785
-0.478655
-0.244955
-0.481196
-1.0078
0.554276
-0.407027
-0.25882
0.0949039
-0.934995
0.887364
2.84996
-0.207012
302.072
-0.544546
-1.99022
-5.35976
-0.651497
3.41735
-0.194738
1.52635
0.554944
1.4629
-0.0910336
0.0145686
4.32685
0.85776
-3.7325
0.971763
-1.88778
2.6347
0.584607
-18.4323
-0.351145
2.90504
2.17581
-2.95297
-1.37547
-1.08927
0.15939
-1.06758
-2.69917
-39.2758
0.457583
-0.213479
0.246881
-0.852729
-4.47082
-0.0875776
-1.14204
-0.578172
-1.41706
1.0998
0.0589229
1.4949
-1.29707
38.9183
-0.841273
0.383634
-1.11433
0.949882
-0.13981
-1.8031
2.86156
-14.5222
0.231638
-1.69024
2.90822
0.633299
-0.238381
-0.166357
0.175852
0.346066
0.857353
0.479207
2.43333
-0.477646
-0.021435
6.72273
0.245725
-3.84101
-1.12379
0.402691
0.91665
-5.52898
0.173453
1.75373
0.405769
-0.571032
-1.24272
3.24775
0.126548
2.39997
-1.92363
-0.101669
-0.199951
1.64651
-2.64295
1.07093
1.22527
7.43683
-13.5558
0.274513
-0.702812
-6.24383
-0.0792626
1.061
1.14362
0.29716
0.0494745
0.663507
-9.61987
-111.582
4.33695
187.906
0.19642
0.339522
-1.4416
0.494947
1.12498
1.40962
-0.482608
-4.07977
2.45773
5.17444
-1.06742
-0.817041
-7.53367
-1.02908
0.204201
0.64657
-13.5237
-1.67946
4.44008
-4.29439
-0.725662
-0.0748054
15.1672
4.84706
2.69958
1.02725
-2.57499
-34.7302
1.11203
-2.36239
0.403586
-0.351964
-3.18061
0.419712
-6.49061
-15.4744
4.36101
0.877456
-1.59108
-0.603144
1.47685
1.31889
-0.543291
-32.9762
1.09888
-0.272096
-2.95435
0.417741
-2.46761
0.582894
-0.986538
-0.358009
-509
-2.8765
-0.956438
-0.678892
1.64725
1.26007
5.16403
1.3976
1.11366
1.10044
2.07365
0.621299
-0.407134
-0.000106207
0.330566
-1.1591
1.03566
-0.16109
-0.172065
0.164681
-0.0848706
-13.2375
-1.03086
0.141683
0.501039
1.59951
0.541387
1.91023
-0.697584
-0.314415
-0.50513
-0.77079
-1.64494
-0.277617
8.5893
-0.37815
1.02069
-0.0160742
-0.622869
1.35714
-1.68203
-1.00696
0.255017
2.0865
0.367032
-0.49453
-3.84965
-3.47591
-1.2995
1.67964
-6.10058
-1.65201
0.113546
2.5844
-1.35864
0.200034
0.756391
0.592233
-0.929982
0.849308
1.07006
0.531983
0.220902
-17.3731
0.892712
-0.470537
-3.41932
0.353096
5.51273
-1.23905
-5.81394
-1.01656
-0.848672
0.82778
-3.18817
3.78093
3.59467
0.870898
1.8634
-0.714674
-1.04728
-12.1171
157.616
-3.09048
-4.90054
0.306674
-0.485695
2.40046
-0.0199369
0.0866978
-0.844175
1.91802
1.1005
-1.20616
-0.264173
52.1672
25.672
2.59699
1.07637
-0.604929
-1.04033
1.25722
1.70075
-11.7883
0.024723
2.30805
-0.060961
7.46256
-0.55246
0.218555
-2.39651
-0.742007
10.1805
-0.58775
0.218609
0.581853
-8.15917
-1.70359
-0.761676
-4.89532
2.27042
1.90859
-0.424228
0.0552787
-0.265084
1.67493
0.954816
-0.563175
0.169924
1.60761
-0.371004
0.386014
-0.88371
-5.60982
0.611075
-1.57175
-1.18221
4.13598
-5.55087
-166.25
-1.0305
-215.158
0.0780077
0.459097
2.74228
0.178364
2.12298
2.53926
-4.56234
1.04663
-0.0487258
0.294573
0.109466
-1.44539
-1.10302
1.09335
-2.44828
-0.209091
-0.508152
-1.27137
0.857878
1.26586
23.0984
-0.435883
-0.13015
-2.02195
-0.111235
-0.0104657
-4.53533
6.19742
0.670813
0.138206
-0.604792
-0.396674
-8.83434
-0.214485
0.00225176
2.21607
-0.0433987
-3.09083
0.260674
-0.319622
-8.10331
-0.453332
0.34707
5.00186
6.9761
0.64072
0.811611
0.431122
-7.18842
-17.3885
-0.662942
-297.393
-2.8902
-0.878297
0.403463
2.17923
-0.0594952
2.91034
0.768012
0.773452
1.37067
-0.40648
-0.206063
-0.460892
-0.943383
-3.31939
7.35282
1.6682
0.149716
-12.0597
0.188039
0.593402
106.257
0.34516
0.971965
-0.12698
1.37394
-13.0757
13.8926
-10.5055
5.22408
0.121767
-1.05009
0.0809257
-2.0268
-0.338069
1.45089
1.4385
-3.18447
0.93446
4.88396
5.27672
0.576828
0.657202
0.421415
2.78607
-0.451519
-2.06179
0.330679
-31.779
-1.37078
-4.56386
-0.388704
-0.333788
-0.470894
0.619283
1.98865
1.01107
-0.0662702
0.149511
-0.291212
-1.24508
0.841178
0.116366
1.47017
0.854547
-0.408587
4.18388
5.10045
2.93054
0.65785
-0.562961
-0.0944066
-0.550485
1.10344
-0.766169
-0.55069
0.710986
8.7042
0.0646053
44.8608
1.62805
-0.610306
-0.18551
-0.74929
77.8169
-3.80851
-1.45178
1.11105
0.337167
9.60548
7.12681
1.15652
-1.29495
-5.71761
-0.0831452
3.43241
0.878659
-0.365097
4.21487
-0.908428
5.06626
0.911501
1.87189
1.21208
0.0327286
1.75214
-0.104816
-0.832664
-3.40681
0.413597
0.209528
-0.767343
0.45778
-2.38276
-0.697331
0.428765
0.163847
0.0759773
-11.7429
-0.0447457
-2.72753
-3.37293
-0.132739
2.08753
-0.0591346
-0.10605
1.9511
0.593922
0.460562
3.96185
-1.0658
25.2924
-1.43577
1.35568
0.0466472
-10.1895
-1.18594
-0.294975
16.2404
0.674217
-3.13554
3.46424
-2.32656
-0.0189932
-0.335162
0.902514
-0.096261
0.863138
40.9099
-56.4387
0.311454
-0.96633
0.844521
-0.370644
1.30487
-2.14778
-0.987538
-5.617
4.34154
1.08041
0.857946
-4.36555
1.28768
3.46348
0.554017
0.544368
-0.346694
-0.852366
-0.64772
-3.00727
1.64762
1.20498
1.31491
-6.78593
0.386137
-0.264164
0.00354433
7.54195
4.47998
-0.297403
-0.100144
2.17789
0.9466
0.336891
-1.5434
-1.12441
2.94628
-0.0441414
1.42655
0.540003
0.62526
0.156471
-0.384286
-0.801854
-0.885778
-0.382987
0.402549
-1.11714
-4.30498
-30.5701
-0.788778
0.903663
-2.32604
4.16615
1.01683
1.61958
0.321512
-0.545129
-1.41416
0.889436
-3.48764
-1.15496
-7.68243
2.47039
-1.70116
0.765105
3.80155
-1.77935
0.0711977
1.25119
1.17068
3.45995
-0.424358
-0.18358
0.878566
-0.605506
-3.42294
-1.02904
0.152869
0.00353992
-1.05874
-0.824214
0.0150266
1.26778
-1.14551
-8.39705
-0.830236
-2.85794
0.50959
0.501829
0.816949
-5.23846
7.94606
-0.458782
2.6935
-0.730108
-1.34154
23.5794
2.3513
2.10965
-0.315947
5.49661
-2.05193
5.24644
0.0535575
-0.0990935
405.012
-1.45133
1.38155
-0.142666
1.70082
-0.380538
-0.441474
-0.295806
-3.32658
-0.135482
0.127859
0.110177
-2.24745
-0.673316
-0.45036
-1.63398
0.234972
-0.195857
-0.0604851
1.56368
-0.768161
1.2804
-2.51895
-1.58617
-0.872534
-0.888886
4.07059
-1.07761
-0.0677763
-0.133157
1.73997
-0.294444
-0.729607
1.89949
-1.2194
4.42591
-3.46577
0.992384
0.373982
1.45473
-0.472112
-1.19298
0.256115
1.58647
0.530028
-0.601723
-2.39773
0.0992524
-0.823795
-0.346513
0.349768
3.45947
-0.158117
0.656329
3.84971
0.141204
0.0807672
0.0557261
0.510875
0.164914
6.04465
-0.0373528
-0.295557
4.05551
2.27964
38.0462
0.873094
-3.30258
-0.641767
-0.663164
0.173487
0.0156819
0.281797
-2.60895
-1.36288
-0.236254
-10.9916
4.50864
-35.682
-2.1333
-0.655519
-0.68968
0.570674
0.15126
-4.15324
-0.898075
-1.72638
-0.0289453
0.0970618
-0.0285943
-1.18399
-0.623826
-0.257985
1.75287
0.758129
-1.07322
2.28752
-9.64695
-14.7186
-1.61485
2.62953
0.648895
2.35382
3.86652
0.484825
-0.268667
-0.725188
1.7059
1.03618
7.02192
0.54571
2.10276
-0.490165
-0.264881
-0.419894
-0.0518831
-5.89504
2.04633
-2.48567
1.25524
2.39368
-2.07907
1.92805
3.92029
0.2577
0.813975
-0.720691
0.0036285
1.6294
-0.225572
0.665935
23.1221
-0.563784
-2.42887
0.596042
2.68468
98.3332
-0.97043
-3.38862
-1.49794
-16.9182
-0.804138
0.492488
0.0428159
-2.50026
-2.45748
-9.31768
0.0429672
-1.47375
-0.956636
0.588904
-0.806191
-1.65867
-2.22606
0.22391
0.0419318
-100.734
-0.427782
0.12168
0.572556
-0.727219
-3.1274
-0.919425
5.60695
-2.34403
0.218372
79.5622
-0.280576
1.50189
0.680174
0.822975
-0.32947
1.52361
0.528585
1.35378
0.870155
-0.468131
-0.867819
5.64014
2.48094
-1.24333
2.88228
-0.032211
-0.245435
-0.498895
-0.176886
-0.289831
-2.61726
0.159405
-46.3739
0.138179
-2.48031
5.45715
-65.4338
-1.8668
0.0674121
-0.059623
-0.371816
-0.654973
-1.13711
-10.3384
-2.22446
0.586267
-2.27064
0.786423
-7.12993
0.218001
2.5457
-3.10221
-5.1591
-2.30798
0.317901
0.436958
-3.6307
-2.06284
0.221445
4.95999
5.01411
1.14784
-2.88607
1.2506
0.16144
1.23069
-0.318608
-1.21905
0.26109
1.18916
0.523581
-0.395603
-0.618644
-0.144408
-0.367296
0.268156
-0.508308
-1.51089
-0.686608
-0.140452
4.66356
-0.640082
-1.91813
4.0204
1.3656
-0.86291
0.828487
2.71026
-3.41157
2.33284
-2.55775
-0.414338
1.14611
-1.97131
-2.44185
0.625631
1.59799
-2.51934
1.19495
-1.30681
-3.67841
-1.21267
-0.352264
1.16027
0.495807
0.572093
0.0863569
0.430183
0.539676
-0.256674
0.224392
1.49627
-0.702787
2.08459
-2.03057
-3.14907
-0.037832
0.364753
-0.0588685
-1.11704
-1.84543
-0.717136
-0.173437
0.593972
1.67249
0.912267
-0.823665
-4.3321
0.348822
5.54065
1.20627
-0.948675
1.4418
2.99104
0.14116
-177.569
2.48738
-0.125459
1.80567
-5.71631
-0.266768
0.224701
0.245614
0.227769
-0.0362305
0.0229817
0.00450513
-0.806491
-0.547677
-0.169941
-0.109029
-0.186601
-0.0596285
4.60927
0.856829
0.245404
-0.628822
-0.508945
2.12915
-0.838653
0.92499
-0.325978
0.183722
0.461433
-3.19525
-0.22652
0.125432
-1.38792
-10.5392
-0.492273
-7.32982
-0.855816
0.578654
0.652691
-0.0106444
0.461177
-22.7337
-0.972258
19.558
-0.265422
9.99128
-0.559652
0.903091
-3.31865
0.150287
-0.225297
1.10029
-0.632084
0.647698
1.77397
-0.151105
0.198756
-2.21043
0.658491
-0.491377
2.26611
-0.931806
0.40632
0.379205
0.574942
-1.17771
-2.31688
-0.754034
0.618395
0.889765
2.03297
1.14469
1.41956
1.24833
-1.05315
-0.0223219
0.736933
-7.74272
0.673802
0.189381
-0.941439
0.829873
-1.92214
0.371356
0.691294
0.198144
-0.315829
1.66845
0.534664
1.8636
1.87154
1.2718
-3.34214
-0.214338
0.945964
2.05491
-0.702174
-844.144
-1.21166
1.86252
-0.864856
-2.65164
-0.194411
-0.469978
-1.03308
-9.98919
0.100301
0.674522
-1.40071
-1.18782
-0.257173
-0.534682
-0.892861
1.60021
7.0062
2.42838
-0.961969
3.96624
4.99357
-0.488082
1.76425
0.230625
0.0261855
-1.62615
-0.457173
-0.118622
-1.22641
-0.0416987
3.5443
1.91949
0.24502
0.0762402
-4.16369
0.812193
-0.496031
2.5753
0.369651
-7.25782
-2.11611
0.0158153
-0.000277134
3.1597
0.678131
0.738542
2.19962
2.35316
2.30456
-0.92382
0.49684
-0.199604
0.0341532
1.82527
-1.04101
1.35591
-4.43082
5.01533
-108.304
0.474239
-0.611802
-0.81782
-0.602664
0.399304
-2.39593
4.95703
0.49788
0.204372
-0.673731
-0.639252
1.60722
-25.6269
-0.168978
0.89545
-2.22606
-1.15353
1.73446
-8.49299
1.5957
-0.904681
-1.55586
-0.746814
-0.767043
22.3627
-0.247721
-32.5295
0.380245
2.5065
0.739609
-0.800773
0.353537
0.0304402
-0.797952
0.271286
0.709445
-1.38546
-6.74827
-0.735808
-1.15717
12.2423
-1.54494
-0.0819356
-0.398257
0.696314
-0.655904
1.69633
-2.14346
-3.2589
-0.784677
-1.77514
0.682858
3.66634
-2.15211
-0.201245
-95.6705
-1.53981
-1.77199
1.73054
0.775708
9.72738
0.281761
-0.109345
-1.84273
2.03638
3.53053
-0.804584
5.30162
0.418295
-0.140467
1.1114
-0.358584
-0.657644
-0.281598
-2.75883
0.636588
0.469716
1.17988
-45.8889
-1.42652
-0.631124
0.528366
0.562511
-1.48006
-3.22927
1.47307
0.424715
-0.855233
-0.572909
0.516297
0.303693
0.603553
3.26802
-0.895969
0.417738
-1.81906
-0.706234
-0.432362
-0.331946
67.7004
0.798809
0.320961
-7.17319
-0.26591
-0.683378
-1.37351
-0.302446
0.850075
0.106506
-0.119627
-0.091573
-1.16402
-0.999183
-7.07463
1.73465
-4.2089
-1.88634
-6.92116
-0.90332
2.23371
-0.200481
-1.05977
-1.1067
0.338509
-1.41446
0.132739
-0.908407
0.491938
-6.68001
2.54165
-5.45853
-21.2826
-0.44992
0.724643
-0.789715
-3.30422
1.23987
-0.707922
-40.1878
-0.404334
-0.98135
-1.68689
-3.24325
0.988136
0.557121
1.23138
-1.07119
-4.04673
0.339871
-1.43114
-2.9693
-0.230358
-0.965565
0.328152
-0.409428
-0.98648
-0.519492
0.344344
2.28907
-8.15008
0.806092
-0.0974225
-0.929433
13.376
-13.292
-0.539397
0.0481491
-0.222404
0.0132272
-0.96873
0.273343
-1.5504
-0.952121
3.2195
0.459763
0.635751
-0.128394
-0.0176687
-1.99481
2.35217
0.727329
-17.0018
-0.647395
3.47525
0.575753
-32.9457
83.4531
0.395941
-2.96341
0.876337
-2.40452
-0.482649
-0.774136
-0.729757
5.21345
-2.01433
0.77241
-1.12638
0.909192
-0.495153
-3.54961
-1.64945
163.825
0.127065
2.01041
-0.758116
0.901923
-0.238941
-0.0153598
0.562644
-0.31697
0.937636
-6.33063
2.32053
-0.469549
1.17411
-0.616026
1.89336
65.2982
19.4635
-1.57014
-2.70585
-1.60659
0.023659
0.949014
-8.55311
4.88515
1.94018
-0.0779472
2.20839
-4.80599
1.98149
-49.6962
143.625
-0.170408
-0.735138
3.09304
6.66312
-1.4728
-0.89382
1.43706
2.27807
0.420044
-5.7669
0.197213
2.20657
16.2598
-0.157367
-1.42888
-1.7412
4.08684
-2.58484
12.8423
-3.33692
0.171904
4.14425
0.0359623
0.390867
-0.943369
-0.92205
1.63928
-1.03064
-2.48577
-0.932805
-1.50565
-1.97755
-0.0811355
0.454084
0.235601
0.135263
1.62183
10.0937
-1.49497
0.396254
0.221648
1.15678
0.158369
-0.0566916
-0.570118
0.349178
-1.75242
1.05667
0.476345
-0.366782
6.22017
-1.6999
-0.628109
-4.33666
-0.69313
1.03443
-1.68868
1.35518
-1.44721
0.374861
2.46979
1.27475
-34.5157
-0.760506
-0.0162246
-0.830173
-3.68046
16.0311
1.33848
0.33796
-0.019405
0.88198
2.0703
-1.14143
2.66677
-9.33242
-0.845489
0.228701
-0.374739
-0.5977
-0.107002
5.26699
2.89459
0.636252
1.67407
-1.59028
-1.09513
-1.78398
-0.380042
-2.91456
-1.40184
2.35792
-0.0243183
0.487207
1.24215
0.224582
-1.81121
-2.73591
0.0244241
0.694548
-7.85627
-5.92448
1.85239
0.410718
-0.918064
0.928141
0.244439
-1.11892
-1.47661
-1.12078
2.46289
0.10667
5.25939
0.926129
0.636257
-1.94098
1.43952
-22.9479
-0.128067
-4.33214
-0.393465
-4.77638
0.712619
0.936816
-1.49641
-0.115023
0.963519
0.172818
0.164342
-0.373035
0.0272752
-2.94424
-1.42712
-41.2094
0.741994
-0.915228
-1.80016
0.116809
-0.000744842
-3.09023
0.0559228
0.761008
1.8821
4.43005
-1.55451
0.481253
-0.274026
0.551431
-5.98789
0.456327
-5.10937
-2.40282
0.95187
-0.339039
-0.765179
-0.999693
-0.837201
0.06909
0.00194022
-0.860659
-9.06428
-4.17713
-4.50463
-4.31452
4.48748
0.20838
0.59421
5.02315
-0.761358
0.194281
1.38203
1.54717
4.38935
1.95543
0.997913
-0.38589
-3.01719
3.39039
-6.12918
0.729306
-0.0355113
0.763963
0.718423
0.42158
9.46211
1.47843
-0.441494
0.864151
-1.47607
0.941324
0.154086
0.343495
0.909631
-0.161133
0.927193
1.19012
-0.0813984
0.830339
0.169596
-0.249394
-0.581709
0.811415
-1.94095
-0.275439
-6.94096
-0.641692
17.6094
-0.479695
2.7109
-4.95436
0.156487
-15.3135
0.601984
-7285.29
0.173374
0.162283
3.04406
-0.716711
1.00178
0.759091
0.0705462
0.339873
-1.57653
0.250376
-0.2006
-0.387647
-0.905886
-2.6167
1.19498
0.372552
3.89298
5.49092
-1.67139
0.242735
-2.29674
-0.471154
-0.611668
-0.0649004
-4.05901
-13.3215
-1.31297
-0.256134
-6.96119
0.213586
-0.855882
0.558381
0.0186781
-0.866187
1.03019
-4.4195
7.49517
-1.48827
3.07673
-0.268495
0.328563
-0.591102
-0.309388
1.36046
0.958799
-0.730967
-0.0827942
2.50906
3.62124
-0.625041
1.04155
