0.216109
-0.452476
-1.34343
-3.42564
-0.359858
-1.03264
-1.80606
0.183458
-0.149878
0.234239
0.334906
-0.113607
-0.497127
0.40112
-6.79036
1.7211
-5.96515
-1.59192
0.810042
2.46856
-0.268296
0.696109
1.79442
0.251737
0.04194
1.2042
-5.87893
-2.47726
1.09392
-0.227754
0.642575
-0.355869
-0.0998834
-3.04124
1.57659
3.2527
-33.1429
-3.96453
0.578518
1.46571
0.498357
1.13017
-1.49648
-0.707526
-0.209148
25.9817
0.474914
-4.18056
6.12306
0.261465
-0.893882
-0.719371
-0.779839
-0.168298
-0.746585
-1.02103
0.34661
-1.27311
0.191976
0.152288
-0.57222
-0.652629
0.170582
0.170662
0.582366
-0.187223
-0.846129
-0.271279
0.385535
-1.47013
-0.331708
-0.233736
0.11762
-0.169329
-11.8379
-2.37434
-1.1591
-0.986552
1.73918
-7.38722
1.42972
-0.0713063
2.42693
-0.806923
-0.0969471
0.42412
0.543548
-0.325723
-100.096
-0.692461
0.823278
-0.0980445
0.0640811
-5.86332
-2.14085
6.52168
-1.01876
-0.903946
-0.543945
1.0088
-1.54963
11.1844
0.194651
0.494945
-6.42841
-0.500397
-0.613844
3.49986
2.47389
1.13814
3.29648
1.89691
1.08026
6.97011
-0.890655
12.8507
-0.176913
1.78971
0.534025
-7.11864
-0.697133
-7.43743
-0.110691
-0.938503
0.632367
-0.683462
2.89875
0.214192
3.35634
-0.575912
-0.578453
0.110388
2.83574
9.76441
-0.0463914
-0.0523802
0.412365
3.20255
-0.0545925
-2.26878
11.8702
0.334634
-1.7727
2.28202
-0.361476
13.2899
-0.700939
2.46485
0.673195
-0.620265
1.92711
-1.14741
-1.15204
-1.25332
-0.186389
0.189625
-16.8831
1.37097
-0.251795
-0.295749
-2.2781
0.900417
-0.463984
-0.624948
-0.185757
-1.18338
0.268005
0.457886
2.54582
-0.951267
0.472933
1.68608
-6.4737
2.60177
-1.7563
-0.112709
1.31005
-0.405691
-0.972653
-0.485567
-0.573449
0.627856
0.176216
-0.594444
-4.73661
0.620858
-0.147349
-8.5253
-0.466819
0.48213
0.146361
-1.28497
10.7332
0.62307
-0.35016
-0.192781
1.74928
0.309405
-30.0083
-0.275758
0.526612
10.3126
1.28428
-0.596502
-0.468361
-0.318645
-0.331009
3.70119
1.83843
0.731742
-0.360356
-5.81808
1.95644
-27.7318
86.2921
2.30995
-4.65087
0.576439
28.6096
-0.671797
0.58513
-0.251759
-0.548737
3.47632
-0.0939295
0.426639
-2.31009
-1.21138
0.686726
-14.2554
-18.7037
0.651668
-0.239494
-1.12854
-0.150695
0.346855
3.59893
-0.336319
-0.3188
0.611629
0.119473
2.26151
3.50114
-1.36902
0.8579
0.225048
0.346482
2.01176
0.56832
-1.27028
1.47574
-17.6578
-0.607515
6.61354
-3.46324
3.02694
0.869341
1.08084
0.822704
0.461286
-4.94368
1.0346
74.5282
1.89592
-2.37646
0.744103
5.06407
-0.700389
0.989412
0.182145
-0.597515
2.3069
0.0377531
0.635233
-1.55008
1.5853
-1.68169
1.70084
0.196689
0.406015
0.339118
0.442529
0.390174
-15.0228
-1.56449
1.14928
-1.30731
-8.82825
0.257544
1.11988
-0.873269
-0.541604
1.04304
0.167493
-1.15795
1.68465
-0.563864
4.52155
-1.78997
-0.321962
-0.0528821
-1.07479
7.63148
-3.32801
0.524814
-1.71149
-0.781388
1.8467
1.49251
-7.3003
-0.0100356
-1.01818
6.81576
-2.59322
1.23692
1.20629
-0.550477
-0.582826
-3.21501
-0.141526
4.2783
17.1785
-1.30177
-3.5379
-1.7824
1.71933
-0.653807
-2.62134
1.96817
-0.560364
-7.55244
0.0306641
-2.57841
2.66424
-1.89358
-0.140598
2.4477
1.09844
3.85651
-3.06353
-0.30398
-1.04298
-0.280183
-0.236176
40.6998
-0.341225
-1.95799
2.07515
0.854227
3.17378
5.76633
-2.37187
0.655008
2.08777
-0.236944
0.207444
0.317143
1.25682
-0.59954
1.20234
0.467932
1.55055
-0.132704
2.01899
-3.38249
0.595325
1.09804
3.88418
-24.4138
-0.632408
0.202491
-1.03285
0.177076
0.830201
1.27012
3.99005
19.3938
-0.0298387
3.44094
0.262638
-0.366973
-1.45669
-0.038762
-1.35099
-0.413334
1.18947
-0.833391
0.428354
-1.97984
-0.138606
0.391986
0.171622
-1.47455
3.29394
1.28095
2.25065
0.328996
-0.550366
10.2551
3.1707
1.89084
6.74666
-9.38478
0.123796
-0.201652
6.36544
2.42201
0.0377081
1.72571
0.191196
0.141886
2.05033
0.258353
0.585813
0.678574
-2.28086
-0.522568
-1.47649
-0.372164
4.12083
-11.0506
1.14154
-0.480608
4.32449
-1.16735
0.115289
-21.1078
-0.142817
-1.61959
-0.883457
-4.37087
-1.90021
-0.905721
0.906513
-0.708907
0.202293
0.0936038
22.0449
-1.327
-0.10133
0.413681
1.59602
1.84908
-2.76456
0.267342
0.350023
-0.347248
0.153618
0.418602
-3.43436
-0.948978
3.55621
-0.198464
0.135066
0.982387
-0.984633
1.50941
-0.376891
-0.35225
3.05895
0.0343094
0.927084
0.933053
3.35538
0.234968
-1.28141
0.590656
1.50642
-0.460188
-0.684005
-0.851052
0.173543
-6.78788
0.208486
14.8136
-0.276892
-0.760708
1.70524
3.13278
5.1332
-0.302879
1.79157
0.93159
-0.748212
4.73262
-0.238455
5.40694
2.63129
2.00864
1.39336
0.711493
-0.277092
0.179792
-0.316311
0.647664
-0.699348
3.09505
1.08093
-1.11905
-1.39444
-0.943807
-1.99624
-0.195711
0.178196
0.68565
-0.994514
0.610999
0.842665
0.215908
-1.61396
0.0237827
-4.28124
-1.7569
-0.707874
-0.859385
1.75952
-0.676331
1.74926
0.53124
-0.535186
5.61652
-0.614518
-7.76354
-0.525546
2.2887
39.3982
1.27893
-3.18783
1.15704
1.33127
0.704392
-0.203717
-3.24378
-1.01475
24.0123
-0.626821
-1.02264
0.689803
-0.256424
-0.800227
-0.599349
0.558479
11.4635
-1.22587
-0.273174
-0.475732
196.654
0.249538
19.5093
1.65781
-0.0974272
-0.00385397
0.484521
1.22897
-0.961333
-11.0799
-1.25213
-1.30989
0.674907
0.35177
1.42086
1.14151
-0.0303173
-0.506721
-4.92262
-2.81224
-0.220761
-0.556575
0.201974
-0.602689
1.12968
-1.46198
-0.260893
-0.426591
5.76597
-2.56429
-3.33166
0.7012
0.472755
-0.0975835
2.58635
5.4825
1.7135
1.17201
-3.01417
19.1473
1.98769
-0.824228
-0.204765
1.76405
1.2268
27.1605
0.0705387
-4.18168
-1.23878
-4.989
-0.166012
0.64448
11.901
1.62239
0.363861
0.236347
0.759496
-4.38982
-1.16602
-6.71434
-0.585626
1.03506
0.229467
21.0763
-0.99395
-0.417185
2.01421
-65.7652
1.04968
-0.375632
-3.83481
24.278
0.116645
0.171435
0.230175
-4.34306
0.717055
0.880455
-0.611628
0.792931
-0.317936
-3.74937
-0.328317
0.0875795
-1.59525
-0.520381
-0.673797
-0.877453
-3.75695
5.81018
-6.02139
-0.351553
0.332645
2.42673
-0.656202
-0.405713
0.992744
-0.0222853
0.214351
2.66681
-1.22758
0.275185
-0.477611
9.04058
-0.633029
0.891315
-1.06395
-5.77411
-1.32785
-0.137358
0.245697
2.04128
0.289627
-0.725706
0.870553
-0.216317
1.76352
9.50916
-0.95265
-1.32363
-2.51642
-1.22231
-0.976132
-3.49263
-5.82094
-0.754908
-1.84348
-0.612424
-0.775756
-1.64896
5.04214
-1.14271
-1.15878
6.38688
0.0297396
0.497364
-1.63973
0.229523
-0.872573
0.362202
0.220421
36.7858
1.67432
-1.36335
0.919469
2.34857
0.717953
-0.0361838
-14.187
2.98928
-0.645797
0.882073
37.189
1.59267
-2.35725
0.0637347
-30.5544
11.6987
-1.17448
1.01936
-0.143512
-2.3961
-7.01751
-2.23834
0.421135
0.629515
-3.93097
-0.504108
-0.867845
1.39077
0.353889
-1.27048
-0.51557
0.698556
-1.58666
-1.39564
5.11999
-31.6816
1.6963
0.457462
-0.486533
0.71779
-2.64074
-0.13952
-0.114441
0.0307287
0.203255
-1.28277
10.2743
2.30573
-0.0800687
0.190502
-0.964893
-9.82277
0.220756
1.40063
0.2079
3.67335
-2.30654
0.337051
1.34716
2.11384
-0.141112
-2.05809
0.486809
-4.22906
1.07799
-3.99628
-0.0839513
0.577888
0.797256
0.567618
-0.170863
20.491
-0.323482
-7.24492
0.389383
-0.726727
-0.153959
11.2356
0.709684
0.201382
2.70866
-0.137556
9.70231
0.182482
0.879641
-2.01475
0.577936
-3.04817
-1.61271
-0.556085
-0.658763
-0.801068
0.692817
2.54322
1.27598
0.611627
-0.430295
0.970325
-1.76285
-2.57035
1.65593
0.591138
0.130062
0.559238
-0.740126
-4.29806
0.456957
-5.11433
1.87203
1.07095
-0.908592
0.507315
-0.85365
-2.12938
1.16151
1.03929
0.905301
-0.495252
3.19174
-0.535516
0.00422532
0.683944
0.863882
1.05728
0.139435
0.622886
-0.0594935
-1.10413
-1.26172
-0.0331591
-4.87819
-0.171023
-0.465069
21.1367
-0.439429
0.66818
-0.200048
276.42
0.5439
-0.974131
2.56757
-0.988314
-8.19645
3.55276
0.879756
1.40405
-1.07494
2.52103
0.907027
-0.267647
-1.85567
1.51315
2.02949
-0.431572
1.2521
1.27989
0.0083186
-0.43931
-0.426949
-2.61065
1.39184
0.128395
-0.124126
3.8773
-5.26079
0.185703
-1.68689
-0.518921
12.67
-1.40236
0.782624
1.52252
-0.0834471
-2.65222
0.323026
-0.882896
0.7434
17.4815
0.303884
0.261711
-0.775343
0.411006
-0.0596388
-1.75034
0.10998
0.402862
-1.55008
-6.78727
0.0526475
-0.399781
-3.64366
-18.3856
11.518
-0.134505
-1.38659
-0.861383
-5.49976
1.39501
5.09536
-4.64353
-0.04233
-3.36929
0.759741
-1.44253
0.90071
-41.2283
0.412125
-0.0387365
0.836959
0.915622
1.97475
0.0600483
-0.550291
-34.4475
-6.16821
11.7892
2.06881
1.16496
-1.3108
-0.505385
-0.218177
6.03339
0.70687
5.65211
-7.63076
-0.501015
-0.599188
2.68241
0.893414
2.94559
1.78999
0.92788
1.00358
-0.429462
0.0337636
0.10197
-1.59579
-0.830993
0.746482
0.610161
0.873844
-1.72207
0.874443
-0.481281
0.642265
1.08129
1.56062
-1.34712
63.4812
-0.425368
14.3622
-0.718017
0.678077
0.186381
0.480845
-0.0979771
-3.40242
6.53442
-4.70679
2.05252
0.204289
0.175673
1.71477
0.21964
-0.282984
-0.788806
-3.79081
-65.4387
0.639113
-0.388915
-2.83661
0.137455
-4.84152
-0.858921
-0.303123
-1.72398
7.83501
0.336244
2.01997
0.726108
-1.2306
2.93006
-1.08318
0.189392
-0.784071
0.275193
-3.31123
-0.980296
-0.36263
-0.0183953
-3.57508
11.8279
-371.354
-0.942557
-0.00335963
-0.115415
0.0947455
-6.78098
0.644536
-0.777098
-1.54075
84.506
-0.0177292
-0.151983
-3.90074
-2.13385
-3.35868
-1.16096
-1.83845
-2.67698
-0.372455
0.717325
-0.0121609
-4.86034
0.856084
1.17919
78.4462
-2.0192
1.01285
1.94586
5.56275
-0.120419
-2.48961
0.315263
-0.585728
5.13852
-6.9687
3.85291
-55.5464
-0.834206
-1.89288
-1.35468
-1.76413
2.23805
0.213919
-1.27461
-0.41221
-0.130843
-0.271852
-1.2575
0.352349
-9.62943
0.13552
-0.47155
0.018605
0.889839
-2.58132
-1.66833
1.63416
-1.69485
-2.70888
1.14131
-1.52543
-1.96642
2.78669
-0.242289
0.217273
-2.38943
0.0459145
-0.159981
2.95947
0.317406
-0.852734
-0.0885362
2.27864
-0.526803
0.615198
0.609375
0.647683
-0.327107
0.4636
1.4472
-0.027509
0.0361832
1.17279
-0.577763
-318.462
-0.487185
0.112889
1.08218
1.09646
0.593927
-1.85634
1.87167
1.2658
-4.46564
-0.527224
-1.83564
-0.563586
0.211848
-1.46654
0.0951016
0.35826
-1.01933
-1.6649
0.575188
-0.769601
0.529382
-0.464655
-3.50106
-0.424393
1.38038
0.660241
0.622091
2.2317
-0.597966
29.6568
-0.566259
0.248981
-4.61258
0.425404
-1.10713
1.11837
-1.073
0.00293684
1.58924
0.390155
-1.4409
-1.06728
-3.85617
1.15491
-0.782321
-1.40911
-4.55524
17.6435
1.67331
1.5434
-0.902724
3.98774
1.95555
1.97378
-1.1095
0.308125
0.748314
1342.14
2.45548
-1.48715
-4.6194
-0.450176
1.07074
1.56076
-0.64086
-1.20836
-0.111509
-2656.82
0.921153
15.8871
-0.827864
1.61647
-13.6863
-26.4817
0.0411879
-0.229448
-2.15282
-0.77646
-0.332819
-1.06536
-2.49527
0.275124
2.74627
-1.03918
-0.00448098
-0.0325156
-0.624894
-5.22275
-1.15043
-1.28903
0.456528
-0.513186
-0.95709
2.43201
-0.699001
1.57758
-2.71672
0.113849
0.721384
-0.533314
-1.28749
0.667056
1.25687
-7.44603
0.0366367
93.6485
-1.50965
-1.54493
1.14302
1.98788
1.29476
1.85939
18.6738
2.74384
0.537512
60.0568
-4.15589
-2.35167
0.63911
-0.187257
1.10222
0.422184
0.156829
-1.25899
-0.109901
-0.00879368
0.42164
-3.00099
1.6745
32.8839
-0.449139
-1.80069
-47.8329
-0.152686
-0.566495
1.05429
1.42075
6.26463
0.00532084
-1.73567
-2.8606
-4.38029
0.00732752
-1.28577
-0.555446
2.41768
0.825176
-1.56056
-5.51424
-0.171035
-1.36543
-0.265842
0.104108
0.176483
-1.78095
0.605645
-0.456373
-2.57601
-20.562
3.14466
0.428457
0.154302
0.150045
-0.662323
-2.8151
1.09259
-4.52818
1.21762
1.67064
3.00123
0.698651
0.663565
-1.02764
-0.60082
-0.583498
-0.587423
-0.966543
-1.35871
3.85329
2.04863
0.931715
-1.14945
0.205629
-0.516738
-0.179749
-0.23413
8.1508
-1.35737
0.979891
-2.10731
-3.17907
1.93396
-0.164609
0.554187
-3.16038
-0.186767
0.61327
-2.01362
-0.961755
2.15745
0.763763
-0.698363
2.81914
-1.74743
1.85808
1.09039
0.773325
-0.972788
-2.98109
2.47198
0.353033
0.489189
1.02408
0.254066
-1.05105
0.254695
-0.633561
1.01734
1.0138
4.01126
0.0406879
1.23241
0.176895
-15.3613
0.236402
1.08754
-0.306157
-0.00691011
1.32988
10.6303
0.18627
-0.18715
-13.332
0.214914
-4.21903
-3.68156
6.02299
-5.43482
-0.69411
-0.104493
1.37597
-1.6383
0.37054
-7.20431
-0.684615
-3.4019
-0.902078
-0.38778
-0.167782
3.07377
-0.158999
-1.60487
0.353345
-4.69198
2.54676
-0.352834
1.47869
-0.50809
1.47569
0.144784
-0.157267
0.795152
0.201482
0.0936792
3.28649
1.48344
4.57757
4.86572
-0.724188
-0.357911
-1.6873
-1.98695
-2.02589
0.364325
-0.516125
-0.121993
-2.34113
6.12731
1.18809
0.0820023
-0.150814
0.64919
-0.966957
0.372937
4.40809
0.0349367
-2.17331
0.512584
-1.13369
0.391932
0.566982
1.44404
0.696435
0.603375
0.289605
0.839687
7.7238
-9.76454
0.391152
-1.55903
-3.34737
0.343726
-0.402417
-0.662812
-1.06328
-48.5472
-4.0167
-12.3628
-2.77314
21.3998
-0.545148
-0.0535409
0.095771
1.2174
-1.08184
1.12207
-1.49456
0.0448984
1.05709
-0.294085
0.0214588
0.638627
-7.6457
11.9964
-10.0462
-2.79353
1.14157
-0.534403
-11.4207
0.132077
-0.292017
-1.17775
-1.52343
0.210575
-1.1979
1.7556
22.3227
0.333
-0.619182
-1.98309
0.685542
0.643727
-7.32842
-0.904173
201.609
10.3768
-0.676573
-1.73391
0.923117
-0.209965
-0.447599
1.30422
1.83769
-0.52069
-3.11036
1.1545
-13.6742
1.96952
-0.297206
0.872831
1.34952
0.910623
-0.999883
-0.400867
1.2976
0.769459
3.32576
-0.511223
0.631349
-0.954704
-0.236771
1.91108
4.25187
-2.69995
-0.494761
3.06174
-1.47732
-1.60568
0.366214
4.20757
-0.477794
-0.460581
0.347363
-0.289811
-0.101647
-0.0587035
-3.70827
1.33041
-3.53681
-0.593354
0.315675
0.440758
-1.15618
-1.53155
-1.30034
2.09441
0.385712
1.28465
1.25526
-6.7843
0.668068
0.784319
-1.00315
1.56622
-0.849131
1.73895
1.11809
0.0715355
0.638631
-0.461822
-0.852339
2.26858
-59.6545
0.311301
-17.0316
0.80817
0.985918
4.10649
27.9619
0.237566
0.0724056
-4.17075
-2.2685
1.18758
1.63805
-6.75921
1.6476
1.09416
-0.106738
1.65266
-2.97326
-0.546098
-1.2969
3.93849
-8.31505
-0.793024
-2.92828
0.822596
-1.22951
-2.3924
2.12143
-1.3224
0.350529
-2.13603
0.0537032
1.38187
3.90249
0.94932
1.9747
25.0824
2.06635
4.54694
0.914757
0.479824
0.622414
0.0945727
1.03622
1.3596
-0.455394
-3.61127
-0.723218
-1.06359
-0.863598
-0.234344
-2.46509
-0.124455
-0.25942
0.270693
2.87123
0.947322
-0.947277
3.89282
1.60853
0.435265
0.537809
-0.552819
-0.807402
2.37068
-0.644091
-1.22247
-15.9101
0.0632544
0.904981
0.221923
0.645017
51.981
-1.23511
0.782748
1.20263
-0.817861
6.16328
0.758866
1.12242
-1.54015
0.618166
0.802654
3.92849
-159.416
0.176961
0.0458513
-1.84127
0.717714
-10.213
-0.561202
0.374156
-2.22219
-1.49316
-1.89525
2.48904
-0.0111082
1.85735
-3.7913
-0.243743
0.135094
-0.866327
4.76053
0.0622546
-0.631009
1.17486
0.126748
-8.69314
-3.83945
0.393082
-0.26184
-1.50118
-4.29944
15.9994
-1.8882
0.876724
2.0709
-0.168763
-0.131201
-3.64687
2.59267
35.2758
0.579834
1.3373
6.27586
-6.90103
0.0123084
0.499358
-0.350644
0.764525
-0.46915
0.305668
-0.149345
14.6475
-0.616862
-0.0972632
-0.664227
-0.273925
0.770237
0.556808
-1.27892
-0.893425
5.73938
38.8405
-0.669828
21.0337
-0.208056
-0.278432
0.300927
-0.408727
-1.04944
2.32474
0.733521
-0.263391
-0.61761
-0.476501
-17.57
4.30961
-1.48174
-0.921204
-0.894152
0.673811
-0.188881
-0.156797
1.38464
-2.79143
-0.908197
2.74042
2.40561
-0.000105325
0.30196
-1.1007
-2.28699
-0.052134
11.1385
0.478769
-1.27647
33.2967
-4.52445
1.13879
0.832716
0.036784
1.09534
1.18917
-1.10143
0.704483
0.97245
9.10763
1.28474
0.143194
-5.91232
-1.09113
-0.142578
-2.32269
0.842633
3.35342
0.458154
-1.17382
-2.12208
0.185048
-0.826694
-1.05107
0.30295
-4.59526
-4.08632
-0.774116
-1.55104
33.7498
-3.01179
0.671469
-0.438574
1.43007
-0.159578
0.500709
-0.400165
3.03139
0.968316
-0.458516
4.37639
0.0980469
1.80129
-1.4486
0.507974
-0.359493
-0.991423
10.3866
0.53034
-4.21209
-0.237905
-0.408614
-4.15655
-1.63009
1.23206
0.0435744
0.357056
-0.587326
0.782109
1.26881
-0.691689
-2.72125
0.493317
0.243092
-0.783395
-3.18757
0.040545
-2.98456
-8.69943
0.446751
-2.33096
5.79106
0.299739
-2.11828
-0.708787
0.749104
-0.276586
-0.745805
6.47336
1.3408
-1.94458
-10.0013
0.111209
7.25439
-3.59927
-5.23795
0.566041
5.06615
0.49319
-42.8144
-2.9967
0.65886
-1.62324
0.305733
-0.543102
2.94387
-1.73797
-1.04255
-4.68362
1.07191
-1.52513
2.43321
-0.651587
0.162062
16.4442
-0.734386
-2.05838
1.60422
-0.511835
0.582924
0.234529
3.83527
-0.357127
-1.34407
-0.762741
-1.51641
-0.0555086
-4.19722
0.865235
-1.00532
0.178716
0.692462
-25.6452
0.945493
1.1845
-0.778662
-1.17151
-3.20072
-0.565077
-0.315733
0.538469
-0.921736
-0.240569
3.40334
0.363877
-1.02144
-0.780721
0.0619991
-1.21972
6.34272
-1.25015
0.82906
-0.802895
-0.0993435
-79.0593
-0.689007
0.365261
-0.962554
0.0823321
0.993429
-1.0627
4.46562
3.55904
-1.1776
0.0392724
-3.36027
-0.592365
0.0788469
1.09401
1.5525
0.436977
3.46045
-0.963146
-0.525485
4.25317
-18.698
18.0608
-1.33818
0.897274
-0.984075
-1.51535
-0.66315
-1.17703
-0.0469639
0.0592069
0.0583182
0.459217
2.98391
-1.4694
-2.53818
-0.497064
0.404586
-0.625134
-2.54311
-24.1183
-2.00169
3.77995
-0.0352863
-0.468145
1.19991
6.65061
-0.323824
1.08988
28.2005
-0.432188
-0.582327
0.327571
1.40447
-0.742875
0.405337
-1.04638
-2.14956
-1.19986
0.0535185
-0.984323
-3.42066
1.28906
-1.12933
3.12673
-0.0543466
-0.829612
4.11837
-1.98763
1.30518
1.15341
1.33647
-16.4559
-15.0758
-7.81832
-0.240045
1.2657
1.48966
0.300999
3.70442
0.300445
0.122356
-1.21231
1.09621
-10.3166
-1.20573
-0.00857595
-0.255503
1.33623
0.356836
0.185745
-0.00643437
0.155993
-308.032
-1.35752
-13.4811
0.757667
-1.0163
-15.0648
-3.03681
0.259215
0.608854
-0.507974
-1.12061
-1.14432
0.171673
1.10448
-1.72581
-27.5043
-0.918481
1.22546
0.854284
-0.869276
-15.5344
21.6244
-1.44509
-1.81907
-0.662206
0.877474
0.748185
-0.410765
1.54133
1.93568
2.53587
7.93801
-1.23012
0.523087
1.0987
11.7678
-0.54309
-0.486688
-3.1257
-0.0141522
13.7471
-0.0166502
0.859202
-0.068513
0.26256
5.80177
0.642274
-15.0992
0.765835
0.275832
0.170162
-0.823578
-0.265243
-2.33871
-2.91151
0.930977
0.600115
-0.294976
-29.9148
0.234458
3.20926
-0.556204
0.863936
0.53534
-0.197909
0.917639
25.304
0.894868
1.11159
0.00974933
1.08782
2.20276
2.58604
-0.022286
0.332419
0.644105
2.43314
0.377017
-0.122166
-0.0122199
-1.6803
3.52167
-3.17084
-0.562026
-0.784632
1.20851
-24.8573
0.0865822
0.29458
-1.0786
-0.642852
1.46588
0.344416
2.41175
0.669995
-0.423139
-1.56009
-0.580462
-2.36374
0.34452
1.88157
-32.0494
-0.419678
48.0015
-0.185924
-3.31895
-0.0366507
0.00314495
1.30691
0.0812818
-1.00623
4.26653
-2.86668
0.254472
-2.02782
-1.4105
3.18028
-1.39109
0.622249
-0.939301
6.19215
-1.73901
1.78652
-1.37573
-1.46844
0.837332
0.163917
-1.95117
2.32117
3.20221
1.26975
0.580329
-0.874017
-0.430922
-0.6489
28.3227
-1.60831
0.198649
2.21698
-2.04486
1.01438
-56.992
0.555351
0.917213
1.80217
0.254962
-1.11055
-0.592326
-0.104164
-0.720251
-0.028604
-0.464428
1.29204
-0.753176
0.230848
-6.45492
0.909851
-1.34654
-1.46659
0.304434
2.41792
-0.0738172
-13.6331
0.68744
1.0652
-1.23988
-0.260349
-0.0614512
3.1229
-1.47259
2.7512
-0.687527
0.201335
-2.29027
0.77354
-0.279155
-0.135187
0.112593
1.47427
-0.0403801
-0.227372
-0.912723
-79.6045
-0.231223
0.406954
0.87024
0.520861
12.4987
0.920841
-1.76583
3.29524
0.422104
0.0583089
-0.613044
0.514157
1.21587
-0.903778
-4.15865
3.89744
0.33707
0.949661
-1.09483
-0.0345894
-1.06869
0.228302
-1.16418
-1.21437
0.514898
-1.56139
-0.483139
5.22878
-2.0925
2.43546
-1.44677
0.323889
-0.131499
-0.239073
-0.429543
-0.171521
0.59237
-5.14217
-0.991281
-1.63652
1.09618
-7.38308
-0.527233
0.265413
-0.405834
1.38246
0.745982
-3.09773
-1.08421
-0.400461
-0.615134
0.91735
5.27885
0.523258
0.623398
-1.98212
-0.013016
-1.57468
-3.61756
0.0549433
1.56859
-21.1201
2.1116
-0.641446
1.99387
-0.456125
0.587294
-0.206282
-0.745358
-1.17659
-18.1694
1.26809
2.70763
0.11525
-2.31368
-1.57932
0.539573
1.68445
25.7027
0.153859
0.00648904
-0.0182223
-0.798542
-0.0380908
0.00476775
-7.45887
-4.2433
1.42661
-0.000534592
2.04428
5.74089
-23.0737
-0.691232
0.931666
0.0594676
1.69568
-1.87612
-1.18988
-0.743285
2.4585
0.0154991
-23.5962
1.83661
-0.34751
0.0846893
1.59941
0.887827
0.451808
-0.679845
-0.955616
-0.288641
-3.31016
0.0471123
-0.220037
-0.20208
-0.71098
0.216881
33.6584
0.552898
8.12429
2.68909
0.271001
0.240585
0.945382
1.00453
-0.835841
1.26859
0.178599
0.239867
0.134995
1.27263
-1.14529
-3.07971
-0.182929
0.596675
-0.197815
0.537014
-0.700956
-2.37826
-0.414062
0.701854
200.596
-3.12497
-0.45632
-0.320035
-4.93025
-0.661404
0.450367
5.19431
-0.89638
-2.50592
2.21659
0.832849
4.18512
-0.0939861
0.482376
0.41921
5.48551
0.30494
4.9654
-1.07537
-0.0815091
-2.6175
-0.510754
-0.608888
-7.52557
0.28466
-0.00241154
46.6425
1.24804
-0.41127
-0.043933
-0.370985
-2.23735
-0.222206
-25.6975
0.210509
2.50911
1.93645
-0.771312
-0.715031
-0.0184566
0.591845
-1.86261
-3.54402
-0.814862
0.353628
0.354067
0.338503
5.40695
-1.34628
1.96683
-1.17635
-0.564829
-1.2501
-0.0657028
1.31376
-0.0369984
-1.48135
-11.8997
1.3887
-1.18302
-0.0871094
-1.75703
-3.02528
0.521014
-1.21122
0.263047
-1.20062
-0.881342
20.0692
-1.64277
-3.24062
-0.66185
-0.0720933
0.61484
-0.842771
-10.1655
-0.84471
-0.694043
-0.78998
-0.733362
-0.694963
-1.58391
-0.545582
2.83053
-0.168792
18.0311
-9.6523
0.206232
1.28338
-0.0824796
-1.27303
-0.0672584
2.86992
-1.45757
-101.742
1.22781
-0.102496
-15.8952
-1.66484
-8.66379
0.979916
-0.772411
0.0202597
-0.332441
-0.319577
-1.70184
17.0142
-2.85904
-3.29821
0.159875
1.80977
1.87839
-1.51372
0.0777393
0.583393
-0.59204
-17.7884
2.40333
0.674878
-0.118402
-0.164438
1.7137
-7.22747
106.018
1.84879
-0.233338
-0.338881
3.10208
0.656473
1.86943
2.16943
-3.01529
1.01717
-9.01296
0.342707
-0.789569
-5.91258
3.14202
-0.0171532
-5.9894
-1.18064
-1.61938
-0.0300238
-0.721058
5.7562
-4.51853
2.01621
7.99976
-0.569118
-2.62863
-0.558425
-0.275057
1.48867
0.194846
-2.21861
-0.105187
-1.49015
-0.577294
1.36932
-8.34408
1.25728
6.46519
0.609902
-0.201264
-1.734
0.985657
0.34148
-4.36731
-1.66889
-1.82064
4.09465
0.0851936
1.28491
-0.148422
4.3638
-0.156119
1.52543
0.287612
-1.70183
0.398094
-0.670507
0.637086
5.70382
0.579728
1.1943
3.96721
-1.56435
-0.21654
-3.07772
0.0526974
-0.313759
8.43219
0.163814
-3.74629
-0.0361651
-1.41862
-2.99833
0.141493
-0.940681
3.16819
-0.610414
0.528744
-0.303231
-0.848641
-0.0661375
-23.3273
0.228655
-0.36733
0.0810597
0.371996
-0.613985
1.29474
0.381414
-0.323295
6.44726
1.26374
17.5781
0.722127
-3.73936
2.3096
-0.411014
-0.748301
3.4274
2.00462
0.55862
4.55292
0.00576318
-4.99521
-0.0890388
-0.244932
-0.344493
-0.533102
4.61592
1.65526
-0.569007
0.199787
-0.520142
-0.6954
0.859888
2.15096
0.997324
0.897592
-8.1775
-0.251348
2.21968
0.25611
64.7349
-0.712032
-3.09738
-0.569654
1.38462
0.853806
-0.100975
-0.773995
1.02477
0.17722
-0.716645
2.96644
-0.715749
1.49797
-0.855573
0.469915
0.207726
0.182937
0.319415
-6.84802
0.301861
-5.23899
1.51688
0.239757
0.409928
0.724654
0.385222
-5.53246
-0.442552
-0.0831657
1.11837
-0.376644
-0.905582
0.665344
12.2177
-0.158632
0.802434
-0.298156
-1.35147
-8.228
0.778903
-0.219327
-0.5739
-0.0157504
-1.36095
-4.13015
-0.55434
-0.474363
2.04929
-0.614633
1.21995
0.779657
1.31473
-1.35141
2.08976
-0.484329
-0.530167
-0.624238
-0.72593
1.56189
1.30266
-1.75124
-1.31629
-34.826
-0.0360457
0.575721
0.197218
1.10957
-0.00436089
-0.981057
-1.40873
0.437738
2.57169
1.21646
-7.19906
-0.283087
1.65404
-0.634671
0.00529278
0.259354
1.40669
3.21143
1.12655
-1.02438
0.0835541
-156.522
-0.321692
0.0255122
0.401801
-0.551884
0.579711
-2.33357
-5.09551
4.72426
-0.87193
0.342035
0.141171
2.44472
0.719433
-0.212932
-0.0231787
5.1325
9.28882
-0.41345
-4.58372
2.2206
-0.143684
-1.32154
9.89756
-7.55962
-1.07142
-0.561416
-0.12104
0.857243
16.4574
-570.831
0.403487
-0.636318
2.9459
1.02346
0.0843657
-1.10418
-38.7135
2.47161
1.37406
-2.88657
-1.10561
142.25
0.84314
1.90815
0.652652
0.962167
0.303623
2.23983
0.905311
-0.075993
0.0715888
0.0152697
-1.27171
0.545595
0.655356
-1.72822
0.932518
-1.76521
0.297692
3.90939
0.290907
-7.91979
-0.295549
0.338095
-2.985
1.03031
-7.31446
-2.24447
1.68832
1.25232
2.12525
-0.816305
-0.0990448
-1.72192
0.341577
-0.627255
0.684309
-0.958026
0.498464
0.00593761
4.66725
0.976787
-3.57157
-0.891168
-7.73587
1.18028
0.594902
0.563251
-0.255764
1.90527
33.8594
0.656834
-0.107201
1.83785
26.2313
-3.61905
-4.88119
0.752489
0.0541735
0.561656
0.83307
0.333114
-0.168294
-0.237394
-0.633603
0.0159972
0.260572
4.05199
34.4319
-0.668639
-0.519924
0.626541
-0.332666
-0.558435
0.7811
-1.02475
1.13122
-0.204787
2.43946
-0.453278
3.00174
-0.206314
5.90401
-0.0490905
-0.208006
2.62778
0.0483617
-0.198682
-0.861528
-0.158726
54.7609
2.76462
-0.776906
-0.143186
35.7063
0.59523
3.69696
1.86075
-94.2215
-2.11991
-371.083
6.14585
0.501298
2.08399
-0.928066
-0.0145202
-0.485032
-0.289607
4.27986
0.650824
-0.373615
-67.018
-0.359075
0.133074
1.74891
-3.51096
2.17128
-2.1134
-0.038781
2.77591
-7.84352
-2.42102
-0.19887
-0.514701
-1.71376
-0.54202
1.23177
1.7538
3.98693
-0.947227
9.36427
0.564164
-1.921
-1.24262
0.626107
-0.485084
0.132684
-0.571585
-0.831431
0.1903
3.38745
0.635653
0.190089
-0.114773
0.248107
3.13671
1.80726
-0.174046
0.187015
-0.114153
-8.23314
1.49399
-6.30772
-0.622975
1.69091
-1.84718
-3.44533
1.20981
-0.454044
0.49353
-1.02668
0.513768
0.845166
-6.49735
0.255937
2.73318
-1.72024
0.0902817
-0.250854
0.488971
0.72885
2.0032
0.794824
-0.76094
-0.240907
-1.1865
3.02641
-1.27197
1.48515
-0.356455
202.773
2.41108
-1.04898
1.01645
-2.53667
1.22231
-1.84391
-1.23648
-8.55176
0.309431
0.625326
0.626137
0.660155
-3.36917
0.921632
0.827618
0.414437
0.247919
-0.398043
3.59852
-1.13758
0.787374
2.04123
4.02326
-0.98716
-0.555262
-0.587447
-9.40688
-0.734796
-1.0258
-0.938935
-1.42233
2.22671
0.989524
-0.235875
5.16972
-1.99981
0.313
-0.830267
-0.0295374
-0.136056
2.21813
12.273
-561.249
0.0697314
6.12937
-0.475176
-0.684582
-1.68441
-1.07235
0.157645
-0.544268
-2.73303
-1.68484
-0.237756
0.26631
-1.20003
-0.0817979
2.14966
1.32921
-0.261661
-1.08628
-0.0819953
5.30019
3.7828
2.94945
-0.0361638
-1.04857
-0.933746
6.81424
0.599712
-0.377148
0.158559
-45.9555
-0.0740103
0.113075
-5.50718
1.22508
-2.05184
-0.604378
1.25203
-3.7646
1.77347
-1598.3
-0.321413
2.32545
-0.4712
-2.61565
0.172284
0.90646
-246.457
0.475524
-1.11037
0.119329
1.19409
0.953317
-1.70364
0.154723
-1.16263
0.319124
-1.88548
-0.360342
-4.64725
-1.36743
0.423943
-18.3273
1.41432
-2.3261
-3.14122
-18.0373
1.38176
-1.61148
0.706494
2.48545
1.17334
-0.106178
0.639117
1.1931
-4.60039
-1.97298
-0.195623
0.833295
0.205437
-1.02678
-2.28822
0.170883
3.99629
1.36975
-0.342819
-1.07648
0.590047
2.84034
0.440265
0.239878
9.5573
0.62508
0.126341
2.09741
-1.92681
-0.592952
-0.371875
-0.365415
1.10377
-0.0068028
0.235033
0.550335
-1.04504
0.692121
0.141603
2.76344
-47.0084
-2.66403
3.16735
-0.199385
2.48428
-0.598168
-0.186857
6.06278
0.329013
-0.808793
7.36325
0.238842
-0.236658
-0.706477
-0.590229
0.382264
-8.26318
0.410246
-1.63225
41.067
-1.12377
2.54745
11.9655
-1.90537
-0.250415
1.93686
-2.01718
1.703
4.44122
7.86796
-6.36369
-1.6075
0.478873
-0.745616
13.3852
1.14961
0.85483
-0.398728
-0.30447
-2.52145
-2.73215
-4.78083
6.05589
4.16977
-11.042
-2.65145
0.524477
2.72898
-0.328275
0.436401
-11.9368
-4.8377
8.43231
4.13806
0.118853
-3.45081
5.35138
0.843308
0.428253
0.563636
-0.646563
1.26247
2.25114
0.167862
1.36312
-0.109518
-0.262166
0.444233
0.138635
0.294535
0.318667
8.02906
-2.18268
-0.853303
0.534204
30.4418
-0.743283
11.3314
2.87434
-0.379383
1.19805
2.42062
1.74535
0.926005
4.56123
3.55389
0.518026
-0.976936
1.09034
3.3358
10.8655
-1.37622
-1.70886
1.41583
-2.36433
2.09309
-0.365843
-3.16247
-18.8406
0.867717
2.68467
-82.9701
1.24117
2.41928
0.578167
0.71439
-0.500487
-0.85341
0.723514
0.392469
0.14332
0.30475
0.211101
-66.6687
-0.762842
0.584064
0.328297
-1.11356
51.9317
0.0701561
0.771472
-1.73173
4.47904
0.166304
0.0631958
0.281506
8.16925
2.42979
0.0805186
-1.59709
-0.132849
38.9529
-2.22007
2.09564
-1.12669
-3.60643
-6.02024
-48.5699
-0.344464
-0.0979408
0.895227
-3.73124
1.61581
3.07874
0.940217
-2.72697
1.68999
0.463866
-0.822975
0.136406
-0.00131473
3.17143
0.830321
-0.866763
8.45561
0.318315
-1.50665
-0.158584
0.905971
-0.446093
-14.7273
0.301408
1.10658
0.589751
-0.0846679
-1.7819
-0.123153
-1.34216
-1.48046
1.7364
0.52765
0.772662
-0.736749
-0.608331
-0.436211
0.00711287
0.636293
1.31079
-0.127019
1.70754
2.02799
1.55456
-0.104694
0.3878
-1.05458
-0.454218
4.72407
-4.12309
1.13911
-1.37684
15.1068
-2.34947
-0.914967
-2.87238
-0.660575
-8.37261
-2.50908
-0.0960943
-0.160957
-4.20102
1.7711
0.59958
-0.909026
1.03892
-3.26777
-0.498909
-1.91959
2.19632
2.18622
-0.770431
0.728355
-0.947642
-0.917526
-2.88968
0.325461
8.66733
-1.16523
0.492512
0.509707
-3.91768
-1.55181
2.04807
-15.5077
-3.97701
-0.0662458
4.03598
-0.31084
1.22283
1.57739
2.16196
-0.891598
3.0443
-4.57704
0.38422
0.661051
-5.45395
-21.0483
1.24784
0.241908
0.639052
-0.187712
0.885401
0.208721
-0.582338
1.02745
128.195
-104.118
5.35468
1.20516
-0.257991
-1.27343
6.50428
0.565896
-0.627691
-0.731742
-0.465492
-0.417039
1.75036
-0.265569
-17.3375
0.272256
-1.89954
-1.6072
0.423031
2.09501
5.48111
-3.40484
0.821868
0.163501
2.8626
1.07456
-0.415514
0.72725
-0.221674
0.415974
0.284684
2.39994
1.41078
-2.6565
0.561624
-0.200012
-0.135757
-1.52471
0.229826
-0.609332
-11.0058
-0.374516
-0.0735654
-1.71627
7.96219
0.115467
9.76457
0.739769
-0.730546
-1.86992
0.413568
1.32369
0.046951
-4.10298
-0.450061
-1.30492
-3.47701
-6.5364
-2.82435
-0.298003
-0.687629
-2.1518
0.183805
-1.10576
-0.168705
0.296861
0.0913429
-4.53629
0.737519
0.298983
-6.40546
-1.50125
0.10012
0.71368
-0.21321
145.717
-5.16671
-8.66779
-0.866311
-260.706
-31.7546
2.69888
0.367629
4.42459
-8.08669
0.665776
3.32096
3.99825
2.57293
0.601953
-0.602976
-8.65898
-0.43892
-0.987078
1.25521
-14.2949
-5.18469
-2.1703
-1.56523
-0.247693
-0.65938
0.88127
1.44704
0.858036
-4.5482
3.09398
4.18059
0.798113
-0.15996
-2.02176
10.3861
-0.450567
0.294865
-1.60833
2.51462
1.09552
-2.05037
1.11156
-1.3782
-0.0248302
-0.765173
0.505317
1.59765
2.40228
-0.843498
-0.85311
384.352
-0.823658
-0.713407
-0.868364
-1.16027
-0.743882
-7.06766
1.34459
-4.33376
4.93806
-3.72012
-18.0264
0.104155
-5.55394
-0.0547417
-0.060946
-3.01739
0.0527752
16.7249
1.70224
1.16062
-0.459025
-0.706994
0.413993
0.349612
-20.4099
0.870426
1.9196
-0.657999
-19.1021
-14.2919
-15.6764
-0.247608
4.92196
-0.407048
-5.79499
0.927699
-0.525832
6.26149
-0.512612
1.03325
2.93421
0.754728
-1.17957
5.78559
-1.28345
0.464688
-7.28401
28.1501
-6.23704
-77.9195
9.30904
-0.132381
0.319821
0.296797
-12.4361
-0.13548
-0.582898
-0.619236
-0.928329
0.223526
-1.05922
0.552758
-1.24069
-1.03649
0.292675
1.11393
0.946609
0.0815696
0.0746387
-0.191437
0.247521
0.926076
1.74386
-1.42577
-0.546873
-1.30826
1.00437
-1.55591
1.37166
-2.18044
0.871736
1.7722
1.15809
6.02667
0.113751
-0.861157
-0.0107157
-0.320633
-0.0771655
0.915666
-0.0648966
-11.4152
1.09722
-1.96643
30.8302
-1.15283
-4.56228
0.643072
-0.325533
-1.54315
-1.94167
0.572869
-0.340838
0.164554
0.828694
-0.540148
-12.5393
35.2879
8.69657
-0.276851
1.55269
1.41248
-10.7396
0.635487
0.851424
-0.27217
5.78702
-1.09039
7.76534
0.587006
-2.22327
-0.306692
-0.552811
8.12003
2.68907
-0.906448
-0.252997
-0.0845392
0.845969
-1.28804
-0.126472
3.23953
0.41235
-1.08044
-0.473573
-0.125631
-0.526786
1.79617
0.527267
2.68618
0.176429
0.0291927
21.5667
-1.30081
8.43682
0.507397
-1.183
1.1621
6.09755
-0.997253
0.623345
-1.19006
-2.52884
-0.860731
1.29735
-1.8808
0.0282214
0.352439
-1.74709
-0.592268
0.000262627
-1.49676
-1.25518
-3.84458
1.00296
-0.805253
-0.327671
4.77859
4.1153
0.307537
3.21438
0.843397
0.953015
4.97854
-0.778425
-0.358686
-2.31106
2.26443
0.740532
0.0912269
1.3414
-4.36994
0.0878672
1.46043
1.81643
9.75399
5.86223
-2.65648
0.139821
0.677014
-2.00423
-0.153562
1.04182
1.16242
-0.926402
0.561403
0.823297
1.86737
-0.40902
0.0997952
-1.42145
-9.26822
-13.2803
3.31655
0.833858
-0.0966105
0.606098
0.809859
-5.66091
1.17184
-1.71824
3.37409
1.23633
-0.413182
0.291891
3.50571
1.23815
-0.197938
-0.606809
1.25421
-1.33938
-2.70424
-0.614208
-63.2877
1.86064
0.949908
3.11784
-0.719924
0.759265
0.301035
-0.133922
-1.68413
-8.71385
-0.571979
1.45553
1.25786
0.0848626
1.18073
-0.127719
-8.0682
1.10762
0.503002
-1.55244
-0.928366
-0.763118
0.0912733
-5.39694
0.322127
-24.1221
-4.87074
-0.701026
1.48999
-1.67268
1.71138
0.0738847
-12.6733
-0.194703
-0.0759093
-0.122285
-0.933009
-2.75122
3.62314
-0.67429
1.41356
0.268775
0.47001
-0.93208
-8.10615
-0.883771
0.341586
-0.533043
-0.00461401
0.442568
-0.594061
-0.713884
0.920071
10.6563
-1.3771
-0.0959527
-0.859942
0.553001
-1.21461
0.985748
-0.701519
0.528475
-0.00134748
-0.54063
3.7917
0.496378
0.646981
0.276299
-2.90071
-0.251947
-0.760574
-2.45947
-0.02604
2.10099
-1.14941
7.28045
-3.71868
1.03778
0.141706
8.38571
13.5912
-0.0997401
-1.73061
7.30934
-1.16684
-8.03535
1.36502
-0.952626
-0.645695
-0.200225
-0.771775
1.84613
-2.0322
-0.61131
3.18404
-2.36936
-2.6793
1.89727
1.49893
-0.133372
-1.8389
0.831049
-5.58343
-0.214415
2.3218
3.24897
0.475457
-3.24192
0.0403812
-0.0225617
-0.390309
-13.7932
-1.38855
2.67216
-1.72433
1.10806
0.281489
0.949886
1.05851
0.409442
0.455582
-2.0391
-1.68985
-2.31931
1.38099
-2.15807
-0.0558193
-18.401
2.25111
-0.721851
-1.45702
10.9564
0.912083
1.56809
-0.173533
1.29899
-13.4664
-0.218897
1.19403
-0.96343
0.166031
-4.20005
-9.62312
-20.8581
-0.054474
3.50041
-0.476959
-0.648681
-2.07396
3.62085
0.521269
0.86744
-2.97037
-1.35116
-1.40142
0.874777
0.594533
-9.2427
4.88806
-5.19713
-1.32719
0.103099
2.18557
1.91429
-1.94608
-13.7491
-13.908
-1.09063
0.984428
8.61045
5.64036
1.84561
0.131731
6.46622
-4.24894
-0.0538123
-2.16444
2.05194
-0.464049
-0.427124
-0.179584
0.714093
-2.08085
-1.37527
3.15467
-1.6536
0.220331
1.02592
7.47662
0.0862754
3.57599
-0.327611
-11.1914
-0.187206
-2.03055
0.706061
-0.000369145
0.106626
-0.260496
0.293599
-1.22185
0.00383955
2.23354
-1.18373
-0.19441
0.264723
1.87714
2.3403
0.0341067
-0.175015
-1.5988
0.097478
-0.673327
-0.404001
1.11666
13.5801
1.0988
-0.715919
-1.31398
4.53542
-5.734
-1.66871
1.30953
0.0842961
-0.505273
-1.46512
2.86016
-12.6256
-1.29987
-0.0567622
-0.289267
0.259368
-5.6484
0.674707
0.569618
0.23659
-0.514575
11.0167
-2.00169
5.66713
0.642572
-1.30731
-1.55709
-0.558009
-1.86533
-0.462358
0.217102
-0.16418
-2.74285
-4.81489
-3.54213
-0.305286
-0.115821
3.6371
0.136334
0.374211
0.728892
1.98616
-0.0835442
-1.45387
-0.453866
0.300494
-0.559292
1.14758
1.25604
-0.0405899
1.29964
-0.308947
-4.20543
0.265163
0.093012
1.133
1.44165
-2.48773
-0.598107
1.66827
0.206705
-0.802012
0.140856
4.88891
-3.62271
0.82568
-10.054
1.00606
-1.14321
-0.594244
0.619558
3.29184
0.539066
1.36743
-0.139646
-0.729814
1.50929
-0.0449223
2.07183
-0.596612
0.738792
-0.484809
3.96116
1.29424
0.688874
0.484972
-2.00373
-0.840232
-2.74501
0.046151
0.227461
0.0781132
-1.82418
-1.01261
6.67445
-0.0530767
-0.0225114
2.26271
7.19705
-1.73781
3.23353
0.9023
-0.823192
-1.47038
0.150919
2.32174
-47.3119
-7.55868
-8.39865
0.340677
-11.4017
0.302577
-2.38839
6.00216
1.50186
-0.750262
-1.96322
1.67042
-1.19102
-0.372082
0.0892624
-1.1502
-0.0336526
2.53812
0.92637
-1.42666
-0.208691
10.8216
0.436237
-13.3407
0.278454
2.38623
-8.79547
-1.4809
-2.08845
-0.582831
-0.815826
-0.823098
912.597
-0.023918
1.36304
1.23305
0.930639
-0.0498194
-4.99671
-0.727598
-2.43019
0.283312
2.77563
-0.625927
-3.91896
0.739883
31.8331
-9.53007
-2.36662
-1.78139
0.630219
-0.276475
22.3238
0.156847
-13.0073
-1.43169
0.431088
0.774036
-1.6959
-0.383127
6.67719
2.64654
-0.531204
-0.753775
1.7477
1.77278
0.191849
-0.184204
-0.110262
0.796071
-0.93926
0.148647
-1.45919
1.05836
-0.0231037
-0.86993
1.15665
1.26134
-0.459165
-0.673042
-7.02695
1.25484
0.423236
-1.56122
1.05573
-0.339641
-5.79261
-0.128909
-0.29814
3.4859
-0.379974
-0.334242
0.336366
1.11545
4.34759
0.535974
10.0661
-6.10034
0.650139
-0.261393
-0.442577
1.70594
0.555624
-2.29283
1.12093
-0.598625
-0.523146
0.394052
-0.739282
39.5886
-9.06873
21.4234
0.252907
-3.56489
-0.163919
0.0866593
0.731152
1.24969
-0.0381203
0.21725
6.87858
-3.17047
-0.516953
-0.50498
0.200477
-28.7639
-1.20735
1.22183
-1.86125
0.0999971
-0.352607
-0.223896
0.836245
-3.9708
-0.93307
0.0733854
0.868025
6.26485
-0.549341
-0.664983
-0.380757
2.39932
-1.98259
0.78694
-0.663357
0.156853
-0.136867
-2.04356
-10.2218
-0.0374556
3.25603
0.120832
0.216622
-0.167289
2.94083
5.02605
-0.533301
0.25864
1.77233
0.722096
-0.302562
0.534722
0.0470854
-1.71432
0.670654
-4.2641
-0.493574
-0.141777
0.837975
1.48009
0.247286
3.37203
2.67113
-1.69224
-0.0481104
-0.568454
1.10051
-0.097203
3.93117
-0.245268
0.153594
-0.0481226
-12.2206
-0.914886
1.71937
-4.33225
-2.27878
1.747
-5.9351
-0.928211
-0.317681
1.04866
0.463171
-0.696586
-1391.46
-10.8687
-0.276179
-0.688099
-1.49481
0.525279
1.43524
0.876566
-2.61277
0.14493
0.967296
-0.529716
40.9629
0.29278
-0.853577
-4.64425
1.78325
0.399932
1.21753
-458.566
4.74877
-2.24966
-3.37961
0.267887
-5.61661
-107.053
-11.2428
0.402724
-0.815978
-3.56619
-5.12205
-0.616324
-1.34882
-0.08117
-0.0770493
-0.0899727
-33.7189
-3.49428
-15.3133
5.3291
0.900767
-0.649284
0.148813
0.802184
10.1916
-4.32435
-2.66041
-6.33646
17.8314
-1.73906
9.75758
2.18021
-1.38359
0.508609
-0.359904
2.03787
0.79495
2.22885
0.196339
-8.2784
-0.124706
1.55562
-0.938715
3.86676
5.97342
-13.7021
0.511127
0.285405
0.0453289
0.843021
4.87341
0.285441
0.76133
-44.4726
0.570745
-2.19925
2.73461
-0.13488
1.37884
0.354321
-1.11591
-3.33762
2.43009
-1.61423
3.0779
-4.65972
2.34869
18.0666
2.25009
-0.431381
0.771332
1.37105
0.213311
-5.25352
26.4763
-15.9764
-0.472204
2.57617
-9.86014
18.6383
0.683002
1.17262
-1.87495
3.08669
0.42851
-1.14977
19.2419
-0.929413
2.46369
22.9557
0.403039
2.33511
-1.76519
0.357047
-0.132399
-0.636123
0.133466
-11.6027
0.477212
-0.199987
-1.4622
4.76529
-1.53118
-0.855457
-6.00853
0.450484
0.618606
0.216513
-0.0673117
-1.35153
-0.0738933
-5.39498
-4.94481
-0.0384258
1.27465
-4.63204
-1.09736
4.19447
-1.27278
-0.405067
1.80936
-1.35655
-0.399985
1.3403
3.90755
1.37046
-0.543702
-0.927019
2.47308
-1.31085
-3.59811
-0.275361
58.559
-0.86822
-0.552717
-1.88226
0.0439881
0.229746
0.516414
1.07749
0.454725
12.6812
-0.377686
3.08489
-0.561045
-0.315656
2.25216
1.54076
-0.913158
-0.841713
1.24304
1.36939
-1.14155
6.16403
-0.595563
0.0293455
-0.485051
-0.13845
-1.90426
-1.36402
0.39836
13.2025
0.536871
-0.401892
-0.118781
-2.79925
-1.11615
1.10179
-1.7398
-0.477861
-4.81293
-1.04157
0.363765
0.165151
1.6285
0.718654
-0.201582
-2.02389
0.956556
0.613416
-0.56643
9.98208
-0.537566
1.88495
-0.0841253
0.410465
-0.516097
-3.37828
-0.140844
-6.48209
0.665883
0.0653961
-4.98397
-5.69605
-2.70536
1.38832
-0.252235
1.14234
1.21052
-0.182643
-0.119251
5.88901
0.101439
-1.13537
0.193118
1.46424
18.9009
29.9466
5.84119
0.827724
-0.217004
4.78966
2.01969
1.98051
1.46692
-0.412641
-7.6131
0.693933
-0.720279
1.43774
-16.0144
1.59118
2.89666
-4.69703
0.2826
-1.44304
-1.16572
-3.10619
0.435711
0.564885
68.5881
32.4973
2.20143
0.0719676
-0.0523788
0.293389
0.827611
4.76463
7.95297
0.825827
5.91814
-0.714576
4.16788
-0.688672
4.63988
31.2222
-7.63417
3.3612
-1.76176
-0.128428
0.403897
1.18374
0.446223
-11.9147
0.855057
0.982323
-3.87199
1.81206
5.77379
1.07438
0.309495
0.435493
-0.669003
-1.38071
1.06508
-10.4201
-1.15975
2.35822
2.48882
1.97469
2.91435
-2.33345
-0.978117
0.172625
-0.129922
-0.808181
-0.51695
-3.68576
-4.19393
-0.744403
-1.3753
-3.36525
-2.85131
-2.95333
3.08535
-0.775878
1.34113
-0.159774
-1.06104
1.76448
-12.4252
0.621338
3.16929
-1.40788
115.507
-0.186968
0.0929771
-0.152891
0.823651
-0.914327
0.425151
-0.84751
-0.228381
-0.149138
-6.42599
-0.205454
0.986276
-1.66651
0.0347903
-0.827435
6.46913
20.1331
0.513501
3.53569
3.82503
-0.206641
6.75187
-2.83736
2.93573
-0.826834
1.28399
-2.85902
-2.74634
0.529194
-3.80022
0.683597
0.487774
-0.59941
1.06271
1.93941
-5.94649
0.0440149
-0.373314
-0.291217
0.0144964
-0.164077
3.75848
0.085915
-1.6156
1.96871
-0.117092
-0.476934
-2.21318
1.6638
1.64872
5.04297
1.35088
12.0527
-1.066
-0.0668993
-0.604798
-2.47344
0.2486
-0.453326
-0.792641
-2.10941
28.3456
-0.960882
1.05676
-0.163271
0.351047
-1.8231
0.498136
1.25216
-1.45416
-0.966179
0.00925051
0.91618
-0.860426
2.19764
6.75791
-1.3647
2.97922
-0.67214
0.035269
-0.0363629
-1.87928
0.649298
-0.0347271
4.87125
0.252847
0.576453
-3.60099
0.052301
0.293534
1.53003
-3.65053
-2.33931
0.78626
0.935969
-0.243925
-1.70742
-0.673353
1.04577
-1.89168
-0.116461
-0.865351
0.245915
0.781473
9.51869
-1.40097
-0.87162
-1.16936
-1.01997
-1.35963
-0.728859
11.4413
-0.337032
-1.98937
-1.19774
-0.393882
-0.153497
-0.0280184
-3.18813
2.44396
2.1251
2.02933
2.57946
7.55897
-0.90097
-75.5427
-0.114361
-5.5994
0.021197
1.98365
1.05557
-3.91334
3.1172
-0.356345
-0.0485779
-2.28095
1.41525
0.536297
-1.25125
-1.91438
14.6692
0.0915481
28.9322
0.292756
-0.803104
-88.7867
-0.00336564
-0.52441
3.60791
1.41346
-0.372513
7.30705
4.20837
-1.10362
4.17441
-1.31528
-1.81112
-1.09893
2.6703
-1.0269
-4.08309
1.04756
-3.09772
-2.98289
-2.55178
7.18518
0.540873
0.410157
0.891939
-2.15441
-1.97245
6.14232
2.54776
2.60015
-0.843412
-0.407348
-0.767557
2.27597
3.53795
1.4314
1.12926
0.092254
0.0180072
1.67995
0.745471
-2.11764
14.5729
-0.417441
2.33058
2.29516
-2.214
0.640827
-3.04242
-4.74495
-0.466074
-2.4745
-0.190337
3.69541
-1.40373
-0.379683
0.622688
0.596679
-0.36811
2.32066
-1.90316
-1.09203
-0.340174
0.408097
0.459017
0.951823
-2.11203
51.0736
1.03821
-22.65
-4.31217
1.06255
0.196793
-2.4353
-0.0341028
-3.18935
0.344269
-0.103396
-0.209983
-1.77394
-0.00628111
-0.23583
-0.47484
-715.308
-3.94251
-0.25704
-2.76636
1.06929
-0.131483
-0.995606
-0.105901
-1.533
0.419304
0.568175
-0.322542
1.74656
2.21979
-9.56361
-1.08663
-0.195875
0.280945
-0.449638
1.21411
-2.18742
0.854647
-0.408448
-4.5599
-0.257591
0.351445
-1.29521
-0.307882
0.732368
-9.51118
-0.500077
-0.0457877
-12.095
0.594655
-0.970871
-0.213512
-0.319583
-6.40605
0.55101
-12.7385
-3.91434
-0.442697
0.0348492
-7.45876
-1.04717
0.554199
1.06425
12.6619
0.523115
-3.92319
-1.97829
7.94811
0.563593
-3.96701
-2.39671
-1.01722
0.227189
-1.06889
5.55232
-0.966859
0.714355
0.148944
0.421298
1.51334
-3.63998
0.982582
-5.83179
14.9515
0.967671
0.577648
0.691249
-1.45847
0.169414
42.78
0.218998
-16.2838
3.44382
-1.10457
-0.313927
-0.132866
-8.1396
0.86051
-0.472674
-0.879249
-0.362585
-0.784799
4.51141
-1.06822
-1.40276
-0.9328
1.03647
1.95779
-1.22719
-1.01093
1.97547
7.72072
0.134153
-1.83792
-0.81571
0.852866
1.80552
0.620469
1.11739
-0.0768889
-1.01217
0.5728
-0.786593
0.380481
-0.268965
-0.853597
-0.304955
16.9881
56.5603
0.810037
0.576409
0.0835913
0.236864
-1.04833
2.38872
0.810111
-5.31132
-0.705701
-4.73465
0.556318
-0.525181
-3.8498
-2.0789
0.692922
1.74676
-0.190384
33.2239
1.68331
0.00757622
-0.627105
6.46055
-1.67818
-0.969216
1.32746
-36.2879
0.82361
-2.25772
-0.0605091
-0.631174
-1.89127
-1.05114
-0.322918
4.63853
0.542081
-0.361136
1.52223
0.526839
0.28099
-1.45743
0.133902
-1.02643
0.360533
0.423202
-1.82355
22.9747
-0.619959
1.16784
-2.44304
-0.520722
-0.816497
1.54528
-0.895776
-0.434516
-0.918424
2.46291
-0.243422
-1.24495
-1.16826
-3.83348
0.512969
0.353594
-0.812357
-0.46461
-1.40313
-69.768
1.38547
-0.13276
5.89895
0.246373
1.24061
0.058982
0.170859
1.05147
1.19616
0.306047
-0.846555
-1.16552
1.64837
0.213629
68.2312
5.39111
-1.50422
7.88156
11.0226
-12.8628
1.93422
-0.495359
-0.622721
1.5105
1.58506
-0.393646
-0.493204
-3.89129
-195.564
0.110795
6.35611
1.20945
0.0687237
-1.18048
-6.55943
-0.189133
-5.13549
4.96848
-0.38302
1.61623
-21.5129
-0.38923
-0.073759
-1.27861
0.928099
0.103964
-0.73692
2.1342
0.625122
-0.441767
2.29339
-48.8981
-5.8322
0.137096
1.10502
-0.210677
-1.92341
-0.838549
-1.75059
54.4484
-1.63283
0.0129921
0.877652
0.141831
-1.62622
-1.7665
0.848722
-0.610573
1.34947
1.99122
1.35236
0.358328
-0.264102
-0.239958
0.757086
-3.41108
1.41205
0.150928
2.49162
0.122299
-0.0983784
-1.06074
-0.378404
-2.95104
-0.0716585
0.230666
-24.058
1.02565
-0.403232
1.10326
-0.0896695
1.33899
-6.70324
0.917597
-4.25402
0.275279
-0.341951
1.73288
1.52149
-0.832894
1.42852
-1.54938
0.897269
5.23024
0.739863
-1.02266
0.092673
-0.990696
-0.376137
-1.49268
-0.814689
-0.385061
-9.37188
-0.395085
1.0512
1.52185
-2.51264
-0.195015
-0.0553869
1.9603
-3.13081
1.25288
1.97713
0.0267159
0.527526
1.41396
0.651542
-4.16083
0.802394
0.971387
1.07835
3.02037
-1.8699
1.59008
5.75914
0.0993942
-0.152448
-0.606638
3.66672
3.42825
0.419371
0.29288
1.29622
-1.70029
-0.248915
-0.459091
0.692181
1.02499
1.84907
0.265017
0.386472
0.210397
0.615782
-17.649
-16.5246
1.15346
-0.0190829
11.9669
0.186361
-1.12054
-0.602115
-3.47895
-0.772166
1.50712
-434.611
0.186496
1.94929
1.01685
-1.01946
-5.17085
-3.2061
1.94138
-0.416872
-13.7157
-0.306618
-1.26261
0.755768
-6.20549
1.66082
-0.130448
-0.672983
-0.282498
-0.150064
3.50406
4.55684
-0.957279
-0.516668
0.103891
-0.159636
-69.6894
0.241452
1.01391
10.3114
-0.813702
-0.273029
-4.58476
-0.298987
-0.105893
0.171787
3.23886
0.657269
1.4136
-0.0119263
-0.701778
2.15458
-1.77985
1.18184
-0.657705
-5.34697
-0.200307
-13.2518
0.308341
-0.0860926
1.3429
2.34888
-0.067721
-1.14875
-0.427413
6.86136
-0.417272
14.238
-1.78765
0.0544731
0.0493718
5.73006
-0.463989
1.08397
-0.329379
-1.32998
0.956373
-3.15852
-11.416
-0.843512
199.462
0.874994
-63.2377
-2.04983
-3.45411
-3.96005
-0.0771593
-0.0942023
1.66959
-0.0717636
0.193265
0.0528901
0.036094
0.201375
2.62981
4.84799
2.00509
-0.488018
0.0165896
0.153344
-0.194999
0.143928
0.207774
-0.823322
-1.33078
-1.2135
-0.288327
1.7243
-16.6227
2.33643
-1.13434
-1.14906
-0.362436
0.576002
-0.527365
-0.735949
25.7862
1.69022
-0.362269
-3.45022
-0.462635
0.491936
-0.0440416
-0.466941
0.534613
0.585442
-1.08196
-0.847691
6.0052
0.74485
-0.352513
-0.523463
21.7443
-2.61146
-0.473642
-29.3497
0.307737
2.89538
0.534315
-1.39831
-2.40252
-1.03806
0.123788
-3.00413
-0.607415
0.252818
0.870645
-0.427612
0.187326
0.535405
0.764217
-1.31247
2.14917
-281.761
0.451078
0.452934
-14.3475
-2.3338
0.419049
0.185261
-0.408234
0.259779
-8.23614
-1.14314
1.05038
-0.531252
-0.735936
0.317885
-2.67078
-0.306026
0.352563
0.133908
-0.634857
-0.396916
-0.831027
-0.433793
-1.9655
-0.535952
-8.33978
-3.11591
-1.99485
-88.0318
-4.06413
2.16574
-13.4306
0.327441
-1.34465
-1.58896
-0.232717
0.851628
0.439454
1.26202
0.472722
-0.434127
3.6778
5.25874
-0.43272
1.47725
0.0744776
-0.0446306
2.47754
-0.0415513
0.0994247
-0.642304
13.3513
-0.99953
10.297
1.75635
0.569246
0.849027
-0.861093
-0.432905
0.244847
1.30008
6.22229
-3.46406
5.93816
-0.073611
0.054156
-7.69364
-30.4813
1.4862
2.18492
0.549857
3.44009
-1.43884
0.125677
0.28125
-1.81724
1.51784
42.4692
1.24398
-2.94841
3.55565
-0.953399
-4.66987
0.904324
1.86491
0.972488
6.51458
0.720385
0.836584
-0.619227
-0.136738
0.680002
-21.1151
-1.70373
1.32913
35.9869
1.93313
0.417347
55.1877
-0.0415029
1.01167
0.057756
6.22982
0.00832648
-0.236211
0.725051
-0.434422
-0.103062
-4.18056
1.59927
-3.48783
0.0519624
0.973504
1.97531
-0.674676
-2.78917
0.216648
-0.684372
-22.5981
0.983385
58.9368
2.814
364.543
0.37896
-0.763503
-0.595803
-0.908794
13.3358
-1.91905
-0.73619
0.159363
-0.457438
-7.7792
9.00329
-0.940212
5.89236
1.16028
-0.591108
0.219329
-2.54477
2.33964
3.48603
-0.224205
0.277041
3.17093
-1.59146
-0.159466
0.214076
1.98577
-0.348232
-1.06865
0.749612
-0.514791
0.225717
0.987397
0.867434
-0.491772
3.19659
-0.670711
0.800375
3.06846
-0.279422
-0.0367838
-2.60358
-2.36018
-0.518917
-1.6302
0.425392
4.05864
-8.89083
1.338
-2.30175
0.456801
1.71903
-0.479065
0.348735
-7.43534
-0.405797
0.571773
-6.1235
4.86055
1.05823
0.85935
0.636667
-0.731777
-4.66323
-4.74913
-0.592225
-0.0535273
-1.92055
-7.03741
2.5895
-0.550134
1.01984
2.72328
-0.590315
4.72186
-1.22005
1.24743
-11.6657
1.10274
-0.923373
-0.0144958
0.368566
25.2396
2824
-1.81927
0.356122
1.15633
-1.22716
1.77006
17.3749
2.20089
0.771151
-0.738364
3.14226
0.728615
0.222694
-1.50457
-7.25512
2.84145
1.39299
-0.820019
-1.18421
8.00626
-1.46976
0.599417
1.32117
-4.93012
-1.48158
0.306158
0.120126
-1.5084
-2.54872
0.772396
2.86922
-1.30493
-2.79355
-1.29299
-2.87643
-1.58581
-0.440313
-0.134376
0.751102
0.595378
-2.32271
-1.13343
0.741814
-0.158036
-0.885768
-1.13091
3.39489
-5.49486
-0.025111
0.279174
-3.47218
1.34749
-0.849501
0.529622
0.200673
0.798622
0.348588
1.55906
2.41619
-0.232048
1.85705
-3.206
1.95635
-1.64955
1.98668
-0.164423
0.644654
0.59408
0.178522
0.220354
-0.28091
1.0451
-6.106
2.14155
0.322354
-0.947962
-11.7574
15.3637
-1.41271
22.9913
-46.1448
6.07678
-0.633636
0.210517
-1.15916
-2.9965
16.4764
-0.842943
-0.962372
-5.68016
-4.75647
-16.591
3.85636
-1.28846
-0.162811
0.827284
3.05258
-327.489
-0.298941
-1.9467
0.434033
0.693153
0.0514294
-0.0999888
0.940917
-3.85565
-0.168462
-0.0249113
-1.46536
-0.294228
4.43221
-0.195694
-0.877061
-3.82135
-0.141377
0.398301
-0.687115
1.33076
0.541555
0.452335
-3.84229
-0.519191
-10.6535
-0.812285
1.90884
-8.72412
0.00455405
-0.120377
-1.71375
4.16161
-3.12798
0.0184285
0.0535151
1.18709
-0.0493697
2.2273
-0.714109
0.769579
0.682302
-3.62307
0.186662
14.8475
-2.53081
-3.48812
-2.49746
-0.430745
-0.813801
0.838583
0.395228
0.329073
-0.265468
-1.8296
4.63557
0.400177
0.94845
-0.313319
0.15434
1.25398
0.422272
-6.07216
-0.506431
-3.47157
-0.29641
-0.284492
-3.94815
-1.99574
-2.11133
0.686913
1.60098
1.00185
0.704028
0.0807309
-0.0182609
0.630636
0.776361
0.454322
2.03198
-0.1937
0.84917
0.452622
-0.862108
0.191476
-1.40987
-0.343758
-0.558388
0.0354598
18.1702
-4.33935
-0.191918
5.83999
-0.229787
2.73381
0.8482
-1.47891
1.03197
-0.107285
2.32254
-0.0971895
-0.241472
0.0989237
-19.1958
0.117926
-1.76213
3.16103
-1.5178
1.79487
-1.1303
2.04884
0.141306
-0.485605
-5.53034
0.135174
13.2989
-0.0974352
3.51608
-0.169942
-0.744628
0.218544
0.617713
0.728576
-2.2703
0.295692
2.42911
-0.902721
-1.13882
2.84978
-3.62044
0.454695
1.30684
0.780593
0.35637
-1.68736
-0.267902
1.01367
0.485618
-9.11549
-5.56218
0.65304
-1.75331
0.331272
-2.18077
-0.0836128
-0.0942432
-0.828529
-49.6901
15.8503
-0.798311
-5.35834
-3.28296
1.94309
1.4781
-1.34767
1.35641
6.35571
3.34773
12.6287
1.67165
-2.55808
-0.0737436
-11.0159
0.478459
-2.42593
18.5642
-2.03199
-4.36202
-0.578149
-2.69398
0.561444
-0.608775
0.578101
-11.0734
1.00481
-0.668624
2.96998
7.41634
-0.362895
0.298416
-1.33692
0.436168
-0.361825
-2.01322
2.66706
5.94921
-0.498622
-1.63196
-1.13755
-1.09477
-0.550048
-2.3227
-0.15686
0.217189
18.4451
0.218152
-1.1681
43.4194
-0.0187675
1.17903
-0.915314
0.550189
0.789604
0.788195
0.116567
-1.86755
-3.4231
-2.33395
0.284262
0.145908
109.901
0.661281
1.64153
0.324832
-0.0607415
2.16332
-6.71948
-0.666944
0.741956
-1.17539
0.717896
-0.45363
0.783583
-0.77997
0.633804
1.78604
-0.0740211
-0.264398
1.25005
1.8899
0.701911
1.57774
-1.02679
-1.03897
0.435753
-0.767978
-1.54733
-1.35534
-1.86358
-0.214632
-2.95351
2.16492
0.0264719
-2.17005
0.823403
2.83044
-0.244078
0.0902428
-0.875304
-0.0552421
-3.66337
-0.2114
-11.356
1.59339
-0.334898
-1.49831
-0.0485086
0.75778
2.1365
19.1855
1.69417
0.226636
1.44726
-0.91169
-0.994172
0.134842
1.27487
-0.00521498
-1.17552
-0.511969
-23.0457
-6.90682
8.36913
-10.3406
-2.45772
-0.899882
-3.92461
4.01043
-1.2044
-1.16633
-1.47607
0.482488
0.588055
1.13799
2.82746
0.31826
-7.97726
2.40764
-1.06885
-0.0499618
3.40297
-1.93667
0.50246
0.158041
1.43002
0.928937
8.17456
2.70613
7.25388
-0.826334
-0.442722
-1.12534
15.958
0.853833
0.491375
3.52595
-1.66715
1.74587
-5.59523
-0.148745
-0.553336
1.05199
0.43304
-0.169918
0.33976
-0.807089
1.57879
1.3768
-0.185421
-0.753372
7.72804
-2.00078
-1.47228
5.89702
1.40263
-0.0123178
-2.90206
1.0558
-3.5259
-0.8188
1.9893
-0.335307
0.0367195
0.204376
-0.727679
2.93488
-1.09796
0.613826
-0.856992
-0.289035
3.036
-1.53306
9.15126
0.37578
0.0116862
-0.169775
-1.21086
-0.494579
-0.65315
0.035985
1.73666
-0.841103
-0.416755
7.29692
1.05222
-0.0862075
-1.86777
3.24038
-0.77534
0.246978
0.239311
0.0241738
1.01174
2.3218
0.398503
-0.0312035
1.06044
-1.85358
0.632361
0.755918
-0.659017
-2.09716
0.344493
-0.704604
6.26672
6.036
-4.22458
-2.44956
1.40511
0.290056
-1.17303
2.26321
0.287848
1.47135
-2.10529
3.28533
-1.72924
1.04658
3.07879
7.84524
-11.3165
0.147014
0.651138
-0.64355
-1.5616
0.262225
-0.522575
0.434884
-1.00296
0.211053
0.694736
1.98433
-1.07509
3.77262
-3.65101
-44.7531
-0.162101
0.258266
0.357434
-0.0217805
5.80493
-0.404581
-0.444613
-0.551873
-0.382342
0.244737
-1.55087
-26.7831
1.38232
-0.0310174
0.294707
3.13677
-1.47796
-25.0791
8.79003
0.789473
0.582325
-19.5879
-0.2743
1.99294
-0.867142
0.658876
-0.768851
21496.3
0.602272
4.79788
1.59233
7.97933
-0.917142
-9.76866
-0.263728
-0.712738
-0.129408
-4.22984
-0.245337
-1.13769
1.37681
1.16106
-1.79429
-0.20321
0.0867196
0.55813
-1.37384
2.09908
-1.89629
0.87867
-2.97828
-0.709365
0.220725
-1.82208
1.09387
0.945437
-0.342587
-0.275175
6.9551
189.721
-0.467782
0.545576
-6.31037
0.966818
2.343
0.232757
-0.903339
1.50325
2.15501
1.96658
-3.77442
-0.404617
-0.402541
-1.37247
-3.34019
-0.173887
0.60239
-3.02402
-1.77081
-2.23294
-0.634481
1.34678
0.557058
1.0872
10.4397
0.12594
-0.164321
1.30699
0.48936
0.286211
-0.229084
3.1864
-0.246555
-1.49537
-0.192957
-1.01383
-1.90137
-0.753344
-1.58947
-1.75848
-0.20259
-1.52141
-0.184715
-3.96897
-2.74536
0.392115
-4.09453
-1.33129
-0.674547
3.48116
-0.173273
8.06689
1.37037
-2.47732
0.681865
-0.467298
0.50008
-0.264649
-0.774175
-0.705526
2.05618
-0.497192
-1.89654
0.222898
-0.209791
-40.4794
-0.817331
-14.6276
1.58467
-1.26309
0.405554
-0.583632
2.07708
-79.7725
0.594464
-1.28659
-0.374765
-0.357294
-1.61606
-0.280602
2.58264
1.36751
0.347946
0.782264
-0.642
-0.30233
-1.13617
0.267487
-2.69558
-2.36598
-0.725117
36.2002
7.07917
-0.680261
-0.568711
0.242967
-0.625003
-1.88233
-1.44974
0.325012
0.0866401
-0.364148
-4.27263
0.561211
-0.369253
-0.0987468
4.34746
0.233764
-0.436616
-0.37547
-0.242586
1.09188
-2.43997
-0.660272
2.5798
0.229743
-0.694194
0.519161
0.692002
1.85176
0.80278
0.204524
1.90816
-0.730606
-1.39588
-0.194632
0.438332
-0.0575098
-3.53147
1.14133
-0.666939
1.18426
0.680974
-4.38995
8.65209
-82.1523
0.49978
-0.276052
0.124598
-0.192159
1.80103
-1.76476
7.42315
-0.971787
-0.612964
12.7342
-0.901337
0.618104
-1.5208
-1.41425
-2.2957
-0.887622
1.58846
1.59341
0.276373
-0.193981
-0.529575
1.30469
-0.0284209
-0.235767
-0.533625
-5.74643
-11.3841
1.9041
60.4452
2.28711
-20.1406
-0.285971
6.79465
-0.206788
-0.217532
-0.653112
-0.121935
-0.213444
-0.770576
-0.629779
3.16223
-0.731415
0.341864
0.729892
1.90076
-0.925396
-0.388558
0.29381
-4.95105
12.8767
-1.90709
-2.36963
1.28228
7.97617
-2.70457
-5.3202
0.614453
0.397774
-1.51945
1.39852
0.326189
5.27251
7.42603
-0.163551
-1.16827
0.391713
1.63689
3.5867
0.0435313
1.17393
0.839826
1.52297
-0.750647
0.883075
0.703484
3.90747
-0.587144
-7.01038
-3.00169
-3.09641
0.548961
-18.2538
0.355932
-8.37573
0.410121
-0.651922
-7.50967
1.45374
1.56384
-1.02348
1.63791
0.00713779
-7.80181
-1.27889
0.38541
-4.58446
-0.106505
4.42096
-1.53023
-0.581608
-6.24166
0.519894
2.26352
1.50932
-1.59392
-0.107999
-0.340025
0.855848
0.749556
-0.688335
0.632187
0.72254
1.39285
5.0583
0.46241
9.59589
0.543618
-12.1312
-0.327291
-0.0511862
0.565579
-12.3836
-0.25908
1.25963
1.55141
0.368015
-0.30353
-3.71506
1.48707
-1.08585
-0.244209
-0.143666
0.0519358
0.638569
-0.584109
-0.897842
-298.344
-1.58186
0.947296
0.323877
-2.50378
0.0360152
-10.7172
-6.88923
-2.66527
7.01851
0.0540679
0.755907
-0.400594
1.824
0.941997
-1.22474
-4.30179
3.68532
0.368785
0.201207
0.696812
-0.54145
-1.55852
-1.201
-1.98322
463.418
-0.407581
0.156435
1.42478
-1.5657
0.0356739
-0.0612208
1.82554
0.490863
-4.61951
0.188378
-3.59
-0.123915
-0.84084
1.12845
-1.52172
2.88831
1.72301
0.424014
1.99839
0.520551
0.165053
0.944305
0.0700595
0.653563
-0.0665304
2.00705
0.615179
-1.91529
-0.0258178
1.07832
-0.695313
0.284581
0.0538575
-3.49625
1.07851
-391.313
0.0946433
-0.212344
0.252772
-0.948849
-2.07349
-6.09521
3.86985
-0.0637449
-0.642369
1.21994
-1.75116
0.796722
7.31862
17.2889
0.257096
1.77296
-0.405064
39.0529
0.206845
-0.964784
-0.821733
1.3118
0.710557
0.555721
-1.32509
1.1361
1.53727
-0.901588
5.30927
1.16172
-2.25409
0.369457
-0.695
4.73491
-0.326019
-0.142544
-0.694123
-0.646113
-0.313251
-2.87971
-0.920114
0.602443
-0.194294
-1.52443
-0.803759
3.14704
-0.764272
-0.501512
0.246714
-4.67199
-2.76694
-0.143892
0.932092
0.335652
46.3252
0.629435
0.0777528
3.22083
-1.0542
1.49538
0.3429
1.15646
7.60196
-0.0552975
1.04211
0.355842
0.342383
-10.4641
0.390938
-1.28493
0.453634
-0.668205
1.11767
-1.46157
-0.452371
0.769773
-1.16459
-2.40066
0.679915
0.4274
0.827658
0.0106437
0.0871197
-1.99546
1.42694
0.0464239
-1.62516
0.221987
-0.409564
1.5288
-3.95057
1.31824
1.64743
-1.68483
-0.281337
0.792733
-2.40627
0.890132
1.01307
-0.487279
-26.0123
-0.0565793
-4.33827
-1.02153
-1.05363
1.47227
-3.60048
-0.748903
7.36808
-0.255459
-2.25889
-1.21327
0.363035
2.9892
0.214737
1.2603
6.55122
0.536146
80.6976
0.432423
-1.45092
-2.22203
-1.13762
-0.0387824
-9.4296
0.414774
-3.49619
8.52134
-0.139655
2.59264
-2.74931
-0.0222133
-0.128927
0.0721348
1.11511
0.00153176
5.62727
-0.392273
-0.279883
0.638417
4.42791
0.8585
-0.884543
-1.13134
5.85899
2.13409
-2.94475
-0.534091
7.59613
3.24472
1.47562
-0.0267655
-4.62743
-7.92174
-7.8194
-0.14571
1.22641
-1.05465
0.867202
0.441849
-1.49851
-0.157914
-0.181872
-1.30273
-2.13468
0.219447
1.45804
3.04265
7.61947
2.3362
1.1579
0.318332
-2.21204
-86.0285
0.387794
0.0686694
0.348278
-0.672044
0.727636
0.525081
-1.24953
0.69099
0.91575
0.150392
-0.699432
-0.270656
3.71988
1.003
-13.3084
0.513645
-0.34739
-0.583446
2.72836
8.25445
-3.19121
2.63626
0.396224
-0.451946
5.96927
1.50233
-5.92563
-1.47968
-1.10446
-1.42973
-2.25256
1.3762
-3.63617
0.651733
0.257989
-2.98443
25.9111
-2.00542
0.0878457
1.21303
0.0144909
-0.314281
-0.545295
0.305181
0.00501796
1.3931
0.450648
-0.70658
-3.21324
0.381294
-2.50424
-0.960922
-0.225313
-0.58846
-7.58888
-0.761831
-0.246452
110.241
-0.246724
-3.2726
0.310141
0.314844
1.68103
0.0549708
-0.192957
1.25155
0.0609274
19.4142
2.37065
22.1669
-0.202722
30.9005
-29.6875
-0.515706
-6.30364
0.650137
-0.215552
3.62621
-1.35861
12.1847
2.01905
65.3952
-0.189895
-0.0298631
0.137793
-0.027467
-0.666915
7.39769
23.927
6.13107
-0.661366
-1.42979
0.165179
0.430548
-17.6578
-0.326195
0.82037
2.96436
4.42421
3.05312
0.190508
0.308209
-9.21638
2.85784
0.17495
2.05801
-0.18625
-0.0553623
0.549706
-0.19046
-4.67301
-0.0953923
-1.32053
-1.21194
0.0748825
15.5068
-0.524064
-5.89198
-0.671863
-1.10189
-2.65461
1.30295
0.0996397
-12.1233
4.17295
0.601636
0.632365
-1.16998
0.304224
-0.383022
36.1368
0.419852
-0.343446
0.316259
-0.71351
-0.0981309
1.23911
-3.05598
0.883647
16.5723
-0.536905
0.287435
0.425696
0.19964
-1.67004
1.77417
-0.204833
2.43634
4.42307
6.72525
-3.19149
1.22224
-0.251558
0.655091
1.70306
-1.16432
9.67058
0.62166
-9.06413
0.793101
0.596178
15.3803
-18.5911
0.965662
0.0936932
-2.12594
5.96888
0.811849
-0.624269
0.0106891
1.34035
-0.172026
-0.671079
2.78126
3.03634
-2.48497
0.4976
-14.7731
-13.7433
0.652224
-0.895558
1.19159
-2.44865
-51.3536
-0.900352
1.00005
-1.46667
1.22095
0.908842
-0.616711
-0.468364
0.476042
0.943398
0.413216
0.117891
5.34769
-0.294651
0.409562
0.971253
-1.11444
-2.92025
-0.732871
-15.4598
-3.3005
-3.05367
-0.726802
-0.60912
-0.124837
-0.965255
0.642777
-0.173023
0.354238
-1.06272
-4.42563
-0.092037
-0.00907004
0.178863
0.0904422
9.8302
-0.417295
0.101948
-0.580686
0.185427
0.594485
11.8043
-3.64444
-14.8117
0.537281
-4.34651
1.69997
-0.320623
0.961793
-0.324806
-2.41426
0.0392454
-0.51633
0.168227
8.08516
2.20809
2.91963
0.47163
1.75639
1.77084
0.946666
10.8622
0.0974859
-4.22483
3.75219
0.946774
7.39448
5.13251
1.40743
-0.236259
3.71897
-0.0457974
2.6759
-5.41171
-0.548427
-1.12333
-4.99194
-0.820749
-0.162336
3.33312
0.351764
0.0931164
0.466495
0.7832
0.657264
63.5086
0.348429
-0.672902
0.0406464
-1.37461
-0.935547
-3.12417
-3.72245
-0.0419408
-2.70445
9.26085
-0.48949
-33.1841
2.28052
-1.2111
-0.00114318
1.67885
-0.360025
-7.76725
-7.01668
-0.771087
0.976929
-1.30137
-0.41067
-0.107117
65.6473
-0.276012
-0.881245
-0.800382
-1.9217
-0.407109
-5.15731
16.0455
0.3876
2.91099
-1.91303
-0.857402
-0.248066
1.71233
-0.3163
0.732678
-13.3446
0.0799664
-2.12109
0.611207
-19.7951
-4.37436
-2.4756
-1.89208
3.9877
-32.3477
0.11849
0.332229
11.6057
2.81747
0.0289215
-0.033175
-2.14559
0.359319
0.652624
-8.2103
-0.749984
7.69023
4.4931
0.341113
0.842929
-2.45402
0.314826
1.13406
0.590954
-0.350599
4.20357
0.799505
0.400992
0.912572
-2.61134
1.05605
0.403174
0.281778
-1.04548
0.137411
-0.202529
0.579548
-5.4562
0.107955
0.785214
-0.436695
-5.3507
-1.10243
-0.253778
0.336404
0.680649
0.151619
0.707632
-0.502759
1.91434
-0.35338
-0.501429
2.85582
10.1943
-1.0934
0.758316
-3.4915
2.31804
-0.206467
-1.31427
-0.170079
-0.402934
1.14547
-0.166035
-0.921424
-2.61745
0.536114
0.571479
-2.18468
22.3297
-1.78022
-1.7828
1.09451
0.41977
-29.2133
-0.419641
-0.63526
-0.478717
-0.130017
0.697387
-10.1607
0.514386
0.990439
0.451367
1.97005
-0.510987
-0.390392
-0.562674
0.013424
1.46377
0.0667443
0.826178
0.505015
-0.104815
0.655612
-0.365817
-0.160085
0.108911
0.135916
-0.526663
0.0295843
-0.059341
8.67777
-0.792574
1.01917
-0.0689784
1.22368
-8.46674
-0.319781
-0.790661
0.00494988
-4.66481
0.235656
-1.02958
31.3984
-6.30053
-19.4286
0.325399
-7.57335
-0.0502741
7.69625
2.34477
0.48369
-0.600736
1.02613
-11.0953
-3.05635
0.295908
0.676886
1.13868
0.237971
0.218052
0.827627
-0.793554
0.406701
1.7953
0.789254
0.1194
-1.27425
2.47061
0.382186
2.34087
-0.386233
1.28508
0.185021
6.50254
4.94555
0.833391
0.564149
-0.340583
0.276638
-0.0578801
-3.08753
1.21949
-4.67254
3.81427
2.56867
4.6727
0.386936
-3.14493
4.86876
0.341004
-0.151925
-0.86475
-1.57353
-1.04757
1.35207
-1.71107
0.0206987
0.821741
0.105137
-3.15863
1.17078
0.0713657
-0.423386
1.44145
1.99553
-0.133184
-3.88337
-0.462392
-0.140631
-0.092576
1.15435
0.466771
0.417095
0.878915
0.175049
-0.0425144
-1.87328
1.98341
-0.362964
-48.0991
0.517892
-0.197509
-0.810388
2.86999
-1.6907
0.0452569
1.51188
1.38928
3.06089
0.290077
-1.09345
-0.500127
-1.86695
2.03516
0.28336
1.82189
-0.835421
-0.506417
-0.629688
2.33103
1.84858
-4.08446
-6.18193
-3.88977
-2.03485
-3.69354
0.293703
-0.251404
-35.663
-0.733275
2.5367
-1.77946
1.37091
-0.022891
0.871732
-1.98017
25.764
0.0869905
-0.63493
1.25323
0.347192
-0.408822
0.233918
2.11289
-0.191605
1.68745
10.5803
-1.29339
0.578671
-1.12289
-0.856761
0.228932
0.787779
0.499018
-0.703846
2.04587
-1.73714
4.8644
3.98567
0.694465
-0.0255286
-2.24535
1.55302
-0.429558
0.729696
-3.16913
-1.22905
24.8525
2.06347
0.384021
2.40602
1.54223
12.2423
-0.725036
2.85073
3.35157
-2.05459
2.22328
7.48535
0.647427
-0.787915
-0.255775
-1.9881
-2.94247
-0.700022
0.631798
-7.1566
-0.603647
-1.22025
-0.0729953
-0.248032
4.79161
0.308305
0.0652414
-0.568308
-2.36154
1.30722
-5.46719
-1.07256
0.604104
0.288732
-0.383413
-0.0355853
-2.19535
-0.747934
-0.982706
1.23678
1.11332
0.250769
3.15073
2.06092
-0.516323
0.577416
-1.03246
-1.46225
8.91177
-0.394467
1.56864
-7.55555
1.68265
-2.76257
-1.19396
-0.826333
-0.241241
0.239929
-0.488756
-0.651867
2.57746
-0.964034
-2.66064
0.708529
-12.1108
-24.0672
1.11057
-2.8423
-1.37973
1.04782
1.42379
-6.76696
47.3689
-0.750949
-0.21821
3.10248
0.027436
1.25919
3.73917
0.77015
0.6803
0.475929
-1.7523
-0.275876
0.321832
-0.645528
-5.43029
-0.00900206
10.3886
-0.785973
-2.0377
4.34309
1.55722
0.110457
-0.0411892
-0.562868
1.46002
-2.00457
1.60565
-7.66414
-2.43658
-16.306
0.172618
-0.051955
-2.23845
-5.60154
-0.042345
-19.7908
0.328943
0.57594
39.3666
0.531649
0.716168
-0.244667
1.18031
-1.9843
18.9304
0.00922029
-2.22583
0.810608
0.636831
0.108687
-0.480829
-0.484079
-1.83629
0.896628
0.00446584
-0.998892
-0.941333
-2.06921
-1.23195
-0.559129
3.17248
-0.230254
1.42922
0.0187694
1.69688
-0.707682
0.294517
-0.877219
-2.14963
-0.596807
-0.263895
1.28448
1.10841
0.451174
-0.33666
-4.19085
3.74913
-1.65875
0.283777
-0.439434
0.520218
-0.29515
-1.18542
0.890538
62.7486
2.85072
-0.693317
-0.201198
1.19031
16.6893
-0.234377
-2.96818
-0.330705
2.14129
0.28898
0.213588
-0.625228
-2.12856
0.602999
-11.6359
0.616354
-2.02992
-1.72525
-0.313181
-1.69381
7.19019
-0.371598
-0.815382
0.623782
-0.11903
-2.96015
-2.28838
0.12704
0.537604
-59.9525
-0.999717
0.467274
-1.77207
0.618845
-0.167265
1.02497
4.00661
0.524268
1.1224
-2.901
-1.31583
-19.5729
-0.289065
-0.533586
1.49427
4.73016
1.26327
1.36195
0.222939
-0.137932
0.409441
-0.131758
-0.733546
2.27041
20.6931
3.41439
-5.56287
-0.673717
0.83756
-10.2252
-7.10343
0.861526
-0.0207649
0.000841409
1.90057
2.85758
-3.38029
0.165488
0.842131
-0.160847
-0.74567
0.682768
-0.0760294
9.13016
-2.08866
-0.23455
0.785053
0.657667
0.882624
-2.21035
-1.0171
0.160652
-0.828803
2.72186
0.0652863
-4.05003
1.63828
4.12434
-1.04741
-17.4328
448.216
-1.21155
0.873351
-0.483542
5.33447
-0.0532426
-0.629527
0.845221
-1.21676
0.459572
0.33353
-6.43216
-0.551048
-0.719532
0.138202
-2.74748
-2.50637
0.301799
2.38988
-2.1045
6.73437
-0.344142
0.0441016
-1.88293
-0.534711
-0.00548444
-0.321211
4.62513
0.444874
-0.855635
-3.25585
-0.836044
-0.358342
2.49099
0.472651
-0.11238
0.628415
3.4762
2.21409
-0.0709962
0.216897
1.98846
11.3206
-0.257429
-0.538281
0.521349
0.0909951
-0.80185
0.589684
-0.142525
29.1415
-1.64559
-0.333171
-0.246716
-0.857289
-0.351669
5.34015
1.80457
2.30128
1.46665
0.391752
0.323968
1.3203
-0.744387
0.462352
0.423856
2.43421
-0.606924
-0.717819
11.1457
-0.542944
-1.93326
0.664428
1.85678
3.81717
-20.1906
0.276405
2.65489
1.39559
-1.66886
0.350898
0.748645
4.01673
-10.8441
-0.0674132
-0.780361
-0.921297
-0.459138
4.53213
-0.531704
-0.00975515
0.0963097
-15.4906
0.970462
-4.08563
-1.71188
2.22832
-110.02
-3.39622
-0.00168205
-20.4767
0.666925
1.23037
0.557566
4.0727
0.452028
-0.162563
-1.017
-1.6026
-1.41841
0.42866
-0.529368
0.329463
-33.6771
0.931498
-62.7468
-0.307604
-0.364467
0.675595
-0.741241
-5.56633
-0.480538
-1.05298
0.194309
-1.44554
-1.85622
1.59034
-0.131601
9.75225
-0.247982
3.40561
2.01219
4.34465
-0.299936
1.92751
-1.85797
-0.0389798
-0.493637
-0.03152
0.549066
41.0455
-1.05043
-0.17439
0.449936
-0.555884
-0.716746
-1.08005
-3.52561
-1.39993
0.241864
-0.916506
-0.791567
0.579862
1.37841
-0.141075
-0.255379
-2.11737
0.15503
1.09403
0.363347
-0.665883
-5.99876
-0.582819
-4.97446
0.128334
1.62555
-1.72249
-0.23972
0.261642
-3.21557
0.504316
1.61549
0.163961
-0.614253
1.09574
1.73012
0.0602588
-0.097024
68.1827
0.167806
-0.32457
-0.663577
0.361508
0.356012
-35.2946
-0.0150545
-2.05533
-0.71769
-7.11961e-05
1.8255
-0.516155
-1.38393
1.18241
0.22184
-1.78553
0.208607
-0.213544
0.0476327
0.227623
-0.398906
0.328788
6.07777
0.865069
4.79966
2.01133
-0.57233
0.830727
0.923498
0.588059
-0.19105
3.58532
0.0721426
-0.0357466
2.02384
-5.53158
0.429859
-3.58013
-2.24879
-0.0309175
3.21828
8.62611
-0.421547
0.755962
-34.6784
-3.66909
1.60885
-0.217104
11.3853
-2.06997
-133.385
-1.41607
0.445691
-0.294743
-1.87434
114.982
-2.37781
-2.0962
-0.0592662
-1.06686
0.0778147
1.16095
0.597305
-0.839818
-0.0318262
11.7648
-0.206575
1.49324
-0.741983
-3.21345
2.79082
0.43102
-0.083368
-1.9795
-0.3398
1.16877
7.97144
-0.0475791
-0.33909
1.781
5.97481
-1.04226
-0.538903
-0.0722268
-1.77809
0.61219
-0.190833
-1.10685
-0.0187419
0.428779
1.29361
1.92657
-0.10329
0.88227
-9.39829
-0.622984
1.34315
-1.41454
0.019643
0.0758616
-1.19724
-0.236923
0.699735
0.672129
-5.48786
3.7904
1.64811
0.140241
2.14575
0.903885
-4.96251
-1.5273
0.139869
0.362421
-1.09122
-12.245
-6.23118
-0.772525
-0.127593
0.0115993
1.63003
-1.87063
-0.404901
-2.79873
16.1212
0.405537
-3.32723
-0.701405
-3.99875
1.64453
12.0906
-1.19938
-0.555457
-1.12487
-2.18079
-4.07205
9.9082
-2.21786
-0.799342
-0.195916
-152.802
-0.299612
-1.97352
1.84964
-76.5188
2.87507
0.550338
-0.376653
-0.640753
1.97695
-0.233774
0.793391
-6.84456
1.41074
-0.0260823
0.729927
-41.1476
1.5321
1.30827
-3.62732
0.582105
-6.62989
-0.0883163
0.45803
-1.83089
0.243103
-8.51163
-7.91582
-0.133139
2.40082
-0.314789
1.66115
0.265788
0.0891812
1.23319
-1.376
-21.8174
-1.6552
-12.0396
0.595789
1.92455
-1.31084
2.26851
3.6866
-0.398019
-0.177348
-0.565047
-2.66347
0.956977
2.30785
0.101623
-1.24274
7.90836
-0.178115
0.537093
3.675
0.345875
-2.02898
0.519714
-0.0972917
0.345103
-4.28215
-0.323691
0.616078
13.3577
0.055403
-5.94161
-2.17723
-0.224437
1.57839
2.147
-3.25047
-0.395895
-3.36049
0.101922
-0.426223
-1.31618
-1.04768
0.553573
89.9009
0.661177
-0.858615
0.505329
0.114003
0.91444
0.24686
0.0732076
0.74423
-0.20286
0.103301
0.116936
9.66688
-0.278071
0.418893
5.63124
-0.634465
1.68214
-0.115289
-5.32532
-0.00870561
-0.15378
0.15205
-32.2433
-0.426732
0.365335
1.4794
-0.149954
-0.42002
0.50515
-3.03877
-2.35838
-2.56919
-8.85384
-85.588
-0.771855
-0.823582
-0.158391
-0.921312
0.970613
0.402147
-1.00421
-3.49771
-6.36638
-1.63299
-2.65541
4.53851
-0.862843
-0.388514
141.765
0.784708
2.19078
0.232563
-0.875761
0.543945
-0.457705
-48.0277
-0.448888
-40.9672
-1.96033
1.59527
2.00766
-6.42648
-0.157337
14.8474
-0.257024
2.88558
0.696452
0.672253
-0.0687164
0.1317
-7.80838
-2.54054
-3.85792
-0.512811
0.0309866
-0.495761
0.687895
2.37406
0.331343
1.50335
-0.640827
1.18456
-0.543591
0.307897
-1.66335
-0.0431157
-2.78531
-0.0976878
2.0732
-0.000994061
34.715
0.203826
40.3766
0.25031
-0.690834
-7.64835
7.64885
1.76572
2.03618
-2.44484
-0.612967
-0.540992
0.183702
0.796306
0.264807
-11.0295
-113.101
-1.16723
0.353036
-0.934269
1.30298
-4.33898
-1.22819
0.230257
4.28643
-1.10547
-3.24956
-8.83466
0.0250004
-1.02844
-8.31848
-1.56992
0.674039
-0.0371262
13.2982
4.04416
-10.9098
0.337503
0.573825
1.3232
0.339822
0.745248
1.31863
1.87027
-0.786962
0.366874
1.27646
0.274971
1.71098
-4.27033
0.979776
0.739886
-0.717952
-0.205708
-1.92241
8.17926
-0.932982
-2.93237
0.549533
1.53101
-1.51362
1.19565
-9.22439
94.7051
7.62351
-0.411672
2.3501
-0.788514
-5.67701
-0.737443
-1.51495
0.471805
-4.07782
-0.204774
-2.63812
0.100359
-0.00822841
0.783994
-0.103543
-0.487058
0.392766
-3.24036
0.202467
4.5956
-0.291706
-0.188132
2.90004
0.433998
0.910842
-0.820494
0.5266
2.25439
8.11509
-0.801957
0.563439
39.7449
-0.655268
0.0360914
-8.72471
-19.2849
-1.67335
-1.16097
2.2202
1.49849
0.251434
2.09097
-7.55626
6.26787
-1.493
35.7367
-5.37144
-0.93554
-5.47646
-15.3721
-0.161669
0.236565
0.754609
-0.116171
0.471269
-0.833714
4.84764
1.58372
14.7037
24.9316
-1.51894
-0.121964
-7.82193
-0.243644
-12.7895
-6.03853
7.66113
0.783819
0.0389324
0.879066
-1.78036
1.29869
2.0721
-1.43878
2.95779
-2.04875
0.242826
-0.84421
-1.38997
-3.84817
-0.695283
16.6063
-0.718304
-0.460349
2.1658
-0.244558
9.66568
-2.26967
18.5489
-0.766342
-5.92415
-1.96735
0.371585
-4.57547
-0.875536
6.19866
-1.37806
-1.92873
1.52425
-0.757603
-0.531369
1.2519
-0.350622
-0.341295
1.09862
-44.7807
0.277668
1.47468
0.31822
-0.337674
1.66704
-0.708482
-7.76992
0.468705
-0.663851
1.36325
0.612208
0.437234
0.391028
1.16436
1.17347
-0.661676
0.674615
-2.56021
1.31326
-0.324942
-1.14995
2.51908
-6.78712
1.9202
0.902294
-32.8236
0.390456
-7.31472
1.42132
3.14773
-0.609162
-0.416165
0.251435
-2.42541
-0.191969
0.791895
2.75277
0.12277
-2.06352
0.2576
8.82421
-0.974516
-0.404436
1.04684
-2.35641
-0.727224
-2.42763
-3.00297
-0.276786
-0.948289
16.6242
0.448888
-0.275835
0.032197
-0.944518
0.705247
1.13115
-0.374532
-0.744935
-0.0342501
-144.014
19.2472
-1.41586
0.174768
1.72715
-0.822792
-3.63685
-7.04158
0.346741
0.0164699
-6.05299
6.58081
-1.14776
0.0759351
-1.11783
5.53939
-0.844445
1.27684
1.31281
-14.3133
-0.903556
0.126496
0.260173
-4.55292
3.64185
0.044736
0.196859
-1.59702
0.299795
-2.40844
-0.154156
0.969129
0.690108
-0.110784
0.0783618
-1.62476
0.723342
0.814604
2.92634
8.71875
-0.493938
0.284908
0.987853
-0.424247
40.161
1.58819
-0.360565
-7.90711
-0.351586
-3.18153
-0.223438
-1.96239
-7.40455
0.94204
-2.90244
-1.08499
-0.226749
-0.285252
-0.32082
2.04153
2.6496
6.40263
-2.07333
-943.517
1.17444
3.20148
-1.2304
3.90593
1.15777
-7.82331
-1.3581
-0.0634374
-2.77348
9.75829
-0.328922
-3.51151
0.645765
-1.23793
-12.047
17.8412
-0.0733035
11.8932
-0.304577
1.85649
-22.9141
1.81138
0.553162
3.38073
-0.343292
-2.89239
1.24539
-0.822451
-0.159385
-0.347002
-4.94833
0.244124
1.12952
26.2282
0.285049
0.873823
0.796633
0.476064
4.77001
-2.82175
-0.0141868
-0.663749
0.494897
-0.339466
-2.9087
0.0804073
1.01237
-0.763024
-1.63736
-0.0278896
0.135311
-0.657187
-3.24773
0.360792
7.06922
11.0985
-1.43266
-0.0222586
-0.884934
0.623674
-10.6465
0.0886923
7.57272
-2.46327
0.218572
1.03657
-0.249649
0.00649324
-13.2748
-25.4037
-0.93569
-0.643272
-0.32933
-5.56407
0.13861
-0.653064
-0.0121669
0.474874
-0.759747
0.835041
0.244222
1.40988
0.97825
-1.18029
-0.0583854
-0.302489
1.71549
-1.39009
-0.168648
-2.16414
-3.1239
-0.45413
1.81893
0.507541
1.58228
-0.161481
0.128774
0.450602
-0.239218
-0.646412
1.26122
1.03259
-0.943957
-0.458774
-1.49162
-1.17077
-2.08284
0.0917794
1.21314
-0.68731
-0.161759
-17.5331
2.07295
-1.22168
0.11066
-0.930269
0.955311
-2.05594
-0.616788
2.9251
-0.358083
-13.0982
-0.0426467
5.95547
1.44553
3.04693
2.11258
22.7062
7.72911
-0.717668
-3.84557
-1.99122
-0.437932
-0.804426
0.358645
-0.00517554
0.0247251
2.01384
0.852985
0.218671
-6.71526
-0.518935
-0.635643
1.74998
1.00735
0.297739
-0.105215
1.04038
-0.398362
-0.0686603
-1.11014
-0.221525
-0.530453
-0.420917
-6.13397
-0.916565
0.0758361
1.73931
-1.07017
2.57237
1.12862
-0.458116
3.09836
-3.26265
-3.87731
-1.14013
-0.686087
0.245799
0.560438
8.21561
0.669009
-0.886693
-1.13893
-0.625389
1.47689
1.08926
2.19543
-6.8226
-0.109846
-0.825407
1.80762
-1.62336
-1.11213
0.517809
-0.924641
0.0997658
-0.330236
-3.46975
3.4761
5.42033
0.311726
0.88891
0.697867
2.0417
-4.23054
-2.50764
1.36329
0.0859039
-0.293866
-10.7474
0.273911
-2.94727
-4.2615
-0.0753542
-695.055
0.510084
-0.301597
0.0216707
1.54832
-126.295
-7.00988
-0.903651
70.3477
0.6499
-0.0207414
-1.55938
-0.443613
4.63759
1.94611
0.312359
0.29401
-3.00769
-0.614291
4.86141
0.601962
0.203081
0.0548751
-0.730777
0.157125
-1.24301
1.22845
-1.13553
-0.353061
-0.0307966
0.993353
-30.0995
2.4671
-1.77234
-1.17772
-1.58099
-1.1074
0.120834
-0.210199
0.433419
-3.62358
2.79751
1.69912
0.308145
2.4254
-2.44597
-0.637232
0.243081
13.3113
33.8102
0.467217
0.71264
0.456476
-1.71884
-0.625444
0.203545
-5.86154
3.71916
3.26377
-1.07597
0.0767794
0.602752
-1.10399
2.86981
0.117021
-2.75784
-0.585391
0.965598
0.170036
-4.95221
0.304833
-0.306806
-2.74641
-3.51515
-0.394844
-0.0437688
1.44076
2.2831
-0.513298
-0.276028
-5.07664
-0.220158
-0.294199
0.498387
0.398868
-1.39413
0.318609
11.2267
-1.13116
-17.8961
0.582462
4.64116
-0.0785438
1.45954
-1.59284
1.63969
-0.538597
0.34474
-0.519699
0.260065
0.683152
-0.649891
-2.09191
-0.397818
0.715137
-2.49021
1.31164
-0.29253
2.46711
-0.648576
-0.854394
1.67388
4.86644
0.686722
1.10875
-2.93768
-1.26593
1.58273
0.82541
-0.0949393
0.566663
0.160371
-1.31215
0.0555003
-3.04866
-0.0292961
-0.0487469
4.43371
-3.80674
0.0680699
-0.67741
-1.51116
0.0718952
0.642953
-1.7377
0.963409
-0.266749
0.940996
6.68066
0.777574
-0.0586306
-1.03822
0.178628
-0.471327
48.8751
0.86005
-0.0358338
9.9151
-0.57404
-0.197557
9.43275
-1.65747
-10.0349
1.06532
1.0914
-0.249405
0.0688527
-2.02484
-3.76134
0.957432
3.61772
1.69778
1.59699
-39.634
-1.22753
1.64752
5.72715
0.989764
0.223433
-2.08135
-1.18614
-1.09776
1.04817
-0.458209
-1.02075
0.409251
2.3312
-0.465121
-1.92753
-1.04692
-0.466899
-2.74192
0.20725
-2.02251
-0.0312369
-0.423223
0.193724
0.237825
0.344828
-34.3119
-0.500316
-0.0713242
0.100845
-0.368196
-0.116683
-0.279195
-0.340928
0.53804
0.191699
-0.459391
-0.226302
0.797886
-1.28987
4.14782
0.95018
0.757019
0.379661
-0.637471
-3.81415
-0.225664
-5.00869
-1.40202
0.254472
1.41168
-2.3435
0.720643
-12.3438
0.184945
0.76294
-5.04321
-8.26467
0.562503
-1.45504
0.0859205
0.0941731
-1.79904
-0.046711
1.25807
-2.35891
0.322608
-0.284275
6.3604
5.60655
9.02805
-5.84978
-0.770713
0.347433
-4.15521
3.72547
83.2557
-0.439499
1.87967
7.05247
-1.88841
13.4239
-0.18145
-0.0224095
-1.55078
1.0921
0.285237
-2.40943
-1.60419
16.419
-1.96116
0.919339
-1.04477
23.2965
3.39373
1.15914
1.07157
1.14036
-1.43059
0.428414
5.6226
3.25212
0.536233
-1.0494
1.18287
19.2655
0.204662
-0.696491
0.249304
1.09754
0.419739
-0.092287
3.80356
-0.442101
1.40996
7.01241
-0.731687
-1.06388
-1.4818
-0.00479129
1.81456
-0.675674
0.529003
0.869467
7.52462
-0.962736
-0.748576
-3.70504
0.281062
0.459615
-18.3309
-0.394481
0.107921
0.230441
-2.28533
5.89643
96.4532
-0.409896
-1.92956
3.45483
0.487338
-0.434957
2.301
-0.307892
1.61874
2.12316
-1.26788
3.26528
3.72894
0.436797
0.28385
-1.01604
-0.303411
-0.148694
1.04157
0.081409
-0.855747
11.7953
-0.119376
0.171797
0.424164
0.000691692
3.77808
-3.68618
-0.459139
1.06216
1.6938
2.56811
2.19622
0.528933
-0.452887
-8.51049
-0.0861824
1.66286
0.527085
0.882653
-0.210939
0.514564
-4.39108
2.17362
-0.351955
6.07386
-0.938602
0.079841
2.17631
1.30013
-0.993744
1.1737
0.357044
-0.909142
-8.89232
-0.0404101
29.6846
5.03305
0.243648
0.0451237
-1.16569
-0.375388
-28.4223
0.684717
0.312832
0.468729
-45.2736
0.134215
1.73683
0.0864433
3.37503
-0.355243
2.06698
-1.75069
-1.37063
3.22592
-0.3148
-1.46871
-0.453178
-1.07479
-0.331204
0.59302
0.141175
0.81296
40.3951
-1.59112
0.273673
-0.294699
-0.793553
0.0265048
-0.377174
1.4309
1.21779
-0.0592273
0.548123
1.99464
0.353408
1.11963
9.8484
-0.551809
0.153778
0.0142371
-1.3015
2.41297
0.737791
0.0692
-59.34
-0.0114719
-0.804852
-0.128031
2.53106
-3.4283
-0.469221
17.309
0.385184
-1.97084
-2.33569
-0.658627
0.0748791
-0.329347
0.119523
1.11884
0.504401
-0.471057
-0.885287
0.54753
0.309413
-2.8485
-0.81671
1.96269
-3.37176
-5.25423
1.39047
-5.32977
0.101126
0.163988
0.595456
-0.526589
-0.130232
0.839382
2.46967
-8.9597
-0.208304
0.502959
0.314826
-0.569083
0.173993
-8.78384
0.806356
0.617211
-0.136654
0.701636
-1.4197
-2.61009
-3.03124
0.492988
-1.08613
-6.63652
1.17685
-0.25964
0.420495
3.35423
-2.43435
2.15309
-1.27648
-3.75177
6.36099
1.31276
1.15253
3.32635
3.35977
3.42181
2.61399
-0.282955
1.67819
-0.207479
-1.5956
1.56172
0.532296
1.09993
-18.039
0.855941
11.5965
0.22494
-0.697519
-0.0422969
0.99754
3.15264
-0.879757
0.626727
1.30295
-0.173347
1.52478
-3.02528
0.849102
-0.374097
0.55409
-3.13337
-0.885386
2.10579
-1.56721
0.33212
0.721594
0.527813
0.858866
-0.745662
-0.950007
-7.67598
0.0031306
-0.549093
-2.99651
-5.77941
0.713287
0.523895
2.5616
-0.0428738
1.44913
2.18947
-10.0909
0.918543
0.924398
-0.540758
0.194978
0.131572
0.348903
0.952334
0.158262
2.18185
2.59956
-45.4093
0.377137
0.201996
0.8245
1.11358
0.406899
-1.01941
3.86164
0.200713
-1.15964
-0.909543
1.19708
0.187734
-1.30588
0.0208174
3.40009
2.12792
3.02185
0.0464662
7.10673
0.48714
-0.736104
0.404875
0.114306
3.17013
-1.22199
-0.801573
0.516315
-0.365068
-0.27925
-0.450123
1.43037
0.159869
8.61203
0.770193
17.0487
1.68225
-1.55345
-0.0287514
6.23345
-1.58879
-1.84232
-0.873836
3.45804
-0.318596
-1.13731
1.48253
0.494259
0.483606
1.13837
-8.42387
2.60157
1.68909
0.376092
-0.741832
1.98186
-4.4884
-1.42421
0.0669065
0.626948
-9.9706
0.0133976
-1.29454
0.528755
-0.0590367
0.387197
-0.743735
-3.88992
1.3176
0.614728
4.22577
0.537239
-3.97105
0.7455
1.18585
0.922041
-1.77034
1.02856
0.312578
-0.519219
-3.0014
2.00502
0.816583
-0.744852
-5.63422
2.56523
-5.84182
3.83401
0.454778
0.0017886
4.98471
0.202193
-0.451097
0.664779
0.0223046
1.51018
-0.174499
0.428765
0.0289903
-9.05096
-4.89997
-2.87705
-0.169391
-2.26804
-39.4257
0.946941
-0.94974
0.617874
-1.40858
0.53109
4.44857
1.07723
-1.00275
-2.42087
0.969657
-0.737132
-0.132879
-0.839174
5.14812
1.36647
-1.65942
-1.4084
-1.91585
-0.795405
-2.13528
2.20082
2.20785
-0.182893
0.235852
-1.78188
-0.0976024
1.27766
0.341904
3.4197
-0.641779
-2.6262
-0.607956
-4.29974
-1.55215
0.950542
-1.54698
0.382248
-0.112041
-4.52616
-0.573481
0.534453
-0.498769
-0.51796
-0.422499
-15.466
1.80837
-1.87773
-1.48744
-4.85247
-0.535416
1.08012
0.343043
-0.271221
-1.13713
1.99568
1.28553
1.4837
1.10856
2.07083
-0.216491
-0.00974802
0.307258
3.36625
1.11382
1.53945
-0.929497
6.0296
58.0491
-1.14768
-1.07585
-0.92989
-0.406413
0.0524072
0.363257
-0.490643
2.43306
-0.158725
-0.0795645
-6.92754
0.978929
-0.0865079
-0.409936
0.204719
-7.9071
0.735327
2.70287
0.471219
1.57459
1.96439
1.09217
0.367702
-0.172084
0.422669
4.57258
1.25494
-1.75028
-0.0153799
0.897983
-3.40836
-2.12219
0.534238
-2.59064
1.20796
3.68309
-2.31705
-0.0275508
3.07686
-1.88954
-0.222046
-0.794378
0.789419
0.14304
-0.213418
-0.0690572
0.069976
-0.461681
0.477155
0.34051
0.259693
4.06414
-0.185248
0.608168
-1.37793
0.308789
0.300401
1.3588
4.29496
-2.13935
1.53865
0.540108
3.9364
1.33162
2.43278
2.75916
-0.290931
7.9766
-4.244
-1.32731
0.308011
0.821884
-4.17819
-1.1883
-0.350106
-0.135616
2.1281
-0.244982
-1.30427
1.69864
-0.471576
4.05783
-0.853192
-0.608957
1.22785
-0.298381
-3.59747
-0.386904
-1.14858
-3.42966
1.87584
0.928112
-1.90901
-1.01478
0.678365
-0.260022
-0.0619238
-45.8097
-0.206801
-1.78919
-0.603705
1.55381
0.231685
-0.178972
1.26222
-0.237698
-2.41939
0.0984273
-16.5872
-1.02569
-0.710333
1.68258
3.1712
0.327131
0.183096
-0.432568
-1.41062
-1.3729
-1.05831
0.721977
0.925113
-2.13875
-0.622491
-6.52679
0.808278
-1.25976
-3.61115
8.04086
-5.45932
13.9217
-6.57545
-1.4606
7.8446
-2.29726
-2.83794
-0.150982
0.414843
1.51574
0.222754
-0.142252
-1.6576
-0.0851336
1.93402
0.937876
-11.4546
-1.37445
0.556341
-0.424733
-1.65325
-41.0141
6.39199
-274.59
-0.525051
-2.547
2.3465
1.07224
-0.25288
-2.18705
0.160277
0.492117
-2.14759
-0.322929
-16.6302
-0.61516
-0.892605
1.85576
-0.4094
1.73152
26.4589
0.212993
1.79786
-0.0711342
-0.248667
2.64537
-0.416332
3.01346
-5.29653
1.67354
-2.094
-1.44465
-0.498779
0.621747
-0.901942
1.56912
1.10956
2.02549
0.626146
0.730591
-0.144842
2.18825
13.3909
-0.499397
0.800825
0.543875
0.407768
-1.01387
-0.478958
17.9689
-0.546055
-1.44386
0.382845
0.00358487
-0.609969
1.3138
0.966983
1.3515
3.99249
0.461329
1.56123
-14.0758
0.174906
0.0531727
-0.146718
2.80877
-3.6942
0.341419
-0.0311968
-13.9353
-4.41839
-0.655617
0.097854
4.25152
1.2853
0.238063
-0.604985
-1.00536
1.62504
-4.77826
-1.69137
0.371262
1.1634
-7.1933
3.87646
-0.491654
0.169383
-0.371505
-1.18452
2.22269
4.88655
-0.259754
0.39921
1.24276
3.03985
1.90241
-1.9955
2.6714
2.07418
3.46248
2.94844
1.07996
-0.0217198
-2.40194
1.97692
19.7191
-0.27234
9.08181
0.840369
1.14261
0.81655
0.0740733
6.73173
1.5052
-0.285301
-10.0128
0.395724
8.07509
-15.0005
-0.546274
-0.0757869
-0.275422
-6.54446
-6.98729
-0.530245
1.09479
1.44231
-1.3791
2.53978
5.41649
5.34361
3.45452
-1.56212
0.586716
16.7504
-2.16273
0.979705
-0.791302
-2.41698
-0.0846767
-3.5865
0.180389
-1.12861
-0.188095
-1.56792
4.36058
-1.06411
49.2804
0.815369
-0.607705
-4.8758
0.32674
-0.840023
-0.771473
0.954741
8.30748
0.228454
0.303524
0.0141423
0.0944462
0.452273
0.500742
0.237075
-0.988803
-2.72983
-1.38209
-1.94194
-1.24328
-10.5479
-1.71114
-0.906065
-5.21154
1.81376
6.69936
-3.93457
-0.491058
3.62391
-3.1896
3.7393
2.06704
1.18792
0.339251
0.829678
-1.35334
-0.404999
-1.07478
3.07175
0.48997
1.32223
-0.454411
0.0587502
1.88712
0.484603
5.16877
-0.0430788
-1.02269
0.298688
-0.0980352
0.709409
-0.280428
-9.96519
0.174507
2.41702
-44.653
-42.1855
-1.00031
20.9456
-0.414461
0.363391
-6.23103
-0.62627
-0.432769
0.102512
9.84951
0.334751
8.7803
0.0396838
1.35953
-1.14727
-4.22821
0.70977
-0.958168
-1.97388
-7.16464
-7.49708
3.42323
-2.04337
-0.341628
-5.39849
-0.163552
-0.371397
-0.887362
-0.558657
0.0117945
0.618716
1.40556
-1.79838
-0.934299
-1.99491
-1.00273
-0.406962
-1.49007
-1.0367
0.607871
1.50536
-0.389961
1.23002
0.437836
0.381689
0.879083
0.243385
-0.776359
0.016735
-0.638306
0.706163
-0.109804
-0.0865446
-0.342272
0.435249
-0.998167
0.662934
0.190981
0.264689
-5.00627
-1.20862
1.07134
-0.135543
0.412014
4.36077
0.146734
15.1536
0.476837
0.576658
3.88859
-1.37849
0.744312
1.3071
-0.876099
0.629035
-0.0241797
-1.20245
7.55438
-2.38244
-7.71606
-0.29587
-0.355855
-0.182531
-2.11817
0.424676
-0.579798
-1.994
0.369044
-0.234537
0.596893
-0.997193
-10.6958
1.08416
-0.528653
1.70796
-0.339478
-4.45359
-0.771882
-3.52224
0.384133
-0.238572
-0.780099
-0.387477
-0.220483
0.159735
-3.432
6.90418
-0.170585
-5.34772
-7.16885
-0.0749936
0.0416719
-6.81226
-1.58808
-0.316694
1.10003
0.967165
2.84347
-1.72865
-4.82546
2.03717
-0.0407025
-0.0241206
0.12112
0.656692
-1.90877
-0.381627
-0.190063
-2.17559
1.62537
0.0985523
-0.543045
0.638399
2.21639
0.98667
5.20359
9.40258
1.28538
-0.248377
0.117611
2.04737
-1.62247
0.309399
-2.01232
-4.26112
-0.0723781
1.54298
-0.407571
-7.94248
-0.391646
-1.3853
1.85471
1.86953
-0.546692
0.247656
-1.14325
2.0618
0.295736
-1.39872
0.789896
0.661849
1.34044
-0.651742
50.5725
0.24153
3.43121
-1.12716
-0.556211
3.97718
-1.57844
7.90529
6.03605
-0.640489
0.660578
0.603003
0.122933
1.27581
0.125867
-0.270852
0.967324
-3.33799
4.03909
-1.33138
-8.55472
-5.55502
-0.383293
-0.0486209
-2.75078
0.0321061
-1.16592
1.08615
0.402954
-4.22939
40.6007
-1.76615
2.55692
1.92577
1.55418
-3.26442
0.0300511
1.69007
-1.41329
-0.234387
-0.15041
-0.612904
-3.40379
1.82227
-0.215137
1.778
0.327322
-0.214456
-0.09119
-1.66223
3.39179
0.456134
-2.14976
-0.937155
-1.66946
6.7262
0.415328
-1.93912
-0.124193
-0.867307
-0.205294
1.5582
1.43751
0.0958274
1.17328
1.041
1.70999
-0.282796
0.691382
-0.0484671
-5.27694
0.309303
-0.573695
-0.732116
0.531767
1.24049
1.29487
18.4905
0.124677
-0.394675
1.40121
0.0358911
-1.1753
-2.8388
3.57201
-0.13466
0.524215
-8.14295
0.561477
-1.82996
-1.07065
-0.752918
-0.860825
0.0963293
-0.484391
2.61004
-0.154549
-0.15008
-12.2984
0.64922
3.24023
-1.15625
-0.556326
-3.52974
1.06366
1.27879
-0.0684359
-1.09387
7.35132
6.37507
0.722454
0.263337
-1.90356
0.0730339
-1.01654
0.754853
0.378954
1.8285
0.169334
-1.56549
0.15017
-3.67664
1.09957
1.72868
0.666966
-0.26664
-1.01033
-1.06407
-0.183076
1.32301
0.225522
0.25943
-1.40136
-0.205901
3.27021
-0.64014
0.387172
-1.0781
-3.01309
-0.519128
3.14674
-0.56006
1.9658
-0.120514
-0.548401
9.30342
0.396023
4.24358
0.119405
0.213162
-1.89962
1.16146
14.6105
0.490061
-0.995135
1.1245
1.59284
-0.498862
39.9137
7.80288
-72.6696
0.348953
-0.915348
1.72173
0.984457
-0.575098
1.34753
-0.163947
1.52584
6.46867
0.501034
6.33348
0.177578
0.315896
-0.708
0.299982
0.0725369
-6.16147
1.33221
-1.01438
2.96317
-0.507779
-0.0623463
-1.0086
4.70878
-0.279726
0.666441
0.646306
-1.72113
0.0744312
-5.02992
1.33098
-0.775702
-0.35133
-0.549175
-1.10359
1.26177
-2.48422
9.3642
-0.542272
-8.01108
-0.967349
-0.0885934
0.693247
-1.16181
-3.33013
-1.64714
0.00584109
2.2102
-0.00500748
-0.491064
-0.567538
-6.21683
2.49233
2.42867
0.560492
0.108958
-1.37106
0.460543
-4.89115
2.9976
0.472859
0.363324
-1.34337
0.911226
-0.0672155
0.156676
1.34788
-0.45485
-0.245571
5.23909
0.119144
12.8614
2.07455
-0.526616
-4.62517
-3.0031
-1.21525
1.25014
-1.10735
2.94995
0.106866
-2.96866
2.54981
-5.0957
-6.94678
19.883
1.33044
2.36001
-2.16681
-5.79376
3.07608
1.26779
0.840503
1.62053
3.60993
0.534842
0.385507
0.0428521
-13.0413
5.96236
-5.48274
-0.434391
-1.18754
25.2879
-0.343059
-1.81288
-0.657298
1.89787
0.31802
-1.0998
0.600583
0.299219
1.76493
4.73784
-4.44949
0.26943
-39.3708
-2.43403
1.00709
1.31638
-0.164041
-2.49703
0.4965
0.854074
-0.157097
4.56176
1.00076
-5.45165
-12.286
-0.497949
-0.603108
2.06913
-2.34993
-0.0562814
-1.2443
-0.926127
-1.5094
-1.90295
-1.27178
-0.906227
-0.543352
-3.20102
0.390172
-1.76497
-0.241195
-0.107213
0.677498
-3.27386
-5.16847
-4.78177
-4.09772
0.493547
3.89856
-2.64001
0.279434
1.41181
-3.36882
2.15097
0.804029
0.5132
2.45169
0.282382
0.212246
0.124886
-0.207269
-0.223096
7.42245
-0.289311
-1.6786
0.557582
0.977745
-3.80102
-0.370919
-0.847171
0.428289
0.168816
-0.00739992
-0.123724
2.12327
-0.131973
-0.583395
-1.35126
-0.419054
34.6101
-4.4768
-0.748069
0.210895
-96.3261
68.0533
0.147895
-0.576189
-3.69355
-1.14405
-0.668789
0.891892
0.615463
-1.33812
0.124281
0.0372015
0.0969486
-6.45292
-0.354678
0.586511
1.14845
3.10588
-18.0899
0.356479
0.493696
-1.28605
-54.4096
-0.299569
1.67068
-0.731339
-2.38611
-0.210097
-0.890415
-68.0823
1.51251
-2.6254
-0.143715
0.530158
2.4318
-1.0252
-0.38399
-0.304606
0.488134
1.00927
-2.48368
-2.12394
-0.142304
0.226692
0.911035
0.372204
-1.21117
4.59055
0.0169701
1.02996
-6.07332
-1.73327
-1.44384
-0.316557
-0.0775133
2.20218
2.58083
-2.39539
0.304147
2.31767
-0.223427
13.8683
0.508527
7.07219
-0.763761
-0.522258
-0.74925
-4.51213
0.336826
1.59491
-0.172737
-0.203321
0.687609
1.33665
-1.50654
-0.0942574
-2.23415
-0.826112
0.0438651
-35.2645
-1.77206
-4.48038
3.08668
0.834063
-0.187728
-0.889064
-0.918358
-2.93957
-0.341121
1.5639
3.06378
-0.930744
0.0899238
0.460992
0.212433
2.50962
-3.32659
-0.582199
-5.28113
0.0294324
0.68623
-1.01572
-0.653272
0.17414
1.14109
-0.909389
-6.21346
-1.28731
-0.813949
1.48645
13.7841
-3.09829
-0.173737
1.73485
-0.627013
-0.420878
-0.0715633
13.2708
-0.770654
0.359311
-1.98833
-1.33965
0.471773
1.40913
-0.877625
16.2045
-3.25429
-11.5653
3.00166
0.453998
-2.33439
0.895664
0.189729
0.0845456
2.18
-7.20193
1.12492
-1.41024
0.0430543
-0.0368751
-3.48102
-1.09769
-21.9798
-1.27275
-5.36384
0.271614
3.49283
0.0900659
-0.814171
-1.16761
-0.800948
-0.425687
-1.66099
0.85111
2.58878
-0.0964294
0.0947393
23.4347
0.112548
0.114735
1.60516
-0.35971
0.806444
86.0874
-0.43148
0.911442
-1.03548
-0.515402
-0.306887
-2.46635
4.4875
0.909939
-1.54586
7.85197
0.421162
-2.20966
283.238
-1.70077
1.89414
-0.80791
-0.0124277
1.05734
1.72872
-0.242956
-0.592194
-5.47867
0.862806
0.612714
1.58513
7.88676
29.3072
0.239367
-0.971009
1.02086
-0.0570844
0.115962
-10.2719
1.24928
17.0003
2.99692
1.75485
-2.6275
-1.54482
-1.8061
0.960205
-3.70925
1.61989
-0.783549
3.50054
0.220562
1.18383
0.211035
2.83173
1.49371
-1.29249
-39.2287
-1.13986
0.168635
-0.891005
-0.144314
0.898159
0.194319
-0.303807
1.07524
0.441822
-0.343197
-0.401939
0.794642
3.09386
-0.0758705
-6.55208
0.778318
0.348274
1.05933
-1.21886
1.472
1.30669
3.15282
0.201105
-0.139996
0.132448
1.34806
2.45061
-9.14821
0.209231
0.0408698
13.6256
-0.424137
-0.0661661
-0.0240807
8.21026
-2.0853
-0.60162
0.109535
0.56231
9.3809
1.51311
0.167487
-2.10932
-0.275752
0.761853
30.5884
-1.09895
-2.15284
-0.135934
-0.186824
-0.0483962
0.39981
5.35885
0.345609
-1.2771
-0.312614
-0.873721
2.19238
-11.9377
0.913357
1.7135
-1.18107
-0.479547
-1.34334
-0.855465
-1.7535
-0.409048
0.20576
-0.017949
-2.25636
0.551836
-0.0230917
-10.2719
0.55757
-0.227702
0.795815
0.618933
1.71237
1.22683
