0 0.501241 0
10000 0.502266 0.0010248
20000 0.500193 0.00215551
30000 0.500559 0.0015675
40000 0.501622 0.00161335
50000 0.501938 0.00135462
60000 0.502119 0.00115912
70000 0.501938 0.00102
80000 0.501415 0.00104042
90000 0.501482 0.000933008
100000 0.50125 0.00087526
110000 0.501045 0.000825055
120000 0.501238 0.000783188
130000 0.501216 0.000725419
140000 0.501011 0.000705953
150000 0.500668 0.000744033
160000 0.50079 0.00070957
170000 0.50067 0.000679777
180000 0.500773 0.000651297
190000 0.500887 0.000628197
200000 0.500945 0.000600392
210000 0.500903 0.000574009
220000 0.50059 0.000631723
230000 0.500682 0.000611843
240000 0.50086 0.000613131
250000 0.500807 0.00059138
260000 0.501078 0.000630019
270000 0.501258 0.000633283
280000 0.501264 0.000611087
290000 0.501197 0.0005942
300000 0.501202 0.000574734
310000 0.501091 0.000567397
320000 0.500943 0.000569534
330000 0.500858 0.000558928
340000 0.500746 0.000554335
350000 0.500801 0.000541512
360000 0.500891 0.000534401
370000 0.500886 0.000520173
380000 0.500976 0.000514524
390000 0.500939 0.00050281
400000 0.50097 0.000491332
410000 0.500998 0.000480329
420000 0.500955 0.000471034
430000 0.500829 0.000477036
440000 0.500955 0.000483027
450000 0.500918 0.000473867
460000 0.500815 0.000474976
470000 0.500659 0.000490458
480000 0.500628 0.000481325
490000 0.500647 0.000471973
500000 0.500567 0.00046952
510000 0.500577 0.000460515
520000 0.500572 0.00045177
530000 0.500475 0.000453839
540000 0.500503 0.000446394
550000 0.500516 0.000438555
560000 0.500508 0.000430858
570000 0.500501 0.000423438
580000 0.500524 0.000416839
590000 0.500501 0.000410487
600000 0.500437 0.000408743
610000 0.500401 0.00040368
620000 0.500351 0.000400347
630000 0.500321 0.000395179
640000 0.500264 0.000393195
650000 0.500269 0.000387228
660000 0.500242 0.000382349
670000 0.500296 0.000380485
680000 0.500268 0.000376015
690000 0.500331 0.000376081
700000 0.500342 0.000370899
710000 0.500356 0.000365966
720000 0.500371 0.000361227
730000 0.500386 0.000356627
740000 0.500385 0.00035184
750000 0.500374 0.000347365
760000 0.500357 0.000343222
770000 0.50034 0.00033923
780000 0.500295 0.000337966
790000 0.500306 0.000333899
800000 0.500318 0.000329969
810000 0.500279 0.000328176
820000 0.500247 0.000325795
830000 0.50021 0.00032408
840000 0.500158 0.000324333
850000 0.50012 0.000322838
860000 0.500152 0.000320712
870000 0.500151 0.000317048
880000 0.50015 0.000313468
890000 0.500109 0.000312634
900000 0.500179 0.00031713
910000 0.500177 0.000313676
920000 0.500148 0.000311633
930000 0.500156 0.000308415
940000 0.500177 0.00030583
950000 0.500233 0.000307795
960000 0.500193 0.000307218
970000 0.500193 0.000304067
980000 0.500168 0.000302021
990000 0.500163 0.000299019
