0.926273
0.740698
0.628587
0.988692
1.16928
1.12577
1.42399
0.556516
0.601548
0.661921
0.558548
1.0239
1.07251
0.829513
0.969121
0.941895
0.496442
1.32472
0.965301
0.87622
0.874645
0.766309
0.898809
1.03707
0.599776
0.789359
1.19765
0.954955
1.39413
1.86469
0.712042
1.03053
1.08522
1.22516
0.855636
1.98172
1.22536
1.30508
1.07484
0.502671
1.15491
1.34819
0.87821
0.663525
1.1594
0.787413
1.40267
0.771532
1.40533
1.3723
1.0065
1.02354
0.972223
1.28738
1.56706
1.16395
0.83312
0.766099
1.16589
0.567863
0.701004
0.505237
0.735827
0.88559
0.714708
1.1837
1.10039
1.12479
0.605336
1.07017
1.03648
1.33306
1.00994
0.877909
0.732092
0.770818
1.16581
1.16004
0.675677
0.721951
1.22084
0.688069
1.12856
1.08331
1.112
0.764748
1.44877
1.36038
0.676481
1.07426
0.854404
0.779319
0.868186
1.33755
0.978581
0.89073
1.0932
0.800865
1.18504
1.227
1.26243
0.97668
0.780907
1.28676
0.717038
1.44192
0.561493
1.02246
0.924868
0.674494
0.975169
1.13422
1.05151
1.35307
0.888258
1.14362
1.1002
0.708949
1.10365
1.1375
0.283638
1.11547
1.35371
1.03138
1.11837
0.636685
0.968489
0.832602
0.906186
0.753216
1.84561
1.15604
1.09381
1.0905
0.743732
0.808214
0.816162
0.978461
1.13367
1.01383
0.766937
0.997148
1.37097
0.893033
0.737977
1.25997
0.769222
0.71174
1.08433
0.852823
1.37405
0.810676
0.295371
0.631793
0.830568
0.90054
1.07286
0.68768
0.915767
0.999412
0.845328
0.84905
1.03798
1.68648
1.35781
0.503308
1.18248
0.907919
1.31257
0.789843
1.20744
0.824136
0.850913
0.441479
0.666976
0.783012
1.00931
0.759046
1.2709
0.966786
0.469507
0.612175
1.92729
1.05227
1.14982
0.506238
1.70437
0.885381
1.75128
0.810622
1.06778
0.758975
1.04498
0.860641
1.07564
1.20745
1.17466
0.743308
0.913322
0.907349
0.758359
1.35916
1.13661
0.967825
2.07031
1.05589
0.662422
1.2771
1.02815
0.934657
1.41624
0.931919
1.34532
1.2308
0.45435
0.587017
1.09579
0.715331
0.615381
0.77998
0.975468
0.943433
0.678277
1.09892
0.862023
1.02996
1.25506
1.11126
1.31999
1.33688
1.11228
1.15968
1.3448
1.63253
1.11957
1.27107
1.77639
1.00846
0.764148
1.36049
0.811834
1.72544
1.5458
0.8784
0.894794
1.37322
1.40516
0.71394
1.42447
1.15352
0.522353
1.22399
0.887154
1.23296
0.809058
0.844602
1.00856
1.19683
0.727206
0.540938
1.13162
1.08693
0.82196
0.944812
1.16377
0.67125
1.40199
0.504454
1.01171
0.6412
0.755237
0.845961
1.23804
1.16725
0.890321
0.652818
0.73388
1.71739
0.762996
0.996394
0.6437
1.19711
1.20907
1.04606
1.06591
1.12389
1.13219
1.09729
1.00817
1.07556
0.749554
1.4356
0.82354
1.36569
1.10777
1.494
0.975486
0.850925
0.678406
1.0426
1.29279
1.46366
0.945729
1.05474
0.787096
1.31865
0.833148
0.518193
1.05823
0.902752
1.42194
1.0302
1.54535
1.1644
1.07108
1.47189
0.737255
1.07115
1.36006
2.14413
0.761087
1.38424
0.856624
0.952218
0.813833
1.30642
1.10864
0.834433
1.33021
0.497114
1.08314
1.59445
0.910404
0.97586
1.09046
1.20169
0.84918
0.766061
0.94808
1.22835
1.23473
1.48954
0.602585
0.716159
0.421145
0.775019
0.853925
0.805126
0.878924
1.43645
0.622018
0.756222
0.850372
1.07332
1.55206
1.13132
1.16201
1.45867
1.15356
1.06187
0.617962
1.10575
1.34789
1.29227
0.992776
0.664525
0.714184
0.742912
0.934476
1.03289
1.17273
0.888132
0.41915
0.872632
1.03049
0.703255
1.65128
1.48211
1.46596
1.27039
0.96692
0.947058
0.948794
0.854996
1.35243
0.567269
0.810277
1.0554
0.882465
1.0062
1.13183
0.532937
0.571831
0.679675
0.691445
1.0331
0.769872
0.609081
1.92598
1.45342
2.11598
0.935966
1.20334
0.880819
1.19004
0.895051
1.56375
0.647413
0.772831
0.968738
0.970451
0.772232
0.689914
1.10533
0.779909
0.884303
1.05559
0.866308
1.20886
1.0612
0.920398
1.01662
0.931293
0.523349
1.06876
0.565313
1.16602
1.13676
1.63448
0.880532
0.507046
0.797028
0.506591
1.03314
1.03479
0.945741
0.974667
1.32529
1.04195
1.12965
1.35342
1.07043
0.834567
0.814114
1.4788
1.26979
0.976704
0.76186
1.22652
1.07049
1.21965
0.581753
0.658141
0.996076
1.05141
1.78043
0.957276
1.14585
0.975232
0.868469
1.2264
1.24107
1.29867
0.649754
1.61103
0.547015
1.29267
0.6148
1.1361
0.899865
0.844518
1.05877
0.820605
1.04279
1.12403
1.35671
1.41545
0.877208
0.570368
0.686428
1.27091
0.63558
1.20883
1.56912
1.03797
0.678341
0.788428
0.985903
0.838863
1.07059
1.33658
1.54869
1.36834
0.751911
0.555217
0.632092
0.741967
0.867711
1.18742
0.702532
0.664721
1.07735
1.47019
1.04032
1.00247
0.44597
0.869118
0.560777
1.09783
1.14742
1.23113
0.923487
0.824719
0.720974
0.943206
0.724084
1.00811
2.06195
1.06718
0.825772
1.96795
0.972266
0.701498
1.22296
1.87875
1.38798
0.548241
0.949458
1.1796
0.406822
0.972885
0.855892
1.03958
1.01325
1.02349
0.994633
1.21308
1.73652
1.18129
1.14455
0.835833
0.743793
0.552001
1.01764
1.18227
1.46202
0.914806
0.951088
1.1635
1.0338
1.26704
0.8903
0.99381
1.15429
1.2682
0.968311
0.718361
1.00779
0.797203
0.642544
1.84382
0.506411
1.01573
0.998251
0.91156
0.770215
0.594504
0.74963
1.05473
1.15397
1.22153
1.11923
0.759205
1.27501
0.806518
1.22126
1.14107
0.932577
0.529775
0.887577
1.02066
0.885181
1.56878
0.977776
0.649764
1.05844
0.74045
0.730944
1.35131
1.10276
1.03381
1.0543
0.633894
1.17142
1.04237
1.27312
0.680236
0.940728
0.740118
0.347964
0.685059
0.892854
1.11481
0.807611
1.19218
1.03316
1.20292
1.05783
0.817925
0.781335
0.707443
0.926103
1.33338
0.876931
0.769568
0.871661
0.45758
1.14237
0.858964
1.32427
1.27507
1.355
0.862709
0.69879
0.994177
0.333294
1.06247
1.00761
0.891717
0.945298
1.03401
0.662891
0.693362
1.27569
1.15738
1.00549
0.651265
0.711949
0.732301
1.57031
0.867134
1.00132
0.750294
1.13243
0.803563
1.27812
1.2332
0.989031
0.671076
1.70447
0.550955
1.42001
0.862464
0.866246
0.877367
0.748919
0.908828
0.990741
1.0027
0.800898
0.758891
1.17692
1.25201
0.655109
0.707575
0.473453
1.39518
1.1766
0.686453
1.35511
1.19909
0.706355
1.05955
1.22903
1.00825
1.57095
0.955081
0.962386
1.56609
0.953269
1.0674
1.28168
0.904936
0.883058
0.793953
1.19725
0.681059
0.264553
1.22367
0.641495
1.12992
1.6472
0.791428
0.536785
1.61918
1.38715
0.857833
0.395725
0.971197
1.3282
1.34271
1.49694
1.4642
1.06665
0.86032
0.968873
1.08102
0.812714
1.24624
0.45592
0.660997
1.43867
1.35436
0.770314
1.32219
0.872987
0.578721
0.93359
1.10199
1.02023
0.841872
0.761152
1.1988
1.51132
0.759011
0.586325
0.883106
0.392812
1.49942
1.10685
1.11595
1.08582
0.800131
0.868327
0.792511
0.828365
1.03653
0.662877
0.647062
1.62484
1.01273
1.70941
0.927973
0.730927
0.976793
0.818269
1.01842
0.926415
0.616197
0.540133
1.49676
1.14483
0.924247
1.56027
1.13878
1.69249
0.79509
1.13898
0.965076
1.31572
0.682056
0.762828
0.561602
1.12607
0.967032
1.02019
1.3461
0.808496
0.58856
0.599863
0.99987
1.05384
0.629821
1.10718
0.83229
1.00475
1.16426
0.695716
1.15795
1.5009
0.780908
0.969414
1.10688
1.42693
0.826595
1.12155
1.37378
0.734779
0.818796
0.532207
0.811698
0.886473
0.721135
1.28565
0.934989
0.559412
0.928948
0.887319
0.452244
1.13098
0.573934
1.2137
1.14406
1.52706
1.76607
1.15718
1.00157
1.67175
1.13499
1.10175
0.654007
1.06319
1.93719
1.42712
0.952886
0.333012
0.811973
0.603536
1.08589
1.30983
0.545118
0.916255
0.7531
0.958342
0.910657
1.34849
2.61261
1.29869
0.731963
1.32782
0.76566
1.22616
1.02388
0.971355
1.20271
0.772942
1.72711
1.0428
0.674742
0.90686
0.936095
0.896937
0.770843
1.08818
1.16887
1.24526
1.04696
0.336451
1.23074
0.978336
0.704999
1.01632
1.7125
0.948119
0.629907
0.840382
0.626063
1.02734
1.00801
0.655952
1.3281
1.26098
1.13793
1.22084
0.940896
0.68779
1.40325
0.972279
0.766001
1.56777
0.648652
0.88216
0.739031
1.01216
1.03799
1.18945
0.901854
0.4812
0.460969
0.953802
0.620201
0.878728
0.564365
1.59781
0.987777
0.643402
0.828827
0.830515
0.7286
1.28702
0.936826
1.42027
1.09251
1.12402
0.982379
0.852144
1.20269
1.0483
0.575152
0.77283
0.862523
0.963468
0.788894
1.21453
0.662078
1.41178
1.12659
0.868296
0.449165
0.877012
1.51665
0.802989
0.868411
0.940746
0.863888
0.888167
0.769259
0.636616
0.372463
1.49335
0.924471
1.23121
1.17306
0.964734
0.909279
1.08325
0.845444
0.635088
2.6585
1.3715
0.6943
1.54486
0.930293
1.57583
0.783741
0.603161
0.809135
1.30889
1.45814
1.60676
0.993508
0.38138
0.859303
1.11626
0.969398
1.12837
1.38311
1.01443
1.0357
1.68984
0.412703
1.06754
1.4579
1.33553
1.51665
1.13417
0.645506
0.349219
0.807717
1.00319
1.15622
1.60976
0.718375
1.01584
1.14569
1.03747
0.636135
1.36697
0.779487
1.0738
0.724002
0.70074
0.888527
1.0554
1.51408
1.26842
0.720609
0.756143
0.982215
0.893741
0.863853
1.61558
0.985377
0.74137
0.321708
1.14495
0.822938
0.553555
0.887273
0.8927
0.974202
0.813167
1.7831
0.737382
0.922509
1.45128
0.833643
0.674679
1.34193
0.32262
1.03276
1.09831
0.435835
1.09565
1.03632
0.953134
0.818131
0.774564
0.52316
0.958981
0.809563
0.875209
1.10969
0.977613
0.894911
0.933712
0.683779
0.924673
1.30842
0.76369
0.709637
0.619763
1.21313
1.41363
1.09497
0.833921
0.859909
1.08315
1.58125
0.858355
1.06417
0.860518
0.618259
1.23837
0.862433
1.00069
0.991522
0.741829
0.623359
1.33723
1.73257
1.17075
1.11592
0.730209
1.11219
0.525463
0.575627
0.572203
0.712554
1.08716
1.0342
1.17374
0.88083
0.471371
0.898506
0.912414
1.32772
1.21961
1.11922
1.29004
1.29079
0.996411
1.2505
0.776553
0.981009
0.882656
0.979081
0.774757
0.499742
0.99298
1.38188
0.762604
0.628215
0.532121
1.25264
0.687808
1.34527
0.713366
0.804817
0.884926
1.0509
1.13857
1.16229
1.02953
0.552871
0.819412
1.11808
0.947833
1.07917
0.504541
0.800273
0.84711
1.16876
0.863613
1.12366
0.817236
0.692057
0.802011
1.47481
0.876648
1.3132
0.726704
0.556757
0.563938
0.898908
0.914472
0.796591
0.98344
1.50054
1.57769
1.29571
0.716511
1.55089
0.390904
0.565124
0.6945
0.581535
2.2446
0.695479
1.15464
0.818954
0.992024
0.831497
0.999112
1.38333
1.41523
0.973803
0.969094
0.898613
0.734965
1.226
0.758296
1.45986
1.0615
1.3169
1.12873
0.74704
0.705975
0.695334
1.354
0.989929
1.4378
0.539065
0.939834
1.30195
0.54455
0.947689
1.40743
0.623827
0.865899
0.696719
1.08627
1.10912
1.36457
1.05864
1.64268
0.820866
1.0072
1.50125
0.867468
0.844098
0.845688
0.93105
0.570164
1.01573
0.696994
1.04619
0.817068
0.690233
0.988486
0.830247
1.48882
1.22069
0.707858
0.974947
0.810456
0.990678
1.66303
1.23517
0.650424
0.538978
0.685609
0.742166
0.643099
0.845637
0.786445
0.744515
0.954013
1.04304
0.842937
0.686106
0.924966
0.995628
0.909211
0.733951
1.20344
0.439559
1.25968
0.845205
0.961757
0.802237
0.985632
1.12556
1.24106
1.11321
0.822778
1.01629
0.465006
0.980562
0.590316
0.562621
1.09377
0.891764
0.970028
1.21322
0.661637
0.648421
1.54335
1.58097
0.844415
0.775397
1.33953
1.10247
0.746197
0.958093
0.50425
0.950824
1.07481
0.680721
0.931829
0.314642
1.24952
0.921119
1.00687
1.0426
1.03954
1.12761
0.476427
1.95341
0.652711
0.936608
1.16525
0.729897
1.33018
0.850371
0.914486
0.674254
0.89663
1.12698
0.966444
0.806231
0.494979
0.806645
0.705644
0.602039
0.624666
0.67615
0.726907
1.19509
1.48487
0.671686
0.585157
0.756184
0.841285
0.607294
0.945884
0.502858
0.822942
0.591346
0.885989
0.874887
1.02103
1.12649
1.20542
0.842503
0.703798
1.00824
0.880049
0.833107
0.638962
1.24289
0.80995
1.4225
0.893105
1.16044
1.02148
0.600384
1.95382
0.400513
1.00406
1.37802
1.24027
1.37217
0.733849
0.969396
0.541698
0.63801
1.04825
0.949236
0.710308
0.914449
1.04004
1.09249
0.743938
0.827693
1.00156
0.652697
1.03927
0.896715
1.21176
1.64815
0.963017
0.646016
1.22986
1.03836
1.58919
1.03995
0.71546
0.619134
1.25801
1.49107
0.937741
1.15359
0.779119
0.907725
0.476009
1.53399
0.98462
1.54531
0.7725
0.968216
1.3704
0.867633
0.817363
0.975933
0.697209
0.971753
1.14579
0.652515
1.31561
1.39948
0.807313
0.870303
1.23142
0.714032
1.51056
0.496155
1.24064
0.995794
0.419616
0.767424
1.30138
1.1304
0.996696
0.883609
0.590494
1.07846
1.4711
0.846976
1.21377
0.970922
1.09313
1.22254
0.402252
1.11897
0.764759
0.969153
1.79295
0.861995
0.819792
1.32011
1.21052
0.713677
0.672516
0.847524
0.628867
0.765624
0.731484
0.975892
1.0582
1.48751
0.667184
0.658184
0.651028
1.67211
0.931089
0.911813
0.639077
0.74095
1.05089
0.669852
1.15961
1.10446
1.22168
1.26936
1.20214
1.23389
0.919395
0.794834
0.903688
1.77852
0.890043
0.566457
1.31542
0.966162
0.931024
1.41336
0.631908
0.997228
0.97943
1.21638
1.00682
1.01976
0.795421
1.00844
1.19846
0.501042
1.1385
0.761334
0.616929
1.17549
0.553789
0.888229
0.438343
1.15653
1.48701
0.869489
0.554463
0.643657
0.974294
1.26528
1.14263
0.747292
1.00682
0.880923
0.633656
0.855346
1.34557
0.925413
0.649448
1.46972
0.93552
1.03376
0.941997
1.05842
0.500099
0.835555
1.25123
0.786077
0.852303
1.10112
0.77129
0.963255
1.10068
0.530602
0.999858
0.974906
0.559656
1.37625
1.14246
0.489518
0.966901
1.42907
0.707157
0.89833
1.75909
0.978074
0.769625
0.831046
1.01816
0.753682
1.07625
0.701355
1.00008
2.03273
1.34968
0.583058
0.703065
0.995389
1.19772
1.01422
0.714767
0.923133
1.1881
0.834363
1.05952
0.827091
0.881663
0.881052
1.0853
1.01282
1.19598
1.03537
0.604065
0.830832
0.615445
1.55976
1.12594
0.611729
0.861019
0.979401
0.452922
1.28749
1.31353
1.07215
1.45536
1.39191
1.04139
1.39017
1.19212
1.1467
0.958976
0.881397
0.642909
0.60914
1.07228
0.648658
1.28531
0.8839
0.768575
1.09235
1.32454
0.745045
0.943858
1.85167
0.766065
0.767214
0.84534
0.965643
0.720003
1.20512
1.7519
0.880722
1.05546
0.944615
1.21018
0.637382
1.08291
0.989089
1.40428
0.981262
0.853588
1.25236
1.02213
1.03807
0.92284
0.662809
0.598994
1.11001
1.31253
0.867245
1.19249
1.20645
0.606428
1.06179
1.15163
1.2674
1.36514
0.634148
0.715342
0.600566
0.433361
0.8077
1.03582
0.8349
1.01196
1.56151
1.62516
1.32768
1.38053
0.560658
1.30915
0.686227
0.636077
1.08638
1.59629
0.547259
0.601513
1.00936
0.819781
0.861915
1.13238
0.66408
0.758654
0.806632
1.00469
1.06019
0.915621
0.703516
1.04026
1.06686
0.65463
1.23185
1.10079
0.926247
0.743185
0.628713
1.17256
1.01418
0.851807
1.13133
0.711398
1.0884
1.09817
1.13024
1.45617
1.33955
1.14322
0.863879
0.646451
0.941953
0.988475
1.37398
0.993242
1.12118
0.890556
0.40042
1.14907
0.503212
1.46219
1.35964
1.38367
1.1439
0.602905
0.904694
0.548901
0.744883
1.31487
1.25111
0.766369
1.33461
1.13134
1.17798
1.2696
1.50243
1.22601
1.10795
0.954569
0.966368
0.919133
0.864296
0.781248
1.06728
0.971008
0.786695
0.962144
0.615308
0.676202
0.532058
0.872059
0.808497
0.751973
0.776596
0.716949
0.751588
1.04074
1.32162
0.872985
1.02872
1.49075
1.26048
0.902995
0.436401
0.458873
0.681182
0.852151
0.737414
0.856586
0.80972
0.809154
1.28324
1.06992
0.576803
1.21423
0.74015
1.47559
0.707689
1.09561
0.813209
1.1167
1.67179
1.09219
1.56753
1.1093
1.10566
1.03828
0.919024
0.75087
0.640821
1.7436
0.466518
1.11408
1.2357
1.21786
1.52078
0.671431
1.11716
0.78794
0.949024
0.558577
0.691928
1.24148
1.15119
0.9196
0.822319
0.784979
1.59411
1.17567
1.21009
0.461161
0.625096
0.796485
1.67016
1.21569
1.0348
1.00242
1.5283
1.02631
0.951039
1.33869
0.622103
0.638162
1.11139
1.16938
0.768753
1.16712
0.871735
1.38749
1.3883
0.646364
1.51095
1.57121
0.651581
0.681678
1.06693
0.962158
1.06698
0.810525
1.34591
1.15427
1.08168
0.946187
0.801959
1.21766
0.989402
1.00813
0.560588
0.942659
1.00233
1.44967
1.13421
0.627062
1.09047
1.62942
0.366396
0.808731
1.43118
1.02797
0.946213
0.770307
0.890526
0.805087
0.660172
0.545924
0.926723
0.843272
1.00026
1.19484
0.764921
1.21485
0.826502
0.811974
1.22723
0.697728
1.12823
1.16065
1.04709
1.08462
0.776217
0.805418
1.13806
0.99992
0.797297
0.872153
1.07475
0.920601
1.26313
0.971559
0.778935
1.09396
0.84636
1.2656
0.752762
1.12083
0.686743
0.857639
1.14223
0.490152
1.01066
1.26178
1.008
1.05926
0.753377
1.08423
0.459721
1.02963
0.700447
0.939767
1.46634
0.652738
1.06871
0.781536
0.825938
0.856833
0.609867
0.524667
0.826232
1.09634
0.781907
0.912073
1.50819
0.907766
0.980464
0.979068
0.972034
1.08832
0.804682
1.16802
0.711797
0.716984
1.0555
0.631456
1.09614
1.13688
1.65395
1.02993
0.955803
1.13346
0.949412
1.62925
1.36458
1.21615
1.02871
0.463399
1.26207
1.14893
1.1364
1.03383
0.589734
1.34502
0.815837
0.803259
1.55942
0.862728
0.604636
0.699999
0.818387
1.78188
1.02745
0.823621
0.906273
0.591966
1.155
1.24346
1.25233
1.09268
0.490228
1.55715
0.972544
0.669249
1.00672
1.28184
0.937024
0.990916
1.12655
0.60426
0.543716
1.62753
1.35115
0.921426
1.06721
0.733809
1.38022
1.19803
1.12604
1.29791
1.75088
1.28049
1.1773
1.10893
1.40719
0.751831
1.28497
1.0045
1.43932
1.15868
0.862785
0.760082
0.932037
0.754519
1.08883
0.411836
0.582562
0.896692
0.831791
1.03051
1.08962
1.8056
0.660629
0.751831
1.01503
0.629576
0.751452
1.26204
1.08445
1.46179
0.747675
0.800686
1.12065
0.565689
0.654945
1.18662
0.99691
1.40843
0.789579
1.18192
1.54265
0.637481
1.501
1.11241
1.10717
0.658384
0.831797
0.806715
0.962278
1.19711
0.668047
0.793909
1.18422
1.05883
0.604962
0.737086
1.13453
1.00438
0.973413
0.840443
0.934646
0.688063
1.42039
0.70946
0.885504
1.2907
1.00941
1.57355
0.912941
1.01079
1.30842
0.741975
0.81074
0.428302
0.452154
0.934818
0.525349
0.983133
0.98275
0.811673
1.49978
0.915743
1.21495
0.778855
1.21432
1.01514
0.981269
2.27704
0.827707
0.818583
0.591412
0.681606
0.919437
1.21069
0.709114
0.840196
1.48562
1.76111
0.91982
0.890579
1.20852
0.566019
0.920957
1.07624
0.804462
1.52457
1.44908
1.69971
0.447283
1.17666
1.0084
1.11871
1.02555
1.13834
0.520884
0.911526
0.878602
0.880494
0.676474
1.63383
0.52572
0.906239
0.99898
0.848265
1.1605
1.03891
1.3007
0.581265
1.13726
1.3567
0.625999
0.559697
1.21996
0.870689
1.19151
1.27742
0.934584
0.658269
1.41364
0.922932
0.973929
1.03253
1.7883
1.16143
1.19403
1.24148
1.44062
0.666711
1.09147
0.54996
0.840586
1.01626
1.30304
1.4037
1.00258
0.491424
1.01415
1.10829
1.62198
0.941137
0.868895
0.857193
0.933446
1.75482
1.09226
1.23497
0.820808
0.979595
0.804621
0.573778
1.02714
1.31409
0.676226
1.15319
1.26977
1.06866
0.905561
0.686474
0.961412
0.503719
1.69863
0.891648
0.880134
0.75284
0.950547
1.31348
0.833871
0.547689
0.694731
1.24303
0.955981
0.972378
0.944124
1.07898
0.618698
1.26909
0.557604
0.593428
0.81851
0.297301
0.694529
1.15156
1.15925
0.624864
1.1361
0.777681
0.687978
1.42051
0.893987
0.680848
1.01008
1.54627
0.851239
0.969369
0.917711
0.626412
1.86071
0.685974
1.35516
1.0567
0.551922
0.815611
1.30087
0.926221
1.382
0.976204
1.24337
0.968298
1.62742
0.942908
0.704577
1.03354
0.956513
1.30378
1.81552
0.450256
1.14301
0.519623
1.09962
1.16178
0.807851
0.806191
0.672367
0.981457
1.73798
1.19601
0.832963
0.988334
1.10157
1.07056
0.90019
0.635403
0.791873
1.32697
0.787944
1.01642
0.723021
1.09535
0.997585
1.47869
0.618886
0.904225
1.91694
1.09126
1.01564
0.774419
0.762875
0.733452
0.57064
0.889747
0.633243
0.982343
0.731195
0.791049
1.3899
0.71446
0.874457
1.561
0.749764
0.774264
0.805539
1.48972
1.03789
0.615399
1.22421
0.901841
0.481509
1.09159
1.02249
0.864113
1.05475
1.03869
0.775071
1.08701
0.977865
0.787657
0.923879
1.32049
1.72991
1.21334
1.05404
0.773367
0.726151
0.641438
1.59677
1.05762
0.871911
0.848862
1.41
1.33695
1.30857
1.07034
1.52499
0.575908
0.667442
0.954945
0.974782
0.811961
0.802985
0.80766
1.08662
0.745172
1.24149
0.687817
0.771505
1.21448
1.21065
1.52794
0.925541
1.15814
0.514421
0.965504
1.12492
1.63327
0.738904
0.947509
0.968702
0.864438
0.68759
0.710379
0.900762
1.53727
1.10582
0.432366
0.69685
0.712773
0.823202
1.52179
0.797025
1.41901
1.06652
1.13113
0.692926
1.71643
0.745842
0.986758
0.796668
1.00556
1.35725
0.988309
1.08358
0.60732
0.804146
1.09931
1.06103
0.896768
1.44308
1.24381
0.892074
1.04486
0.434848
0.381449
0.932611
0.852724
1.34227
0.633566
1.43539
1.39484
0.74996
1.35665
0.904422
1.05786
1.1143
0.85433
0.775661
1.46904
0.74231
0.8314
0.631926
1.65475
0.950179
0.794754
1.80181
0.635234
1.01246
1.17438
1.41286
1.04728
1.56354
0.613714
1.95446
1.15387
0.576356
1.29766
0.809912
0.420879
1.31788
0.664849
1.05286
0.689346
0.973865
1.05069
1.02513
1.11119
0.669073
1.31239
0.700059
0.723817
1.2211
1.08364
1.1121
1.57808
0.952137
1.46058
1.29645
1.20066
1.3435
0.843866
1.03643
0.656917
1.62762
1.41403
1.36664
0.834587
1.09465
1.12052
0.728404
0.870253
0.959703
1.63331
1.24846
0.58712
0.728582
1.167
1.02331
1.32053
1.11258
1.53944
0.508145
0.802603
0.601827
1.42524
0.756094
1.00537
1.01815
1.00954
0.894112
1.1261
0.672989
0.771882
1.11526
1.1403
1.10349
0.901787
1.07587
1.11584
0.707006
1.83481
0.682294
0.833616
0.909184
0.700025
1.4079
0.888113
0.971899
1.05815
0.654467
0.553392
0.79895
0.703675
1.45915
0.621991
1.72973
0.631942
1.19258
1.0135
1.38737
1.29589
0.690163
1.38057
0.841712
0.50633
1.43853
0.969909
1.24664
0.771149
1.56287
0.883812
1.2393
0.787452
1.11447
0.574007
1.08864
0.619339
0.865879
1.30733
0.872119
0.442986
1.13801
1.0595
1.49505
1.13856
1.17038
1.57651
1.40696
0.311218
1.1196
0.683302
0.961475
0.987807
1.05127
1.35451
1.27898
0.841057
0.97974
0.492736
0.803826
1.73625
1.21851
1.0857
0.996736
0.906595
0.909775
1.12847
0.685849
0.883221
0.880546
1.22386
0.947283
1.05329
1.15154
1.18278
0.823158
0.664543
0.608164
1.14943
0.551599
1.33266
1.16166
0.934356
1.37272
0.496994
0.938446
1.29335
1.85695
0.817369
1.32774
0.629205
0.754648
1.0026
1.3854
0.466396
0.677992
0.802602
1.45491
0.840298
0.822627
1.27078
1.02892
1.26083
0.774117
1.11039
1.26249
0.642435
0.95713
1.68263
2.12575
1.77519
1.46236
1.17426
1.03935
0.737312
0.849373
1.19001
0.892362
0.949934
1.29433
1.11759
1.10217
0.762674
1.02814
0.69311
1.03266
0.931028
1.84659
0.739606
0.719408
1.2588
1.33705
0.670788
1.00142
0.523541
0.861651
1.10119
0.823706
1.22925
0.733808
0.636315
1.52355
0.976121
1.32727
0.702999
1.08995
0.826939
0.672532
1.11773
1.28981
1.37079
1.07452
0.74682
1.14703
0.952328
1.13425
1.01565
1.09
1.04589
0.894391
1.31652
1.33859
0.761326
0.712578
1.16163
0.828489
0.789797
1.68376
0.85347
1.32862
1.23738
1.10682
0.88253
0.841747
0.664487
0.745114
0.85155
1.12696
1.08008
0.973411
0.883443
0.526483
0.851987
1.1763
0.785412
1.0814
0.822487
1.98614
0.730409
0.81569
1.12535
1.20461
0.857414
2.12261
0.594783
1.67413
1.31657
0.753939
0.795956
1.19686
0.959123
0.772502
0.691443
1.2262
0.88188
1.15119
0.659992
0.916159
0.891807
0.999723
1.15573
0.901556
1.21525
0.76601
1.1066
0.869789
1.26704
1.4186
1.30632
0.363861
1.23499
1.429
1.04902
1.22206
0.567624
1.11477
0.909593
1.21993
2.15633
1.2158
1.07749
0.759047
0.443928
1.01053
1.15574
0.891381
0.769717
0.955087
1.51521
0.665767
1.02161
0.89612
0.746476
0.874877
1.37607
0.979957
0.624522
1.40998
1.11129
1.13813
1.30967
1.29759
1.30153
0.481286
1.2507
0.986699
1.30576
1.30055
1.18407
0.956726
0.907068
1.06205
0.898674
0.849958
1.16364
0.968864
0.619193
1.58568
0.750189
1.39894
0.742481
0.895165
1.22781
1.08676
0.769106
0.95499
1.36188
1.76553
1.69323
1.30703
0.628731
1.22293
0.747398
0.693682
0.936283
1.76811
0.82108
1.78175
1.12199
0.731071
1.39449
0.875732
0.882409
1.03172
0.921868
1.81614
0.77877
1.33996
1.29538
1.02427
0.967578
1.15942
0.792348
0.552798
0.740209
0.645081
1.53017
0.762103
1.54757
0.825788
0.626786
0.743593
1.02972
1.06614
1.24169
0.750967
1.17745
0.749458
1.78413
1.33064
1.42148
1.24601
0.903344
1.05598
1.48825
1.0981
0.835191
1.18288
1.17188
1.17327
0.596215
1.2244
0.460181
1.26986
0.830965
1.92575
0.535483
1.14033
0.720688
1.40859
0.600038
1.20294
1.2158
1.29997
0.879463
1.66232
1.39622
1.37813
0.870013
1.15137
1.24497
1.16935
1.18661
1.30066
0.82319
1.3168
1.78387
1.17941
1.19445
0.98993
0.783303
1.33774
0.522103
0.815835
0.765577
0.717631
0.675577
0.767685
1.32342
1.06139
0.365438
0.788814
1.12332
1.1526
1.01223
0.573043
0.866332
0.998621
0.914109
1.26574
1.26176
1.0085
1.65653
0.92056
1.02668
0.510464
0.863612
1.08497
0.755756
0.93538
1.36353
1.06231
0.785441
0.895866
1.50899
0.968452
0.516306
0.999392
1.19809
1.59235
0.910569
0.465292
1.04738
0.842297
1.11198
1.59781
1.64286
1.3281
1.11858
1.2021
0.989838
0.842966
0.682758
1.24758
0.784931
0.777198
0.904112
1.00717
1.57857
0.479194
0.881716
1.22045
0.770192
1.00812
1.46835
0.740705
0.935715
1.08533
0.758937
1.05476
0.687536
0.517638
1.29664
0.962136
0.988251
1.16047
0.285541
1.05836
0.774097
1.24216
0.812713
0.732438
0.774956
0.408934
0.467382
1.16336
0.525534
1.03026
1.71365
0.939038
0.904088
1.61349
1.17662
1.19362
1.52864
0.950445
0.757937
1.03558
0.956753
0.739113
0.906256
1.34117
1.57088
1.23203
0.994068
1.03322
0.597025
1.82623
1.25825
1.22537
0.665708
0.841645
0.582634
1.2594
0.906744
1.13004
0.622537
0.84759
0.642253
0.851472
1.17648
0.765589
1.00354
1.04245
0.716051
1.89728
1.36682
0.822174
1.2127
1.04174
1.05054
0.906993
0.886939
1.38815
1.184
1.13179
1.0906
0.753972
1.05506
0.991273
0.946539
1.372
0.924836
0.820609
1.12841
1.59106
0.840224
1.08985
0.848279
1.07505
0.78692
0.75112
0.971488
1.17279
0.487581
0.73403
0.415737
0.374067
0.930143
0.99843
1.34277
1.32442
0.999831
0.541156
0.44778
0.989267
0.671649
1.31532
1.12487
0.551264
0.646717
0.83361
1.13162
1.3885
1.36705
1.07199
1.3775
0.900067
1.46728
1.06855
0.831359
1.07799
0.765717
0.864122
0.802933
0.944685
1.22142
0.924171
0.810469
0.841272
1.05208
0.608803
0.582003
0.955222
0.720353
1.40487
1.38297
1.06227
1.17243
0.949644
1.02193
1.35818
0.793465
0.918605
0.938297
0.572931
0.843318
0.823461
1.69801
1.16506
1.17185
1.3185
1.01437
0.877406
0.427299
0.589884
1.35833
1.53657
1.5563
0.520536
0.922656
0.773294
0.963794
1.69494
1.49477
0.894877
0.936155
0.773782
1.06087
1.22438
0.961438
0.559116
0.895382
1.4831
1.51543
0.844519
0.5574
0.9003
0.809856
1.55063
1.28423
1.56738
0.746709
1.2451
0.976261
1.36554
1.27001
1.09296
1.33181
1.01463
1.47891
1.21753
0.918033
1.28678
1.16727
1.03928
1.10364
1.21981
1.00017
0.49558
0.974279
0.78808
1.19129
0.908915
1.98846
1.71087
0.559628
1.36408
0.811805
0.757693
1.22146
1.03426
0.790547
0.820404
1.22061
0.898189
1.41141
0.881055
0.906427
0.667205
0.786547
1.01011
0.664272
0.736768
1.27723
0.517604
1.03067
1.42227
0.607767
1.28909
1.13025
0.961291
0.921314
1.27361
1.18913
1.08944
1.21692
1.31649
0.613053
0.809803
0.604918
0.834502
0.904359
0.878768
1.5085
0.61371
1.24468
1.82887
0.768113
0.970008
0.723208
0.732731
0.39849
0.965106
1.07999
1.15375
1.00521
1.37564
1.86574
0.860633
0.576478
1.13475
1.15479
0.586725
1.76632
0.742776
1.28694
0.414454
1.38563
0.675882
1.27458
1.02767
1.20177
0.883658
0.43459
1.09363
0.529974
0.554108
0.597272
0.657744
0.630958
0.834087
1.85869
0.801
1.23215
0.992214
1.18275
1.24878
0.588405
1.43598
0.985692
1.19602
0.449911
1.06894
1.55096
1.4256
0.883085
0.422906
1.19944
0.524802
1.953
0.887134
0.998782
0.819811
0.734136
0.59739
0.967542
0.816908
1.01259
0.82476
1.07312
0.814327
0.842768
0.806156
1.60787
0.755098
1.41129
0.633319
0.532074
0.47341
0.984547
0.639364
0.993508
0.730859
0.933671
0.631582
0.881955
0.880783
0.891869
1.23919
0.731702
1.08739
0.882059
1.66656
1.71794
0.835819
1.05138
0.557774
1.17912
0.581197
1.27797
1.4256
1.45112
1.55866
0.50414
0.591112
1.11224
0.688945
0.922463
1.23096
0.842449
0.9115
0.827248
0.775198
1.13196
0.476078
1.40186
0.899396
0.287223
0.576182
1.86996
1.33797
1.39957
0.990649
0.380262
1.13627
0.393255
1.35729
0.647146
0.982799
0.772613
1.11479
0.732364
1.55944
0.740998
0.931055
0.734724
0.532243
0.886187
1.92365
1.39995
0.688458
1.85132
0.455483
0.811843
0.966422
1.12621
1.39328
1.24409
1.02705
1.50391
1.03903
0.813638
0.58291
0.77277
1.58817
0.92858
0.741221
0.995622
0.939483
0.52328
0.822759
1.08639
0.611942
0.79678
0.833591
1.41737
0.678301
1.01244
0.700227
0.863732
0.716714
1.04504
0.938898
1.40428
0.736796
0.45497
0.671167
1.05374
1.57018
1.28258
0.831069
0.531593
0.781701
0.729758
0.523025
1.19871
1.17298
1.25749
1.07332
0.971716
1.48283
0.418226
1.12078
1.03517
0.885406
1.2672
0.616712
1.09923
0.746113
1.23664
0.610695
1.24738
0.712397
1.31462
0.472649
1.32493
0.826598
1.05801
0.831652
0.596046
1.05662
0.836238
0.741624
1.14312
0.486326
0.853651
0.502555
1.25826
1.20811
0.765046
1.30207
0.659256
1.30672
0.437192
1.62582
0.80131
0.550473
0.925192
0.769183
0.8299
1.14688
0.856678
0.799141
0.434728
0.742153
0.83913
1.50818
1.32595
0.981149
0.69619
1.1213
0.962727
1.09259
0.853819
1.69255
0.458381
0.969232
0.978648
0.854198
1.35586
0.852096
0.473977
0.931904
1.08036
1.04591
1.23799
1.18682
1.07422
0.989668
1.8452
1.10182
0.990473
1.34661
0.960861
0.97581
1.28758
0.960744
0.815874
1.12613
0.739884
1.48388
0.577673
0.968475
0.966875
0.53452
1.15314
1.23434
0.795897
1.07272
0.81585
1.06582
0.731151
1.32513
1.1621
0.59849
0.854044
0.851783
0.336445
0.568563
1.04136
1.49515
1.00885
1.025
0.849891
0.555787
0.853481
0.666243
1.54883
1.15307
1.04431
0.763006
0.722942
1.79569
0.492395
0.78311
0.803008
1.52117
1.35991
0.700026
1.18261
0.707148
1.04277
0.780352
0.743397
0.803136
0.873543
0.806172
0.946206
0.845562
0.640876
0.969303
0.70626
0.977276
0.874002
0.941978
1.11823
1.37005
0.827159
0.495878
0.765225
0.387918
0.714792
0.565061
0.968587
0.840739
1.35902
1.609
0.772452
0.813577
1.27635
1.26258
0.93636
1.64787
0.829187
0.69373
0.642724
0.913022
0.773966
1.27849
1.31076
1.14783
1.50093
1.28792
0.596181
1.13457
1.08271
1.05682
0.820983
2.09249
0.775306
0.81765
0.627744
0.973067
1.55788
1.0201
0.885262
1.39376
0.678775
1.3872
0.872668
0.885473
1.00832
0.85443
0.725368
1.12451
0.969696
1.08849
0.56944
0.69175
2.20712
0.861804
0.8768
1.13283
1.1227
0.565595
0.829813
1.08634
0.68618
1.05847
0.779463
1.30906
1.15517
1.10382
0.642863
0.625486
0.762364
1.31005
0.571612
0.956759
1.07741
1.02388
0.538879
0.564291
0.486219
0.677972
0.748669
1.50151
0.781605
1.42619
1.1428
0.892308
1.80906
0.988638
0.906849
1.00497
0.841916
1.08632
1.15731
1.08699
1.32602
0.610633
1.17834
0.934257
1.07592
1.01131
1.07358
0.888831
1.21325
1.10648
0.999799
0.669881
0.789162
0.703213
1.0119
0.861052
1.44077
0.759661
1.12901
0.871509
1.24364
0.504907
1.3039
0.501951
0.912012
1.50629
1.09609
0.920488
1.04845
0.708042
0.889001
1.03743
0.8579
1.20787
1.34056
1.11899
1.29693
0.638922
1.2333
0.713527
0.567855
0.609315
0.676756
0.833211
1.01628
0.946107
0.509791
1.4144
1.23382
1.08322
0.896212
1.45835
1.25849
0.768117
0.944994
1.15117
0.98612
0.889975
0.578509
0.956913
1.60644
0.989401
1.46305
0.38611
1.3607
0.669368
1.02006
0.726764
1.10778
0.681411
0.666601
1.03348
1.02051
0.766393
1.13343
0.697512
0.973843
0.765984
1.3032
0.662205
0.883016
1.06083
0.696904
0.770759
0.529914
1.42511
1.05215
1.03648
0.792884
1.18304
1.15633
0.793527
1.60569
0.551304
1.01108
0.97835
1.03734
0.710521
1.17318
0.800874
0.778083
0.986867
0.661784
0.760661
0.671691
0.870755
0.568474
1.00593
1.91023
0.907322
1.33462
1.36759
0.379321
0.646756
0.578546
1.87846
1.14638
0.887435
0.88125
1.06854
1.23424
0.59006
1.57068
0.98563
1.04012
0.588599
0.886624
1.637
0.676951
1.04055
1.10433
0.761055
0.98234
0.741087
0.937487
1.07543
1.36372
1.02717
0.707787
1.29655
1.20775
0.939211
0.809434
1.06441
1.12784
1.13704
0.547359
0.90465
1.00324
0.920981
0.557538
1.31514
0.764366
1.63111
0.819338
1.10287
1.01557
0.742039
1.07172
1.05272
1.26186
1.14031
0.785976
1.74653
1.67301
1.24671
0.69079
1.02664
1.80626
1.11657
1.30613
0.857033
0.559584
0.643114
1.16349
0.892726
0.534396
0.767693
0.917236
1.49264
1.39444
0.672689
1.451
0.638833
1.09128
0.919621
0.640425
1.08792
0.554243
1.27708
1.16218
1.28072
0.936465
0.814193
1.12028
0.660695
0.601829
1.08366
0.979601
0.771154
0.85802
1.48767
0.891144
0.663507
1.29471
0.948205
1.30023
0.982519
1.52433
0.508422
1.34832
1.36503
0.468784
1.0698
0.552635
0.827222
0.807448
0.341387
0.890429
1.46357
0.977812
0.724698
1.17731
0.535151
0.500989
1.19906
0.6003
1.44392
1.36363
0.787218
0.97508
0.662756
1.20325
0.49227
1.00762
1.05245
1.06733
1.23166
0.592641
1.69779
0.984231
1.26082
1.55537
0.726343
0.907164
0.804319
1.66357
1.27469
0.88231
1.11835
0.905541
0.570894
0.830202
0.630065
0.836236
0.406967
0.921901
0.764259
1.00759
1.17182
1.22372
0.72823
0.916537
0.6274
1.07305
0.711503
0.669483
0.852991
1.97273
1.60504
1.00103
1.45275
0.533133
1.02524
0.691686
1.52523
1.1072
1.2999
1.32037
0.925659
1.10392
0.579512
0.75104
0.657522
0.692908
0.75276
0.794183
0.579266
0.986938
1.06206
1.12909
0.859978
0.705801
0.370189
1.15402
0.963428
0.666059
1.81672
1.12464
1.39119
0.93719
0.734804
0.87354
0.886688
0.849108
1.00527
0.955531
2.04219
1.08387
0.340348
0.781761
0.746001
1.02349
0.90596
1.08751
1.38082
0.684155
1.08977
1.00988
0.609136
0.950674
1.09485
0.67967
0.965881
1.48986
0.756833
0.829673
0.877817
1.11651
0.735247
0.810359
0.895222
0.88807
0.918333
0.932937
0.51345
0.795362
0.694401
0.695529
0.755126
0.465977
1.00464
1.36718
1.25511
0.675267
1.10487
0.807963
0.982526
1.02622
0.786269
0.90618
1.13257
1.36506
0.994838
1.71982
0.92111
0.895908
1.75906
1.50954
0.896629
0.972364
1.37902
0.887171
0.517256
1.29131
1.10367
0.407219
0.499466
0.905969
1.09699
0.771935
0.644836
1.15594
0.999265
1.08399
0.699251
1.01855
0.635716
1.76667
1.1585
0.818214
0.906553
1.02716
1.27898
1.00612
1.43734
0.576301
1.5669
0.953518
0.66478
1.00557
0.872891
1.32211
0.437686
0.976353
0.935142
1.25191
0.849579
0.532279
0.761921
0.857776
1.0492
0.822485
0.536399
0.987533
0.784837
1.14638
0.847404
1.15229
1.4388
1.1061
0.785319
1.10481
0.98397
1.47851
0.865621
0.527054
0.726596
0.847257
1.27951
0.783471
1.56478
0.720796
0.467539
1.19837
1.59466
0.562569
1.24097
1.00442
1.31077
1.06827
0.928779
1.10098
1.00835
0.713502
1.98803
0.660785
1.22628
1.05555
0.51708
0.516539
0.911085
0.954524
0.905119
1.31204
1.23547
0.744043
0.979195
1.31264
0.859999
0.878081
0.610252
1.44559
1.28455
1.11274
0.479091
0.869827
0.852894
1.30488
1.16342
1.31919
0.458925
0.793399
0.660899
0.965358
0.899803
0.973404
0.680392
0.82967
0.722309
0.963208
0.836881
1.18973
1.23393
1.02636
0.840754
0.673495
1.51486
1.09636
1.27041
1.23087
0.563492
1.05774
1.07237
0.724883
0.447603
1.09968
1.26903
0.573497
1.08583
0.80947
1.44948
0.996328
0.847246
0.731955
0.753737
1.25983
1.04121
0.996966
0.552836
1.0066
0.725434
1.3883
1.27835
0.892166
0.815902
0.669334
0.395467
1.06668
0.613967
0.603276
1.6141
1.00562
1.0748
0.630818
1.23586
1.06766
1.26946
0.996183
1.14297
0.54722
0.648446
0.933796
1.4223
1.09495
1.07136
1.13418
1.33429
1.23043
0.793401
0.864499
1.11718
1.68804
1.58835
0.812864
0.935696
1.12307
0.950275
1.43413
0.929975
0.58509
0.80762
0.846087
1.44748
0.623507
1.0092
1.77804
0.702033
1.44499
0.710459
1.38735
1.49921
0.821258
1.40265
0.856314
1.21073
1.17599
1.22529
0.773022
0.908037
1.41488
0.844669
0.985087
1.08228
0.931656
0.962243
0.781434
1.19921
1.20066
1.25781
1.33235
1.75713
0.484768
0.704275
1.08244
0.942313
1.39802
0.575435
0.826061
0.816063
0.713586
0.921536
1.10547
0.625043
1.27559
0.970229
0.969116
1.03338
1.02477
0.52816
1.26612
1.70948
1.10936
0.784601
0.974479
1.32798
1.07669
0.59803
1.22898
1.11274
1.44928
1.49474
0.632722
1.16529
0.921595
0.960379
1.11764
0.706372
1.18195
1.05521
1.55191
1.43092
1.12725
0.658599
0.93375
0.712398
0.915457
0.799473
0.968328
1.53896
0.543885
0.934067
1.15113
1.4663
1.0738
1.06016
0.994978
1.4009
1.50102
0.678971
0.952462
0.833753
0.94145
0.856507
0.584848
1.2266
1.1949
0.860767
0.63131
1.24166
1.34388
0.556485
0.90323
1.27306
0.7735
0.668621
0.754595
1.39745
1.25473
1.33221
0.664125
0.831251
0.713161
1.05281
1.02863
0.671377
0.890427
1.24236
0.96292
1.0624
1.16533
0.92766
0.492812
1.064
0.812796
0.645722
1.13678
0.626546
1.04681
0.669102
0.591748
1.26858
0.754067
0.60524
1.31001
1.17877
0.758053
0.85862
1.22068
0.711775
0.665198
1.26673
1.06459
1.07662
0.807674
0.544724
0.80367
0.86581
1.11925
0.743393
1.09433
0.934141
1.32882
1.10332
1.27104
0.903615
1.50208
0.453725
1.34162
0.946335
1.46705
1.12572
1.57398
0.830477
0.548578
1.38822
1.06373
0.752918
1.02171
1.07409
0.791177
1.24206
1.02186
0.586119
0.853056
0.970523
1.15762
1.18881
0.474819
1.34288
1.02874
1.25678
0.350796
1.59342
0.948712
0.488982
0.973753
0.807637
1.47015
0.755808
1.11446
0.693538
1.30699
1.48764
1.06774
0.999423
1.21378
1.09253
1.94847
0.954075
1.04322
0.488476
0.602016
0.615254
0.628536
0.85848
1.06773
0.8995
0.840924
1.26632
0.744629
1.08209
0.834342
0.771307
0.869963
0.286704
0.808478
0.961134
1.15738
1.21572
1.02529
1.20621
0.707827
1.0362
1.08397
0.742805
0.496787
0.620194
1.02304
1.34969
0.926218
0.688322
0.72784
0.825588
1.06354
0.949299
1.81312
0.510804
1.14623
1.84473
0.853729
1.10671
1.22422
1.21845
0.692
1.0576
1.23928
1.24378
0.795138
1.22868
1.01861
0.463383
0.821053
0.373436
0.672697
0.649313
0.791015
1.384
1.07314
0.799991
0.776533
1.27311
0.749367
0.817383
1.53803
0.6494
0.928688
1.63183
0.803514
0.803349
1.66894
0.468119
0.401489
0.925567
1.15389
0.637606
1.01475
0.979639
0.961027
0.500567
0.834185
0.740167
1.6225
0.781924
1.04072
0.486963
0.826605
0.661153
0.932549
1.00301
1.3443
1.15255
1.23446
1.64147
0.478089
0.578283
1.03997
0.99546
1.27575
1.00833
1.78295
0.938007
0.528598
0.664689
1.04212
0.865838
0.975865
0.681002
1.7025
0.623146
1.24332
0.948334
1.13987
0.984749
1.17472
1.15623
0.910547
1.09195
0.631762
1.44132
1.029
0.468025
1.20419
0.576003
0.808641
0.973655
1.07097
1.04437
0.860418
0.715305
1.10614
0.941543
0.767066
0.914614
1.43562
1.09477
1.31524
1.1361
0.790804
1.34651
0.917804
0.885986
0.814576
0.499281
1.13714
0.988246
0.649169
0.883998
0.787793
1.28
1.6017
0.948185
0.463884
0.989143
0.654299
1.90821
0.793068
1.15133
1.19973
0.724645
0.858834
1.03641
0.554433
1.23584
1.35899
0.685207
1.03809
0.852784
0.924424
1.0025
0.970134
0.732894
0.931054
0.916577
1.04168
0.801554
0.78207
0.991047
1.06033
1.5611
0.916669
1.15854
0.38129
1.51761
0.579126
0.986142
0.607464
1.03331
0.860261
0.835604
1.52782
0.963407
1.10822
0.829902
1.26283
0.780437
0.67817
1.28757
0.419047
0.727237
1.22779
1.30398
0.464501
1.0689
0.970887
0.750112
1.24075
1.62402
0.544247
1.15722
0.834353
1.07902
1.25513
0.826765
1.115
1.03314
1.09512
0.722849
0.64263
1.13675
0.826458
1.61209
1.06256
0.663696
0.683333
1.04307
1.48036
1.25012
0.997074
0.677845
0.908159
0.86783
1.07188
1.18068
0.668362
1.01024
1.36751
1.20414
0.748821
0.966255
1.23539
1.1357
0.788249
1.48276
1.06666
0.615835
1.11996
0.808444
1.12663
1.49605
1.13283
1.1293
1.3335
1.29335
0.81564
0.846762
1.08952
1.46605
1.04235
0.972947
0.884802
1.69912
0.929129
1.16591
0.867304
0.991453
0.780879
0.937994
0.939951
1.37325
1.0366
0.70683
1.10376
0.698012
0.496519
0.994978
0.637027
1.26617
0.676051
1.26106
0.735543
1.59044
0.91011
0.744015
0.939705
1.14099
0.717774
0.718274
1.30955
1.07865
1.46804
0.722028
1.44967
1.1186
1.29969
0.98214
0.509926
0.937443
1.64554
0.893107
1.2942
1.12504
0.605613
0.644633
1.28015
0.502067
0.995216
1.06302
0.57538
0.451957
0.603437
0.975505
1.33647
1.12879
0.645996
0.809539
0.578651
0.60815
1.45766
1.05912
0.822872
1.33862
0.502627
1.95768
0.730032
0.932316
0.39579
0.915316
1.04382
0.898101
0.506412
1.05963
0.970633
1.07292
0.594308
0.559584
1.19862
0.905013
0.979977
1.44019
0.95666
1.16426
0.901781
0.821941
0.777515
0.865011
0.985926
0.838293
0.697813
1.07435
1.27018
0.580897
0.680024
1.47855
1.17384
0.955021
1.52389
1.00745
1.20751
1.11225
0.774674
0.816563
0.907727
1.26415
0.598656
0.65123
0.783732
0.670848
0.978296
1.0855
0.782443
0.441614
0.997692
1.12854
0.804186
0.919464
0.688486
0.959552
0.528216
0.656646
0.605519
0.873214
1.09767
0.557649
1.39717
0.514339
1.06524
0.844351
0.421076
1.76882
1.17163
1.66327
0.705258
0.951838
0.558446
0.83175
0.825277
1.12368
1.02531
1.10343
0.750998
1.63953
0.773838
0.822747
0.778658
1.54531
1.01887
1.70797
1.29076
0.577363
0.450182
0.65244
0.719723
1.36682
1.27378
0.797284
0.776097
0.945316
0.741264
0.711423
1.64994
0.865389
1.29908
1.59853
1.1507
0.711926
0.947483
1.3126
1.39283
1.16551
0.792805
0.614064
0.950825
0.703987
1.07124
0.721675
0.707791
0.702455
1.04083
1.24689
1.35079
1.19628
1.15886
0.83743
0.681215
1.35527
0.831316
0.947583
0.752173
0.499302
1.08567
1.03911
0.873267
1.0208
0.955132
1.67407
0.849044
0.495274
0.689559
0.908963
0.883016
0.5908
0.598132
0.504467
1.19556
0.697028
1.28076
0.65078
1.16518
1.03213
0.656608
1.02648
1.31586
0.868747
0.880953
1.61631
0.643962
1.08534
1.45618
1.36897
0.86398
1.08859
0.397174
1.28817
1.01972
1.34645
0.959051
0.69891
0.863781
0.754339
0.97999
0.763685
1.0094
1.28918
0.959777
1.38306
0.740909
0.8702
0.895451
0.714033
0.470622
0.964396
1.12669
1.03014
0.821282
0.568802
0.75227
0.974853
1.02059
1.19466
0.698156
1.01195
1.12209
0.998172
0.908728
0.789735
1.40858
0.686429
0.554026
1.15789
0.581224
1.214
1.11997
0.863755
1.07689
0.554014
1.17647
1.48085
1.0036
0.615588
1.21474
1.69387
0.701763
0.68173
0.47636
0.756472
1.19519
1.38128
1.47081
0.654243
1.01273
1.04071
0.944254
0.645607
0.691998
0.511318
1.06506
1.18562
1.17593
1.30461
1.59733
1.15124
1.0965
0.950763
1.11002
0.90022
0.875713
1.01198
1.03467
0.95857
1.98214
1.07894
0.536557
1.16642
1.2334
1.08137
1.48603
0.837161
0.670089
1.24333
0.830696
1.32924
0.651155
0.384796
1.02332
0.897363
0.835667
1.17432
0.695963
1.46696
0.704504
1.21182
1.18185
0.742248
1.07013
1.27868
0.730397
1.17896
1.20733
1.24033
0.817123
0.837765
0.755607
0.750026
1.88161
0.442178
0.939391
0.620222
0.318453
1.12481
1.1414
0.894366
0.826096
0.87074
1.20631
1.31695
1.39312
0.793738
0.62731
0.738778
0.761216
1.30655
0.886888
1.21926
0.895405
0.716753
0.827274
0.657503
1.23781
0.627546
1.46992
0.77837
0.404346
0.909847
0.89439
1.08726
1.18544
1.11416
0.774056
0.63017
0.81801
0.459407
1.32458
1.37525
2.3889
1.019
0.841817
1.19156
1.46424
0.962223
0.976452
1.14621
0.930823
0.584349
1.43207
0.683191
0.671959
1.045
1.08165
0.612082
1.0152
0.922927
0.990991
0.577606
0.753809
1.11513
0.848157
0.889271
0.548867
0.551602
0.7367
1.02433
1.13207
0.785514
0.519265
0.602762
0.975903
0.607778
1.18132
0.705707
1.06709
1.13958
1.07366
0.510857
0.423706
0.861825
0.529703
1.3022
0.805108
0.600463
1.29043
1.44341
1.05794
0.948364
1.00807
2.02937
1.01198
1.14177
1.19605
1.06612
0.856026
1.53478
0.652291
0.853986
0.707279
1.24934
1.01867
0.678095
0.720839
1.01383
1.248
0.975381
0.419428
1.07028
1.05157
1.24751
0.775857
1.04614
1.12988
1.31544
1.35648
1.09832
1.61446
1.32376
0.974636
1.24723
0.520854
0.9373
0.637745
1.21757
1.79658
1.01226
0.51105
1.17688
1.0174
1.66158
0.838729
0.827734
1.14451
0.920175
0.665498
0.9087
0.958451
0.745021
1.24167
1.44134
0.888918
1.44618
0.563321
1.85518
0.83309
0.743607
1.24956
1.27489
0.530293
1.11634
0.962829
0.471818
1.13216
0.331313
2.20378
0.682056
0.798802
1.41439
0.642511
1.02175
0.506555
0.850235
0.698325
0.560043
1.2467
0.87542
1.00683
0.678147
0.806199
1.83057
1.19125
0.756389
1.46064
0.910774
1.39245
1.01137
0.932709
0.516897
0.882415
0.92728
1.68563
1.04649
1.39992
0.726315
1.65339
1.07277
0.996099
1.15162
0.444681
1.2962
1.2207
0.928835
0.712331
1.03715
1.34171
0.73934
0.700741
1.04025
0.643116
0.940749
1.16021
1.27529
1.59113
0.956844
1.28573
1.59714
1.59906
1.00401
0.866407
1.00518
0.893971
1.10882
1.0352
0.628146
0.921505
1.18216
0.856711
0.787994
1.31523
0.831116
0.531621
0.850134
0.879249
0.437502
0.752816
0.84408
1.03175
0.978604
0.860622
0.961863
0.771672
1.04747
1.61931
0.490384
0.930642
0.739961
1.27669
0.974085
0.878849
0.623575
0.822431
0.507417
0.96893
0.846603
1.02596
0.684557
1.16343
1.40492
0.695756
0.93351
0.803008
0.636685
1.26849
0.881334
0.557157
0.963545
1.24026
1.34839
0.752013
0.784517
1.83993
0.66036
0.680514
0.78237
0.996245
0.673
0.546263
0.951117
0.791518
0.888596
1.16289
1.27533
0.633903
1.37713
0.435652
1.04918
1.208
0.47548
1.19072
1.3466
1.24916
0.635262
1.15514
1.16475
0.753921
0.94366
0.783506
0.691739
1.11933
0.628722
1.81503
0.550228
1.20424
0.44051
0.64823
0.869488
1.05155
0.848676
0.552796
0.989342
1.01115
0.725354
0.81661
0.716933
0.865933
1.07847
1.25627
0.841939
1.28148
1.91317
1.16213
1.0402
1.13432
1.14796
0.923738
0.45379
1.17132
0.790861
0.844378
0.686942
0.86806
0.817504
0.955561
1.04138
0.869786
0.765812
0.715597
0.377374
1.17852
0.903472
0.550375
1.13465
0.642548
0.800177
0.667884
0.83615
1.7286
1.00206
1.88529
1.00998
0.543616
0.70182
0.983091
1.29945
1.1044
1.51167
0.978031
1.47852
1.17642
0.816037
1.41386
0.848648
0.791452
0.969646
1.30694
0.912803
0.720357
1.20747
0.972422
0.90775
0.517559
1.34663
0.419447
1.09837
1.2789
1.40138
1.21122
1.33091
0.797936
0.744354
0.940799
1.25362
0.949996
1.02098
1.15404
1.11424
1.06297
1.41062
0.492411
1.03701
0.759186
1.04708
0.748173
1.72026
1.33549
1.46595
0.663265
0.717094
1.02253
0.86063
0.83272
0.700397
1.19816
0.866771
1.10039
1.38444
0.753856
0.9105
1.34473
0.519715
0.9805
1.08604
1.00431
0.925727
0.998031
0.586225
0.601229
1.30143
1.05232
1.27098
0.6736
0.8614
1.22566
0.660718
1.08908
0.959826
1.11104
0.775367
0.96913
1.13354
0.863876
0.643254
1.08074
0.71076
0.831102
1.25858
0.724521
1.08184
0.888248
1.17404
0.703521
0.753718
1.08957
0.78503
0.829976
1.12394
0.697289
0.781869
1.40951
0.741152
0.805458
1.02878
0.790098
1.73895
1.06349
0.95077
0.951372
0.535032
0.528237
0.928975
0.61112
1.0562
1.27375
0.631283
1.22214
1.09649
1.27214
0.533432
1.15177
1.10983
1.60171
0.94816
1.03573
0.537858
0.700672
1.00508
1.38385
1.10455
0.769381
0.783235
0.66097
0.587164
0.882966
0.680411
0.594406
1.56744
0.829116
1.32155
1.4297
1.31982
1.64794
0.721625
1.20236
1.20061
1.11932
1.05709
0.863496
0.793585
0.915085
0.874346
0.639943
1.58442
1.01956
0.571308
1.00159
0.86084
1.39801
0.908414
1.28524
1.47978
0.619369
1.25847
0.852949
1.11032
0.576899
0.540075
1.18544
0.562797
1.5054
1.07288
0.96896
1.00029
1.18394
0.918495
1.04226
0.75505
0.826113
0.745814
1.68227
0.998347
0.907592
0.856222
0.858101
1.37991
1.29529
1.08925
0.92484
0.775892
0.794841
0.739494
1.2963
0.761912
1.20573
1.10458
1.08935
1.816
1.17081
1.1503
0.669999
0.508203
1.31552
0.926686
1.20977
1.0864
1.45463
1.29868
0.715271
1.12402
0.688369
1.02208
0.79586
0.902831
1.09839
0.765602
1.06895
1.0927
1.21695
0.779662
0.636931
0.713344
0.693183
1.91213
0.964774
0.595313
0.812079
1.1463
1.47227
0.661893
0.828679
0.759455
0.994513
1.19895
1.03191
0.85636
1.29935
1.4544
1.05677
1.02495
0.816479
1.46998
1.17189
1.32772
1.67832
0.933818
1.54447
0.915615
1.55943
0.721705
1.03198
1.40273
0.997016
0.795143
1.20396
1.72749
0.850106
0.839986
1.12738
1.26832
0.632997
1.17236
0.479112
1.13793
0.820368
0.793882
1.10439
0.941937
1.5314
0.613318
1.08263
1.20772
1.33465
1.42842
1.4429
1.0087
1.07243
0.983155
1.28862
1.38725
0.707483
1.71935
1.19457
1.13148
0.872366
0.465975
0.923347
0.872425
1.30943
1.26722
0.5974
0.671569
0.656599
0.825185
0.526233
1.18959
0.701007
0.984848
0.723018
1.01448
0.99974
0.907109
1.06618
0.495832
1.14845
1.15035
1.48095
0.814738
1.02902
0.91566
0.81877
0.525606
0.75308
0.921765
0.854275
0.951539
0.963911
1.40695
0.917786
0.797839
0.683449
0.805404
1.32761
1.36057
0.674925
1.51905
1.30354
1.09378
0.75708
0.638601
1.27423
1.1218
1.42816
0.633898
1.091
1.06655
1.04464
1.05043
0.938422
0.993134
1.68265
0.742088
0.684209
1.39947
0.733853
1.24323
0.699459
0.616916
1.1105
0.795333
0.793389
1.00245
1.05336
0.590972
0.959034
0.616164
1.00087
0.751299
0.747569
1.09448
0.832207
1.10962
1.0303
1.32218
0.920734
0.877762
1.15881
1.0226
1.09153
0.549438
1.20973
1.07985
0.787638
1.79044
1.15111
1.33302
1.86432
1.44592
1.09694
1.03084
0.869833
1.15611
0.584308
1.30298
0.934184
1.21153
1.12806
0.782588
1.46157
0.710335
0.719079
1.29258
0.860642
1.16022
0.850192
0.756482
0.769361
0.33312
1.1
0.839132
0.415003
1.26402
0.503747
0.73334
1.25182
0.730741
1.11604
0.780298
0.808209
0.813072
0.668368
0.698877
0.62842
0.527552
1.07554
1.39502
1.56378
0.581277
1.04932
0.982927
1.70437
0.590893
0.721751
0.71478
0.675899
0.896902
0.743887
1.11104
0.755821
0.528929
0.638671
0.750323
1.1988
1.55636
1.04096
0.853029
1.2904
1.35163
1.18027
0.859471
0.966227
0.942072
1.29676
0.741826
0.918332
1.08197
1.12421
1.09037
1.11841
1.16102
1.13935
1.07937
0.529251
0.554973
1.26016
0.479395
1.48057
1.19871
1.25314
1.28879
1.50084
1.04891
0.967903
1.06456
0.926337
0.737185
1.32255
0.939332
0.905209
1.25256
1.26471
1.13735
0.873968
0.753964
0.887192
0.739194
1.16806
1.16365
0.835465
0.716283
0.986701
1.03499
1.01071
1.22649
1.09239
0.862604
1.69628
1.47499
1.0393
0.953122
1.05779
1.34724
1.44462
1.30589
0.733956
0.831045
0.64852
0.98341
2.00569
0.933016
0.982446
1.06759
0.677882
0.650665
1.3585
0.459413
0.969126
0.928262
0.775267
1.51145
0.664358
1.08655
1.18467
1.23692
1.63995
1.20101
1.25592
0.962645
1.65044
0.723577
0.70941
1.20522
0.966603
0.860797
1.39202
0.392123
0.572706
1.26498
0.8169
0.779454
0.752639
1.22911
1.05852
2.01196
1.43023
0.821401
0.774683
1.77944
0.631156
1.3657
0.620742
0.738291
0.959553
0.497601
1.07982
1.12213
1.16202
1.16814
0.482219
0.895051
0.983906
0.551419
0.812157
1.08125
1.16477
1.12468
0.837278
1.02696
1.10099
0.654642
1.00089
0.71154
1.08488
1.13275
0.917938
0.813236
0.712939
1.19697
1.80932
1.31505
0.783521
0.942407
1.00501
0.870328
1.15106
0.57123
0.801793
0.776231
0.967496
0.546148
0.628474
0.663664
0.804925
0.97073
0.70836
1.36902
0.937843
0.803716
0.926488
1.9392
1.28429
0.914405
0.71607
1.44917
1.39829
1.18568
1.15832
0.701089
1.60664
0.702748
1.18603
1.25099
1.21564
1.00102
1.18609
1.46728
0.805599
0.959971
0.921551
1.38044
0.798266
0.613507
0.913156
0.88241
0.860647
0.85335
0.862178
0.992882
1.13912
0.666067
1.23214
0.933115
1.78361
1.23684
1.09418
0.729775
0.400311
0.710949
0.824761
0.62998
0.735978
1.03431
0.88092
0.470272
1.58332
0.885696
1.80315
1.89966
0.816725
1.12867
1.44601
0.590182
1.5444
0.874145
1.16183
1.00034
1.09059
0.823476
0.824531
0.445776
1.22707
1.116
1.02143
1.32437
1.06126
1.38288
1.03981
0.733941
1.77947
1.04912
1.1504
1.77212
0.928181
1.47559
0.520784
0.499665
0.806769
1.06958
0.700515
0.750411
1.47839
1.1329
1.13612
0.871547
1.16468
0.762437
0.910679
0.990555
0.963332
0.72469
0.727272
0.724594
0.797941
0.724478
0.869183
0.862849
0.567352
1.21917
1.24273
1.12305
0.559149
1.13774
1.29242
0.783773
1.12366
1.02681
0.784652
0.689459
1.12615
1.33248
0.71461
0.979128
1.04936
1.08166
0.69271
0.959354
0.411229
1.148
0.868735
1.38082
0.915152
1.06746
0.776962
1.55477
0.906448
1.24575
0.861499
0.661485
1.00179
1.45981
0.959383
1.8344
0.985143
0.722014
1.44014
0.919982
1.13816
1.24268
1.25061
0.816997
0.818183
1.07149
0.711242
1.37817
1.11356
0.950732
1.03911
1.12569
0.622724
0.752476
0.807432
0.887631
1.01534
1.6331
0.675984
0.874842
0.6158
0.811897
1.27193
1.56175
1.08796
0.703219
1.09353
0.467575
1.29453
0.465117
1.30531
1.0476
1.35693
0.992496
1.15061
1.19499
1.45572
1.17507
0.787325
0.520848
0.775391
0.865646
1.44625
1.89561
1.05137
1.11751
0.838297
1.09774
1.22428
1.00227
0.718086
1.01774
1.20551
1.39801
0.670561
1.30156
1.03011
0.761348
0.816896
0.557114
0.95243
0.994238
1.40722
1.12636
0.930589
1.16406
1.42352
0.625764
1.26178
1.12598
0.646349
1.46358
0.986918
0.838905
0.91246
0.567152
0.99796
1.31031
1.54048
1.46793
1.57166
0.822956
0.820471
1.46986
1.37125
0.848948
0.50548
1.66736
0.546312
1.29535
1.29648
0.65179
1.07413
1.03848
0.90785
1.03348
0.885409
1.06323
1.95653
0.888835
0.910173
0.880976
0.743265
1.02019
1.29202
0.904368
1.22926
1.27205
1.14577
0.702177
0.839734
0.871098
0.830845
0.662167
1.18744
0.9532
0.97016
0.981326
0.965591
0.894264
1.16051
1.09862
1.02456
1.0991
1.092
1.56458
0.925362
0.903412
0.624307
0.777544
1.12531
0.734596
0.716703
0.921584
1.47453
0.728468
1.40553
0.368222
0.636566
0.992302
0.492749
1.25609
1.04886
0.775522
1.11258
0.981139
1.72357
0.807025
1.08885
0.860958
1.78422
0.609093
1.13477
1.32105
0.932865
1.34906
1.00797
0.524499
1.22919
0.656386
1.13891
0.983323
1.43282
0.6484
1.75635
0.482499
0.845188
1.00215
1.02511
0.827738
0.614167
1.2603
0.863455
0.955055
1.36133
0.459789
1.29107
1.78358
1.17295
0.729682
0.972651
1.05226
1.46294
0.931047
0.715629
1.36061
1.07322
0.900624
1.21396
1.24286
1.63832
1.12641
0.902962
0.437155
1.85845
1.4124
0.638334
0.581205
1.02222
1.196
0.891946
1.21605
0.92674
0.947837
0.928796
0.543595
1.11629
1.32591
0.675385
0.913972
0.794741
1.58869
0.561186
0.945524
1.36673
0.936877
0.911309
0.921656
0.640093
1.41364
0.653875
1.64239
0.775551
1.21524
1.648
1.01349
1.55152
0.968688
1.07508
0.628807
0.948584
1.41342
1.3089
0.799407
1.18843
1.03858
0.835614
0.785774
0.986975
0.830196
0.945691
1.19431
1.01976
1.11984
1.20589
0.598997
1.55382
0.89133
1.14982
0.900801
0.957805
0.804415
1.58538
0.885256
1.20798
1.42324
0.858008
1.43719
0.533668
0.89264
0.96826
1.15761
0.54985
1.2656
1.51789
0.96389
0.715756
0.863321
0.818136
1.22057
1.13362
1.21607
0.757674
0.983629
0.980173
0.894162
0.816431
1.68459
0.865551
0.780792
0.72136
0.78555
0.361519
0.700915
0.83923
0.564956
1.47213
0.517301
1.42259
1.44962
1.12786
1.07983
0.443736
0.901367
1.22274
1.29423
0.762795
0.798746
1.31221
1.25723
0.712015
1.10188
1.48544
0.691269
0.774545
0.819343
0.417814
0.731277
0.887453
1.21796
1.61661
0.539511
0.494248
1.25927
0.724264
1.16569
0.670732
0.957304
0.485127
0.766067
0.893809
0.700698
0.692943
0.771828
0.644603
1.44066
0.979984
1.06833
0.67377
0.578559
0.491324
1.42702
0.718063
1.37158
0.695999
0.948615
0.747668
0.624887
0.788003
0.674237
1.14347
0.614834
1.3048
0.952624
0.947341
1.26681
0.743799
0.840248
0.906324
0.702873
1.25046
0.667199
1.20723
0.946743
1.03769
1.19601
1.32101
1.27575
1.27195
0.998999
0.889831
0.860051
1.76634
0.939018
0.748855
0.844116
0.497372
0.659937
1.37885
1.13328
0.947252
0.730485
1.14859
1.18315
0.72574
1.20158
0.935428
0.798883
1.14332
0.920158
1.20531
1.03986
0.866497
0.764484
0.891682
1.00325
0.902282
1.22386
1.05388
1.1477
0.593431
0.814769
1.06234
1.05611
0.602269
0.657772
0.701377
1.224
0.708399
1.07243
1.20439
0.609377
0.652921
1.06037
0.60517
0.643009
1.03253
0.954378
1.75223
0.641103
1.04119
0.917616
0.554332
0.94958
1.1773
1.136
1.05688
0.465793
1.36978
1.16421
0.910187
1.00313
0.865614
1.44259
0.961083
1.08047
0.745345
1.10805
0.838683
0.773616
0.596273
1.3018
1.09989
0.598798
1.17889
0.610903
0.869347
0.620266
1.04459
1.12776
1.15142
0.637719
1.11502
1.55652
0.612435
0.928085
1.40155
0.833858
1.9162
0.720851
0.919723
0.553058
1.08634
0.678744
0.642759
1.13136
0.862289
0.692245
2.00815
1.08746
0.650999
1.64883
1.06555
0.869688
0.916437
0.785286
0.719107
0.892682
1.07369
1.38327
0.892726
1.10859
2.06402
0.91146
1.45786
0.691002
0.850384
1.11155
1.35182
0.743886
0.904186
0.844296
1.06007
0.938439
0.857706
0.529359
1.23462
0.731592
0.521074
1.59745
0.83512
1.54664
1.08964
1.41996
0.557296
1.39425
0.964748
1.15832
1.80463
1.19569
0.804943
1.65003
1.80264
0.5157
0.56392
1.05872
1.16474
1.22911
0.977105
1.69375
1.24735
1.32145
1.06968
0.697113
1.51538
0.896043
0.722819
1.25405
0.955573
1.07234
0.742078
1.25318
1.16609
2.32314
1.43071
1.19271
1.71502
1.3978
0.709043
1.0094
0.816175
0.524845
1.12572
0.876042
0.655128
1.40059
0.9685
0.790409
0.967204
0.718391
0.871363
1.61851
0.616689
0.895581
0.81333
1.00396
1.13556
1.23143
1.41072
1.38288
0.695201
0.839631
1.56938
1.42034
0.731794
1.06914
0.762188
0.752769
0.884824
0.450908
1.0315
0.753912
0.89821
0.99833
0.545699
0.543207
0.603835
0.649358
0.625036
0.96901
1.05377
0.753032
1.14645
1.33582
1.13274
0.960375
0.606837
0.743106
0.748582
1.21329
1.01441
0.543685
0.929684
0.856273
1.50593
0.636835
1.70831
1.89197
1.16249
0.923433
1.26902
0.807412
0.902905
0.765633
1.22
0.886581
1.28692
1.01206
0.650817
1.04838
0.542076
1.51619
1.28664
1.30112
0.952697
0.407898
0.788341
1.13615
0.647675
0.852096
1.22566
0.784295
1.52426
0.685493
0.91346
0.898288
1.1514
0.724654
1.15599
0.86922
1.44075
1.41456
1.34457
1.23776
1.14499
0.785461
0.889239
0.964999
0.971441
0.744842
0.83469
1.21888
1.41765
0.555452
1.41714
0.927646
0.430123
1.39476
0.887339
1.31265
0.978153
0.598057
0.750731
0.765081
0.619386
0.805131
1.07671
0.946918
0.541012
0.993206
0.811435
1.42218
0.471093
1.78683
0.706991
0.890148
1.19306
0.986513
1.45125
0.848226
0.650588
0.853473
0.486774
1.35933
0.724888
1.09331
0.94444
0.984801
0.298421
1.06892
0.72104
1.44019
1.11568
1.09321
0.569997
0.898825
0.816336
0.690403
0.669854
1.09501
0.707596
0.600418
0.704838
1.55189
0.680818
1.0574
1.00905
0.707709
1.29759
1.23928
1.34077
0.656142
0.94529
0.418789
0.809205
0.823865
1.48453
0.9853
0.499455
1.23379
0.453423
1.83842
0.649472
0.889223
0.880812
0.791645
0.901551
1.57819
1.66011
0.780501
1.29832
1.15134
0.86842
0.97144
0.406995
1.68946
0.747642
1.34115
0.890118
0.474316
0.872015
0.769163
1.343
1.13753
0.982787
0.853106
0.776361
1.10893
0.739643
0.678788
0.890864
0.540892
0.968643
0.614075
0.789169
0.848939
0.878248
0.516533
0.846257
1.58578
0.959487
0.794945
0.797068
1.27232
1.09268
1.11396
0.488375
0.897438
1.30086
1.11987
1.05046
0.795621
1.00242
0.578357
0.94766
0.424317
1.01858
0.777506
1.18494
0.874578
0.932187
0.892331
1.65539
1.00717
0.9856
1.58864
1.1362
0.956166
0.516849
0.552802
0.45822
1.02878
0.87758
0.648113
0.957421
1.02709
1.35433
0.798704
1.40311
1.42599
0.769067
0.823654
1.33717
0.8191
0.997848
0.9465
0.982171
0.932515
0.71764
0.737087
1.1343
1.24838
0.991407
0.792844
1.35469
0.633228
1.03373
0.793794
1.28256
1.09353
1.16705
1.39979
1.21817
0.924195
0.634205
0.684637
0.628955
0.892091
0.824912
0.629331
1.14489
1.65824
1.2653
0.527676
1.18708
1.21109
0.862522
0.97877
1.35755
0.805412
0.698113
0.803092
1.02488
1.11773
1.1995
1.40125
1.3432
0.718657
0.859691
1.17372
1.12014
0.920934
1.68614
0.602076
1.29422
0.982239
1.18553
1.58181
1.25258
1.28202
1.18923
1.06816
1.29933
1.25155
1.35318
1.4042
0.539069
0.826627
0.727998
1.19777
0.810954
0.743535
0.95158
0.507493
1.20542
0.839136
0.817892
1.17462
0.810247
0.894997
1.61163
1.21079
0.638342
0.547311
0.67676
0.86539
1.78971
1.36924
1.21809
0.957816
0.571776
0.951097
0.741987
1.07405
0.520479
1.19835
1.30525
0.442093
0.789426
0.977475
0.967868
0.704976
0.936159
0.743175
0.880133
0.803866
1.15065
0.849518
1.00892
0.961216
0.577504
1.49726
0.784644
1.29806
0.450731
1.35897
0.762234
1.58089
0.682986
1.23917
0.485782
1.45877
0.702963
0.924716
1.71333
0.741971
0.564268
0.510754
1.0635
0.651017
1.8136
0.944028
0.586564
1.11586
1.01527
1.39239
1.29624
1.10992
0.686532
1.16775
1.57305
0.763826
1.14376
1.3338
0.860085
1.00449
0.994917
1.62791
0.907362
1.07321
0.585506
0.8094
1.1455
1.43878
0.899431
1.12678
1.02192
1.23876
2.2142
0.847208
0.789124
1.11229
1.46032
1.53192
0.660525
1.23449
0.580832
0.810611
0.936327
0.56734
1.29828
0.756267
1.13448
0.651781
1.45868
1.03239
0.833583
1.40778
1.03378
1.19931
1.26499
0.845452
0.791868
1.21476
0.906768
0.736698
1.40846
1.18601
1.22173
0.921752
1.07483
0.660464
1.03619
1.06338
0.640147
0.885452
0.985906
1.19284
0.852709
1.53216
0.463947
1.11299
0.862212
1.36797
1.06083
0.755747
1.14563
0.676144
0.976894
0.619001
0.94717
0.526645
0.942624
0.621616
1.07648
0.63679
0.713621
1.76996
1.24397
0.871236
1.34863
1.18341
1.33097
1.08383
1.0104
0.741139
0.846202
0.611046
0.410398
0.813752
0.942588
0.752536
1.30193
0.737459
0.847951
0.876806
1.13156
0.926996
0.694546
0.461805
1.39543
0.660195
0.782367
1.07151
0.577017
0.60629
0.842495
1.59649
0.73034
1.4352
0.67215
0.753336
0.889216
0.946676
0.677359
0.728409
0.868794
0.765611
1.36833
1.51583
1.1895
0.876378
0.704868
1.01948
0.601872
1.12385
0.947841
1.13267
1.12531
1.17158
1.54793
1.05128
1.11321
1.58313
0.867411
1.16642
0.771876
0.690938
1.40451
0.899205
0.561309
0.704282
0.520132
1.07812
0.971909
1.02492
0.734927
0.910894
1.11369
1.35395
0.72814
0.742162
0.86571
1.4706
1.15779
1.2425
0.719204
0.601142
1.1686
0.620559
1.2693
1.21601
1.38985
0.860755
0.813339
0.867413
0.80464
0.868635
1.46175
1.13479
1.40662
1.09115
1.14585
0.880624
1.53005
1.18922
0.732084
0.713945
0.683623
0.960261
0.798936
0.915911
1.34107
1.81636
1.64898
1.1043
0.545766
0.866925
1.08703
0.951473
1.57103
1.80914
0.803601
1.55869
0.667014
0.741455
0.727446
0.653011
1.08976
0.538987
1.78096
1.19417
0.923114
0.773953
1.20954
0.69035
0.882456
1.5596
0.950094
0.604362
1.00051
1.47378
0.870424
0.555326
0.927799
0.681512
1.38002
1.03914
0.97363
0.902527
0.961383
1.29419
1.18791
1.54042
0.505091
1.62453
1.06774
0.889687
1.4777
0.730299
1.2511
0.891556
0.564786
1.10437
1.43019
0.956227
1.42168
1.00643
0.658688
0.608782
1.28121
0.761045
1.1161
0.62551
0.59019
2.48123
0.599187
0.979634
1.56269
0.673523
1.52761
0.455381
0.899754
1.74398
1.03321
1.33541
1.21101
0.918946
0.45088
0.959094
1.14821
1.14984
0.860481
1.2608
0.87895
1.16991
0.844085
1.43602
1.0657
1.15435
1.44687
1.05337
1.03
1.95742
0.90832
1.02602
1.32652
1.19147
0.767896
0.777506
0.432962
1.1027
0.62797
1.62544
1.25638
1.7354
1.8966
1.41918
1.11414
0.568067
1.24737
1.21172
0.687419
0.675201
1.30876
0.68245
0.96632
1.29393
0.738411
1.07622
1.36834
0.405979
0.715754
0.968701
1.19974
1.09865
0.644786
1.04761
0.956886
0.74639
1.33071
0.690947
0.498492
0.863159
1.00799
0.897245
1.22484
1.0438
0.780763
1.67927
0.732782
0.74466
1.03183
1.4169
1.50646
0.749378
0.780568
1.31565
1.08256
0.689287
1.5504
1.15203
1.23278
0.714085
1.69631
0.559111
0.62411
0.516788
0.527353
1.13212
0.789665
1.41471
1.03606
0.540103
0.970019
1.22806
1.55974
0.675809
0.70231
0.928028
0.962174
1.19352
0.806722
1.61534
1.71834
0.918491
0.770264
0.573926
1.09863
1.48184
1.06149
0.924464
0.970996
0.920275
0.873791
0.461158
0.603189
1.01836
0.790495
0.944482
1.39897
1.42954
0.574793
1.69679
0.859242
0.84582
0.669883
1.32265
1.16663
1.31701
0.983803
0.890605
1.57428
1.00037
0.715782
0.96921
0.756058
1.02242
1.10882
0.849526
1.2899
1.41492
0.767379
1.26588
1.34421
0.607306
0.538666
0.941408
0.986462
0.57054
1.0119
1.21067
1.348
0.915122
1.20567
1.06228
1.25845
1.05135
1.22084
0.758078
0.699815
1.1898
0.542785
0.916924
1.21536
1.02298
1.19638
1.11541
0.768731
1.12993
1.3698
1.23742
0.963389
1.01485
0.514258
0.87452
0.957813
0.591225
1.02954
0.695212
0.540054
0.99379
0.724632
0.647348
1.04762
0.604078
0.784397
1.32499
1.09684
0.702226
0.927354
1.61801
1.14294
0.786683
1.07418
0.957151
0.41708
0.588905
0.851319
1.12071
1.67979
0.991356
0.837014
1.00983
0.933665
1.30658
0.954027
0.920411
0.975851
0.574881
0.874111
1.56943
0.737628
1.10962
0.931901
0.619735
0.631903
1.0097
1.01542
0.85667
0.598485
1.18618
0.587219
0.722509
1.10449
0.848167
1.6861
0.705382
1.05268
0.931494
1.25773
0.698676
1.44543
1.68534
0.570195
1.18506
0.636907
1.18058
0.779193
0.770818
0.749567
0.9263
1.10952
0.55287
0.74143
1.40339
0.591247
0.729557
1.50235
0.946228
0.857281
0.721298
0.98171
1.08525
0.847021
1.73052
0.710257
0.771942
0.930517
0.82012
1.2595
1.30614
1.14266
1.27605
1.40123
0.536078
1.74829
0.675923
0.924638
0.470763
1.50245
1.23692
0.822363
0.997811
0.660578
1.07743
1.42282
1.0769
0.396084
1.68083
1.13206
0.509853
1.12906
1.19937
0.867822
1.70386
1.14864
0.797264
1.55642
1.23968
1.05429
0.622633
0.872876
0.749908
0.837844
0.855095
1.23846
0.447887
1.62793
0.755544
0.969543
1.46713
0.758451
1.00102
1.40004
0.927832
1.10147
0.754452
0.971282
0.972931
0.625738
1.29822
1.45083
1.64306
0.790328
1.0674
1.09531
1.06683
1.14223
0.737213
0.689918
1.11417
0.726515
0.866771
0.53298
1.15774
1.30447
1.03364
0.785228
1.22052
1.4429
1.70957
1.44655
1.31701
0.626672
1.1108
1.45249
1.07038
0.946972
0.893769
1.23853
0.657817
0.548374
0.854045
1.83109
0.902527
0.602291
1.14626
0.594737
0.893389
1.11838
1.03715
1.78477
0.673093
1.30291
0.802652
1.23996
1.02921
1.23556
1.2739
0.717648
0.963659
0.720776
0.887919
1.18241
1.14178
1.25104
1.25692
1.19142
0.820388
0.821795
0.66382
0.850171
0.65749
1.03637
0.777994
1.51002
0.796315
0.835384
1.33884
1.07594
1.73231
1.57665
1.23754
0.969584
0.985796
0.657967
1.08273
0.631126
0.965631
1.48523
1.3596
0.86103
1.28096
1.31426
1.36151
0.741554
1.00423
0.842391
0.845612
0.552371
1.1615
0.832825
0.86961
0.722905
0.407278
0.856264
1.34083
1.41083
1.39138
1.08658
1.59176
0.740138
1.23294
1.28187
1.18099
1.42369
0.492085
0.938553
0.695614
0.987883
0.998656
1.02828
0.6882
0.56781
0.657697
0.719816
0.829366
0.689732
0.944994
0.581677
0.664727
1.38324
0.95458
0.779025
0.950665
1.20795
1.18837
0.642996
0.834693
0.877996
0.305947
0.694435
1.22723
1.04039
1.03463
0.782371
1.05066
0.729919
0.814115
0.520755
1.36768
0.713757
1.02449
1.40289
0.805073
0.987016
1.0451
0.571468
1.29291
0.565979
0.749571
0.897679
1.62458
0.961017
0.637157
1.03665
0.946365
0.695662
1.05302
0.797088
0.593461
1.16725
0.463588
0.940124
0.934664
1.22509
1.13173
0.604881
0.896948
1.80246
1.7843
0.739705
0.623849
1.37542
1.02203
1.0278
0.523054
0.981475
0.807923
0.918127
0.69899
0.354997
0.4432
0.867665
0.568323
0.847548
0.961672
0.912684
1.32252
0.808183
1.18835
1.1888
2.04747
1.11675
1.05759
1.07667
0.847195
0.869769
0.972937
1.16938
1.43854
1.28774
1.56112
1.21464
0.400032
1.8718
1.03762
0.883154
1.17136
0.836776
0.630966
1.64812
0.926502
1.38553
1.60038
0.732468
0.790405
1.06542
0.872262
0.999752
0.695443
1.66333
2.39129
1.14163
0.461251
1.21261
0.795287
1.15517
0.862568
0.408716
0.790273
1.4042
1.04665
0.897714
0.787093
0.682491
1.27633
0.947173
1.10903
0.983556
0.81437
0.965475
0.619659
1.15315
0.704681
1.3422
0.75405
0.97678
1.04897
0.729895
0.840258
1.01265
0.664429
0.871444
0.736012
1.3811
1.02115
1.07993
0.932592
2.69126
0.677892
0.706021
0.765602
0.762984
0.799462
1.07112
0.811914
0.646242
0.928309
0.989837
0.361104
1.12017
0.994854
0.484177
0.9492
1.0957
0.839294
1.36335
0.720769
0.628629
0.541493
0.980892
0.918505
1.2794
0.904743
1.03371
0.587639
0.708081
1.51752
0.993428
0.783027
0.670541
0.969124
1.58392
1.07149
0.704657
0.971986
1.2291
1.11535
1.07442
0.50952
0.942282
1.35082
0.849481
0.645508
1.38705
0.918386
1.2939
0.727336
1.15359
0.840981
1.29451
1.12864
1.40162
0.942134
0.838525
0.920997
1.45996
1.31359
0.752552
1.74749
1.0759
1.14398
0.987096
0.454208
1.05284
0.842147
0.360999
0.769936
1.4154
0.669751
1.14719
1.18559
0.813498
1.3156
1.06671
1.07019
0.825667
0.891637
1.02502
1.71293
0.844875
0.603972
0.959803
1.14641
0.649126
0.627601
0.634667
1.14595
1.33531
0.705221
0.662088
0.710522
0.73294
1.54252
1.28149
0.878707
0.696303
1.41655
1.42581
0.674367
1.05268
0.903269
0.591978
0.453636
1.18386
1.06053
1.08313
1.41269
1.11923
0.714117
0.816524
0.535287
1.00995
1.1427
0.95714
0.612436
1.06636
1.02199
1.04967
0.717565
1.14832
1.9078
1.09536
0.861497
0.923236
1.22981
0.664432
1.32118
0.77561
0.866287
0.862365
1.00265
1.3
1.07853
0.607164
1.47886
0.828522
1.11222
0.621377
0.702266
1.12629
0.84649
0.896313
0.745998
0.80354
1.34207
0.503539
1.17377
1.0299
0.647932
1.01763
0.50467
0.711606
0.985936
1.22083
1.10896
0.493221
0.62517
0.748848
0.930284
0.86019
0.764152
0.842635
0.98472
1.31737
0.947997
1.24499
1.23741
0.667263
1.56357
0.635348
1.22144
0.646996
1.2125
0.667792
0.971401
0.585937
0.814179
1.02646
0.804522
1.01078
1.079
1.59948
1.1744
1.49437
0.848951
1.40132
0.860321
0.793707
0.841127
1.29132
0.652174
1.93774
1.06258
0.757219
1.44388
1.2119
1.44024
0.637227
1.12372
0.962591
0.609791
0.803941
0.900833
0.886422
1.01283
0.479232
1.31776
2.04369
0.919127
1.00262
0.653684
1.52156
1.09178
1.2367
0.562642
0.751048
0.417897
1.27795
1.22965
0.80121
1.18144
1.30046
0.977369
0.606944
0.559457
2.06791
0.713231
1.8113
0.942643
1.11031
1.11435
0.911222
0.707527
0.954624
0.896674
0.944724
0.784584
0.878593
0.601843
1.27553
1.21801
0.864465
0.645841
0.774319
0.612192
0.822318
1.24991
0.351356
1.07096
0.717755
0.81888
1.7001
1.49845
1.17487
1.42228
1.24497
1.10032
0.960639
0.358621
0.889027
1.05864
1.36674
0.87685
1.33661
0.858839
0.6858
0.72327
1.3186
1.25103
0.949328
0.656069
1.16676
1.45485
0.916054
0.655781
0.680691
0.881253
0.84151
1.07145
1.34336
0.953673
1.28082
1.12665
0.66055
0.561009
1.04686
0.926024
0.907903
0.634295
0.948947
1.03984
1.07592
1.29497
0.808806
1.20025
1.14539
1.18108
1.79377
0.685267
1.15001
0.632746
0.826223
0.56904
1.51329
1.08044
1.64904
1.6971
1.07425
1.03412
0.685053
0.966568
0.739353
1.41795
1.24545
0.705997
1.30906
0.899649
1.37576
0.924827
1.13707
0.588715
1.02331
0.819274
1.09758
1.30604
0.936841
0.414016
0.548864
1.29978
0.616975
0.516927
0.851508
1.19943
1.44946
1.37121
1.45079
1.07502
0.7871
0.830966
0.989375
1.27811
0.706427
0.823704
1.43139
0.439911
1.14489
0.786066
0.785581
1.02146
0.756249
1.18261
1.51919
0.437373
1.06209
0.990458
0.745763
0.790217
1.10791
1.06476
1.07858
1.1436
1.30091
0.710376
1.19535
1.00359
0.834715
0.850972
0.332777
1.05791
0.761417
0.727468
0.63684
1.40635
0.879739
0.810698
0.909398
1.41467
1.6096
1.05353
1.0384
1.33126
0.764256
0.624132
1.34542
0.485004
0.917619
0.922397
0.859579
1.15276
1.34828
1.61109
0.530261
0.600535
1.15215
0.923342
1.20884
0.906545
1.06466
1.42186
1.59838
1.53849
0.761546
1.08859
0.739986
0.931174
1.09038
1.13898
1.26952
0.600439
1.40568
0.816223
0.68853
0.642765
1.60408
1.42162
0.585769
1.42151
0.94638
0.552968
0.932986
1.16084
0.920062
1.29291
0.827832
1.1994
1.03669
0.883733
0.348122
1.09865
1.1964
0.84647
0.993042
0.976772
1.1149
0.46021
0.969681
1.29239
0.980975
1.22016
0.521373
1.07564
1.19259
0.851295
0.963931
0.862548
1.15908
0.415832
0.940951
0.64634
0.577964
0.514383
0.959549
1.44052
1.1565
0.657333
0.91213
0.570019
1.03828
1.3891
0.90584
0.998904
1.05221
1.05938
0.434328
0.490482
0.804216
0.900067
1.45401
0.90245
1.1237
0.779513
0.780027
0.781644
1.25677
0.402069
1.19446
0.628755
0.518433
1.06481
0.778462
0.666986
1.22462
0.888801
0.778241
1.26986
1.08473
0.570285
1.43323
0.767452
1.47814
1.5124
1.3669
0.694108
1.70673
0.738275
1.06301
1.17321
0.633775
0.911334
0.957094
1.50202
0.920519
0.951986
1.30239
1.22548
1.21505
1.16488
1.64094
1.65441
1.55608
0.763794
1.15147
1.5009
1.05919
0.987695
0.997351
1.18371
0.808715
0.738388
1.3038
0.705717
0.535785
0.946205
0.877724
1.04909
1.00878
0.889731
0.935792
0.942659
0.747137
1.36056
1.46032
1.38148
0.647039
0.889146
0.52622
1.0246
1.90886
0.950263
0.786923
0.709057
1.18977
1.36688
0.94271
0.848496
1.07466
1.78143
1.29122
1.27408
1.67208
0.862434
0.398023
0.835499
0.966787
1.40442
1.51293
0.709282
0.958142
1.398
0.564594
0.971941
0.959849
1.0954
0.647745
1.40943
0.68232
0.927142
1.6292
0.907775
0.538433
0.811058
1.16078
0.920778
1.94188
1.08863
0.790335
1.04046
0.950442
1.06038
1.01645
1.04819
1.33209
0.965034
0.526079
0.812461
1.09302
0.672066
1.19225
1.08978
0.932654
0.791982
1.01488
1.28572
0.358384
0.660087
1.10414
1.5175
0.38404
1.04185
1.95808
0.89078
0.639583
1.00687
1.04755
1.07566
0.617813
1.7251
0.918493
0.867522
1.16876
0.72311
2.44063
0.826638
0.982282
1.11491
0.651956
1.06591
1.09542
0.768736
1.0308
0.617686
1.01327
0.647762
0.770133
0.95051
0.569063
1.55935
1.20658
0.908447
0.676363
0.971109
0.805305
0.79684
0.582604
1.21441
0.94934
0.769041
0.693481
1.12954
0.703054
1.61357
1.21758
1.05245
0.806133
0.947686
0.919283
0.715704
1.32489
1.19015
0.882472
1.67887
1.15803
1.53973
1.20092
1.03235
1.18711
1.49605
1.23553
1.26686
1.24018
0.815568
1.42558
1.51252
1.39571
1.60982
0.636835
1.36375
0.530216
0.954749
1.22567
1.4399
1.27698
0.788743
1.97407
0.598453
1.59704
0.759602
0.859977
1.09615
0.511011
1.10909
1.10383
1.41728
0.649775
1.12455
1.6537
1.39715
1.25902
1.00567
0.819654
1.11702
0.836761
0.971442
1.23244
1.52728
1.1576
0.71155
0.826132
0.497892
0.869297
0.955238
1.27066
1.09541
0.875297
0.906472
0.875125
1.42828
1.24427
1.35648
0.600677
0.990778
0.890566
1.20639
1.17737
1.23592
0.670408
1.15064
1.14718
1.11611
0.627813
0.882325
0.817287
1.35518
0.878446
0.664227
0.976741
1.23488
1.11405
1.17869
1.05844
0.818694
1.24613
1.09485
0.883722
0.918476
0.98119
0.758879
1.19214
1.3425
0.643585
0.381792
1.11051
1.68008
1.09923
0.831652
0.777891
1.15736
0.802565
0.727488
0.649951
0.795072
1.34027
1.14014
1.17014
1.14621
1.14297
0.73869
0.503531
1.31997
0.707539
0.803313
0.882226
1.14977
1.2413
0.548745
1.22793
0.651674
0.741953
0.821271
1.04408
1.09059
0.864132
0.689698
0.998401
0.831473
0.802581
0.466053
0.78061
1.29495
0.807556
0.768337
1.14591
0.539101
0.623172
1.51608
0.973679
0.831136
0.93279
0.670605
1.83509
0.501244
1.16873
1.25808
0.971393
0.724808
0.768079
1.09001
0.873608
1.25339
1.07016
0.910648
0.890669
0.745758
1.03961
1.4725
0.825605
0.911314
1.27803
1.22642
1.19026
0.99802
1.16135
0.834459
0.845569
1.14319
1.02075
1.16833
1.15474
0.764899
0.985333
0.766686
0.764703
0.666475
0.904132
1.15934
0.523423
0.827807
0.475814
1.57989
1.37979
0.856078
1.14732
1.18246
0.675274
0.737952
1.10825
0.627127
0.683611
1.20249
1.79106
1.18662
0.761678
0.798908
0.629418
0.892151
0.715449
1.0667
1.03655
1.02782
1.19535
1.3521
0.919255
1.26822
0.588178
1.74512
1.31095
1.41675
0.984458
0.940381
0.92118
0.828849
0.842546
1.29346
1.21836
0.798381
1.25069
1.54951
1.46479
0.842106
0.831141
0.612632
1.70083
0.801362
0.87447
1.25568
1.2124
0.774003
0.912715
1.45427
1.31232
0.984279
0.896404
0.922011
0.997169
1.51414
0.899538
0.75035
1.32564
0.717615
1.13875
0.61724
0.981618
0.83217
0.879379
1.02238
0.548889
0.511956
1.24962
1.55226
0.897404
0.842412
1.31714
0.453246
1.41031
1.48156
1.23127
1.00657
1.17054
0.911743
0.637994
0.669611
0.684818
1.03063
1.71714
0.63155
0.898816
1.04043
0.865091
1.00748
1.2001
0.820931
0.761615
0.800204
1.31767
1.30818
0.962596
1.40877
1.20344
1.16262
0.932987
0.702298
2.1633
0.821344
1.38568
0.531314
0.437849
1.25794
1.11728
0.991948
1.47928
1.07405
1.01941
0.839622
1.03717
1.1382
1.29583
1.30961
1.23405
1.09073
0.561769
0.814815
0.732532
0.774194
0.719379
1.20964
1.00737
1.52922
0.39292
1.2214
0.810005
1.53581
1.11965
1.27433
0.858882
1.46368
1.47456
1.67445
1.08597
0.389715
1.06957
1.18495
0.918936
0.620189
0.785399
0.952943
1.18092
0.570111
0.740742
0.793756
0.841901
0.816267
0.678211
0.889796
0.465117
0.977008
0.942572
1.18988
1.67177
0.97816
1.08239
0.463874
0.964389
0.976843
0.901036
0.802914
1.19029
1.26964
1.00313
0.976235
1.01801
1.39457
1.47456
1.04892
1.37743
0.831388
1.80435
0.727961
1.25691
1.36854
0.45141
0.847247
1.20807
1.05289
0.802049
1.00257
0.762308
0.623585
0.629733
1.37322
1.07569
0.484223
1.13211
0.958733
1.39756
1.43591
0.957766
0.889324
0.986268
1.16452
0.83064
0.94589
1.91101
1.11794
0.877614
1.08184
1.25615
1.73354
1.37948
1.10655
0.62052
0.560491
1.06495
0.976909
0.866644
0.60024
1.7544
0.82224
0.711701
1.09446
1.01655
1.0619
1.52659
1.04456
0.751356
0.621562
0.770038
1.19401
1.452
0.640532
0.744789
0.887142
0.795514
0.917279
1.1534
1.05435
0.778325
1.22263
0.894997
1.09342
1.04178
0.980546
0.89289
0.555389
1.23585
1.29399
1.30466
1.16467
0.615709
0.684043
0.691625
0.894825
1.01188
0.448856
1.05464
1.86848
1.24743
0.606631
1.22931
0.851498
1.95283
0.60654
0.667277
0.585698
0.962363
1.08878
0.730947
0.837716
0.801678
0.806326
0.671479
0.980938
0.906848
0.854255
0.679592
0.939849
1.0718
1.27975
1.48984
1.60499
1.47703
1.23209
1.27173
1.49478
0.943152
0.770406
0.70747
0.762332
1.14073
0.776538
0.712235
1.46304
0.722727
0.60858
1.11111
1.33473
0.959681
0.942562
0.965131
1.35014
0.976057
1.28965
0.780201
1.22351
0.873251
0.760927
0.907462
1.06989
1.03189
0.743543
0.919326
0.969218
0.813054
0.572347
0.981312
0.930094
0.822908
0.806651
0.994472
1.43362
0.89176
0.950374
0.8627
1.00878
0.688445
1.90324
1.15201
0.942214
1.49191
0.934133
1.01184
0.549106
0.49254
1.30755
1.41112
0.705867
0.82068
0.935318
0.509887
0.880696
0.826109
0.622227
1.46892
0.873648
1.07069
2.23855
0.678372
1.29115
1.38646
1.82188
0.847602
1.13875
1.28924
0.919204
0.792886
0.84787
0.845562
0.851106
0.405159
0.968659
0.603715
0.797373
0.862352
0.885211
1.07822
0.896278
0.82474
1.29411
1.21696
1.0178
0.602743
1.28975
0.894065
1.09225
0.710605
0.800304
1.90386
1.21659
0.614029
0.71125
0.740635
0.60213
1.2131
0.789983
0.960301
0.649776
1.14969
0.822148
0.963712
1.26433
1.18442
0.684771
0.838241
0.944899
1.03985
0.855492
1.47699
0.586074
0.585168
1.11895
0.738152
1.268
0.678282
1.47448
0.435883
0.415369
0.606497
1.21546
0.828945
1.09174
0.786948
1.29067
1.0132
0.834432
0.773366
1.01196
1.3278
0.914615
1.57374
0.855116
1.30021
1.86953
0.983242
0.583917
1.09689
0.57791
0.819917
1.18828
0.550024
0.826121
1.21231
1.13004
1.19347
1.23111
0.80863
0.72025
1.35785
1.91333
0.706487
0.780391
0.879735
0.758595
0.924193
1.2761
1.47585
1.39082
0.737421
1.02901
1.24678
0.955214
1.11432
1.01199
1.0863
0.603193
0.785459
0.555746
0.631023
0.88366
0.443809
1.51879
1.07325
0.975522
1.59499
1.2753
0.933193
0.841068
1.49236
1.10416
1.17262
0.839019
1.00112
1.20779
0.917827
0.919735
0.779073
0.822221
1.10953
0.94128
1.34368
0.875331
0.909326
1.56457
0.67467
1.10475
0.688455
1.39345
1.57566
0.645685
0.764734
1.17311
0.802202
0.74453
0.560091
1.38264
0.871768
1.72889
1.23398
0.816829
0.990992
0.822323
1.32331
0.977472
0.900866
0.757658
0.677329
0.854951
1.29516
0.954541
1.5664
1.15836
1.5769
0.630216
0.68195
1.25734
0.255919
0.843586
0.784614
0.837759
1.07234
1.43229
0.862881
1.05813
0.905223
0.890564
0.574565
0.85471
0.630127
0.727743
1.09433
1.20946
0.922324
0.947669
0.839833
0.703589
0.929114
0.926237
0.663694
1.49402
0.833869
0.88802
1.23539
1.03691
0.916374
1.18811
0.77474
0.606557
1.14326
1.3938
0.980735
1.1895
0.86214
0.768004
1.00468
1.21767
0.918376
0.982328
0.855967
0.496689
2.0694
0.380493
0.750177
0.84728
1.23203
0.990444
1.04133
1.29469
1.14694
1.61008
1.10551
0.652155
0.633017
1.42571
1.39645
1.5069
1.22374
0.508135
1.14254
0.658087
1.58036
1.13715
0.814625
0.676748
0.681323
1.08209
1.40152
2.05484
0.703056
1.36445
1.24478
0.907729
1.1086
0.656442
0.996551
0.597664
1.40971
0.82725
0.662142
0.905683
0.547333
0.782038
0.929419
0.986564
1.10969
0.749837
1.06155
0.74658
0.394422
0.989263
1.16672
0.745008
0.713221
0.512374
0.774716
0.477486
1.01508
0.525221
0.87684
1.28989
1.48971
1.01533
1.45604
0.679301
1.00672
0.703951
0.918316
0.602014
0.601952
0.589187
1.58733
0.878737
1.29301
1.08346
0.717399
1.16208
1.11469
0.781959
1.67599
1.02437
1.55346
1.18431
0.87856
1.32754
0.717633
0.673493
1.3586
0.984688
1.09528
0.746901
0.970608
2.30208
0.926974
0.667842
0.954481
1.69753
0.932317
1.39981
1.08996
0.49261
0.661148
1.14371
0.937948
1.11617
0.901638
0.76438
0.761605
0.616262
1.27025
0.405185
1.13933
0.907318
0.954984
0.988901
1.07069
0.880396
0.861676
0.529538
1.04365
0.597197
1.00355
1.18232
1.29712
0.586061
1.55021
0.998554
0.774079
0.932166
0.733155
1.87515
1.03418
0.673001
1.23654
0.78145
1.10673
1.2984
0.756048
1.01498
1.04484
1.03954
0.783959
0.614551
1.09937
0.865087
0.580209
0.459031
0.94841
0.574086
0.643129
1.20075
0.93508
0.873975
0.693544
1.59808
1.27807
0.881069
1.26797
0.978838
0.995349
0.984402
0.75969
0.664633
0.776592
0.6094
1.06834
0.899624
1.29201
0.831927
1.06043
0.914483
0.731443
1.22579
0.818947
0.717808
0.892143
0.816366
1.65533
1.45231
1.19015
0.564596
0.989148
1.38181
1.23177
0.852078
0.896116
0.59871
1.35242
0.836321
1.41834
1.08298
0.566365
0.851193
1.64554
1.36627
1.61068
0.759691
1.03388
0.857048
0.839428
1.27368
1.53704
0.796873
0.922807
0.894775
0.977806
0.719469
0.678167
0.510466
1.11373
0.776958
1.17646
1.06236
0.903069
1.35075
0.487636
1.23792
0.605601
0.79314
0.745112
0.989388
0.999936
0.75186
0.895419
0.920683
0.628307
1.34179
1.11749
1.10823
0.650846
1.04806
1.2959
0.666868
1.91373
0.894217
1.08121
0.701575
0.475379
0.776989
0.696619
1.58063
1.17567
1.56282
0.80572
1.11977
1.15511
1.14852
0.88885
1.17426
0.763743
1.05812
0.676345
1.2812
1.27608
0.811412
1.19945
1.31873
0.552154
0.599882
0.739055
1.12597
0.872657
1.10287
0.836381
1.3168
1.47999
1.26073
1.13899
0.760953
1.13204
0.798074
0.961236
1.35295
0.908578
1.08176
0.689882
1.15979
0.860276
0.960599
0.945979
1.02818
0.702964
1.072
1.12776
0.840387
1.06665
1.25222
0.859118
1.01638
1.00717
1.14997
1.09702
0.958114
0.880156
0.769512
0.819911
0.861583
1.12746
0.399527
0.913117
0.801827
1.18731
0.996874
0.905291
1.18737
0.755868
1.45704
0.727149
1.34389
1.37047
0.67259
0.607791
1.14424
1.10805
0.725389
1.2171
0.998612
0.759372
1.19271
0.848941
1.29325
0.805732
0.66265
0.830041
0.939636
0.534887
0.631566
0.867601
1.25703
1.6673
1.16899
1.57033
1.4966
0.763419
1.5069
1.50424
1.27944
1.41515
0.663198
0.620033
1.0268
0.77568
0.946262
0.81082
0.688837
0.76215
0.758722
0.656346
1.31669
0.957946
1.01842
0.419911
0.843448
1.39121
0.826233
1.00298
0.783938
1.18303
1.16145
1.65589
0.945805
0.774158
2.021
1.0947
1.39208
0.992497
1.30028
1.35559
1.02708
1.53797
0.595057
0.653811
0.95041
1.03152
1.32481
0.889199
0.42162
1.30827
1.13902
0.74525
0.889248
0.523588
0.994632
1.28896
1.12043
1.97712
1.05489
0.923263
1.15873
0.55147
1.15617
0.8608
0.678266
1.30253
1.34486
1.60806
1.50759
1.18542
1.24851
0.732559
0.712031
0.887824
1.12374
1.15854
0.737645
0.736398
1.41655
0.705396
0.667764
0.745991
1.03641
0.859155
0.67476
1.52745
1.18466
0.748425
0.795463
0.804547
0.940882
0.507133
1.14576
0.913011
1.2678
0.886514
1.21812
1.18189
1.00557
0.944107
0.835485
1.09476
0.843119
0.965186
0.677844
0.798162
1.06325
0.631596
1.11874
0.894166
1.24612
0.500489
1.07411
1.12729
0.742237
1.02593
1.3589
1.32384
0.764966
0.907227
0.735244
0.997989
0.900303
0.675157
0.497987
0.920759
1.58052
1.29255
1.09828
1.06786
0.750002
0.974277
0.990957
0.849542
0.775625
0.462127
1.43977
0.840288
1.13027
1.03281
1.40067
1.00003
0.833406
1.51659
0.97418
1.36516
1.03876
1.91721
0.660594
0.770158
1.36732
0.774625
1.31896
1.51208
1.04012
1.38863
0.761758
0.703484
1.01582
0.719346
0.816071
1.00956
1.08355
0.852936
0.791974
1.20059
1.05521
0.939016
1.14537
1.26932
0.989003
0.862162
1.41688
1.09033
0.54991
1.17505
0.891503
1.21025
1.26728
1.05565
0.872822
0.673814
1.15161
1.3579
0.947616
0.810912
0.666096
1.57673
0.493398
1.14597
0.733671
0.966465
1.12662
0.849656
1.62606
0.839265
0.59355
0.801494
1.1667
1.50044
0.467457
0.760508
1.07236
1.26923
0.848635
0.967208
0.743954
1.06261
0.858048
1.12874
0.54172
0.714126
0.707939
1.24781
1.00618
0.825966
0.692911
1.34971
1.45756
0.733165
1.18719
1.09008
0.757688
1.00245
0.953849
1.1311
0.860926
1.70166
0.79989
0.476847
0.782974
1.15854
1.25533
0.806598
1.24318
0.848997
0.880498
1.71408
0.550095
0.924702
0.637393
1.30716
1.33301
0.913228
1.11055
0.396523
0.895518
0.578608
0.804143
1.12014
0.733002
0.581642
0.721413
1.51711
0.796069
0.734634
1.60563
0.827314
1.09135
1.14097
0.434222
0.724207
1.53728
0.825533
1.09687
0.988651
1.29632
0.676343
1.07685
0.828195
1.20479
1.51612
0.805942
1.02808
1.02984
0.781099
1.09278
0.911694
1.25035
1.0247
1.7991
1.12494
1.42762
1.2203
0.93169
1.11404
0.77093
0.561215
0.896706
0.774991
1.23437
0.591946
0.7617
0.925986
1.07831
0.868997
0.755706
1.07489
1.08936
1.0665
0.478665
0.728145
0.893766
0.690327
1.43609
1.09564
0.689861
0.510267
1.24802
1.07423
0.783537
1.19759
0.423953
1.30138
0.340767
0.799486
1.20187
1.12157
0.711273
0.652337
0.625549
0.9032
1.12661
1.45835
1.23648
0.614
1.41101
1.75147
0.906805
0.892834
1.30931
0.846092
1.09898
0.970477
1.08513
0.925177
0.567103
1.66164
1.40101
0.989479
1.14368
1.2945
0.690985
0.965044
0.709468
1.46091
0.512053
0.707279
0.619539
0.563626
1.15751
0.863125
0.901709
0.794699
1.43074
0.945569
1.14132
1.23883
1.03119
0.809603
0.970462
1.17074
0.666784
1.07813
0.829702
0.986843
0.662058
0.629999
0.741662
0.854593
0.940095
1.00253
0.948252
1.06194
1.09743
1.20937
0.854302
0.645475
0.509543
0.815506
0.69352
1.06858
0.981071
0.731924
0.841437
1.23607
0.684184
1.14311
0.527466
0.945605
0.975503
0.470334
0.898595
1.09463
1.22291
0.836028
1.35005
1.44385
1.37332
1.11465
0.851975
0.908901
0.608212
0.837886
1.37762
1.65898
0.925584
0.949203
1.10446
1.58426
0.903065
0.742484
1.05839
1.2057
1.07221
1.55663
0.774143
1.32196
1.41806
1.13595
1.04451
0.752728
1.01284
0.566664
1.16251
1.28873
1.13625
0.937124
1.09581
1.07691
1.04762
0.656992
0.903597
1.48962
0.698331
0.940276
1.73662
0.971933
0.878584
1.00374
0.680562
0.748273
0.504935
1.47456
0.841944
1.14117
1.14683
1.16567
0.661224
1.20522
0.374314
1.74462
0.99668
1.30568
1.60215
1.47215
1.30024
0.799433
0.863651
1.25521
1.08701
0.473247
0.730391
0.501531
1.31078
1.00395
0.610543
0.876487
0.753124
1.30365
1.52472
0.822043
0.958836
1.09122
1.19445
0.70367
1.14362
1.30604
0.772783
0.745836
1.40733
0.935185
0.773494
0.459994
0.952048
1.17258
1.1963
0.860235
0.989646
0.888565
0.979045
0.767934
1.45551
1.11729
1.28171
0.671266
0.734058
0.744263
1.41328
1.054
0.773725
0.972713
0.861486
0.741449
1.89473
1.11266
0.722853
0.454678
1.36048
0.683874
0.940236
1.35691
0.609654
1.01006
0.768749
1.37107
0.689771
1.20296
1.31346
0.395121
0.757053
0.89227
0.912197
1.04123
0.8546
0.741011
0.59047
0.959098
1.63417
0.784324
0.593248
1.41938
0.430125
0.958442
1.07916
1.60895
1.01911
0.793311
0.8625
1.01169
1.32572
1.32315
0.653792
1.12572
0.89689
1.31154
1.34868
0.993199
1.8084
0.970038
0.993401
1.59833
1.45232
0.966069
0.872109
1.01121
0.62466
1.01196
0.657432
1.14662
1.07289
0.342032
0.963744
0.954001
0.733122
1.23014
1.02339
1.02883
0.823414
0.943158
0.968111
0.887341
0.706336
0.844652
0.859501
0.730494
0.820425
1.34514
0.833483
0.75023
0.845144
0.866783
1.45688
1.01808
0.813015
1.38041
0.8253
1.06093
1.39505
0.719497
0.492791
1.03258
0.895879
0.857094
0.955752
0.929504
1.16166
1.16121
0.813003
1.17218
1.04811
1.01444
0.852972
1.81609
1.15072
0.886156
0.98545
0.754002
0.73253
0.619648
0.987468
0.891345
0.772914
1.31879
1.60134
0.752837
1.32514
0.998329
0.691303
0.687982
1.08794
0.91319
0.80346
0.923699
0.877772
0.935555
1.60559
1.14953
0.933755
0.94229
0.904452
0.728489
1.05572
0.835906
1.07265
0.688595
1.46964
0.600058
0.902245
1.0106
1.57823
1.08978
1.33688
1.09541
1.08535
1.48404
0.840034
1.8435
0.554067
0.640718
1.41319
0.570232
0.758714
1.40059
1.69064
1.37316
0.69572
0.777563
0.82011
1.24519
1.42509
1.0935
0.766347
0.547602
1.06254
1.09139
0.774831
0.539875
0.898144
0.820074
0.902822
0.785212
1.17859
0.896651
0.746466
0.582433
1.04674
0.969477
0.926439
1.13354
1.02018
1.36666
1.28759
0.895819
0.72782
0.555713
0.919661
0.633705
1.94726
1.28147
0.741187
0.887796
0.585943
0.92772
0.981785
1.336
1.0258
1.47719
0.98951
1.22564
0.836435
0.36044
0.718613
0.759438
0.878363
1.62463
1.03737
0.840021
1.3228
0.817769
