1.07116
1.17268
0.959908
0.938373
1.10322
0.976731
0.904958
0.967878
1.06363
1.01476
1.00891
1.02784
0.775359
0.976033
0.997
1.23908
1.12787
0.986801
0.862398
0.967024
0.901447
0.863244
1.04982
0.878768
1.07119
1.18782
0.986144
1.07413
1.10544
0.947873
1.0009
0.968966
0.968816
1.01585
0.910037
1.13839
1.01371
0.840687
0.965173
1.13438
1.0918
0.849005
0.918175
1.13147
0.901769
0.989603
0.821957
0.871585
0.930681
0.893702
0.980723
0.982146
1.04362
1.1263
0.810044
1.271
0.97239
0.878063
1.18279
0.924888
1.09355
0.883264
1.05089
1.16354
0.883024
0.929385
1.10101
1.04719
1.07567
1.0205
1.00542
1.26728
1.03261
0.956559
0.950571
0.982279
0.965676
0.910224
1.00737
1.11005
0.908011
0.958146
1.12673
1.05587
0.981387
0.959148
1.09527
0.959151
0.896252
1.09285
0.843172
1.24979
1.09272
1.07369
0.835112
0.9261
1.05992
0.961285
0.93896
0.796576
0.93551
1.07557
0.900152
0.910166
0.928718
1.07
0.929553
0.897374
1.23517
0.837505
0.974741
1.17343
0.840685
1.06281
0.943556
0.976169
0.980493
1.10828
1.02603
1.05699
0.978759
1.00572
1.08817
0.898342
0.891992
0.788547
0.963115
1.13231
0.927936
1.06406
1.07781
0.895005
0.90123
0.980365
0.996209
1.09079
0.933672
0.985248
1.15908
0.900318
0.953016
0.896053
0.898254
0.833239
1.13478
1.00993
1.04476
1.09436
1.05052
1.04032
1.0055
0.907305
1.10295
1.06183
0.858345
1.02813
0.980657
0.945228
1.13319
0.973199
0.786141
0.981583
0.830955
0.874726
1.16066
0.883107
0.912143
0.888999
0.841171
1.13556
0.899378
1.14656
1.00075
0.963115
1.07993
1.11476
1.08651
1.19457
0.913757
1.09312
1.07913
0.968398
1.06782
0.993609
0.870302
1.03012
1.12683
0.96303
0.874214
0.999909
0.869839
0.932955
0.970704
0.920256
0.951821
1.09075
0.925849
1.23049
0.903244
0.971056
0.914197
0.901928
0.881855
1.0615
1.08306
0.86399
1.00465
1.03832
0.90751
0.993992
0.974915
1.0227
1.03372
0.893382
1.12656
1.01573
0.90897
0.998403
0.819338
1.10399
1.22073
1.06422
1.09606
0.996409
0.945329
0.964499
1.13447
1.16331
0.883464
1.08472
1.04453
0.858195
0.941606
0.916987
0.982526
0.984019
1.14008
1.01965
0.933885
1.01384
0.898469
1.0922
0.985684
1.00833
0.897376
0.999189
0.921482
0.973162
0.833459
0.973577
0.975631
0.864955
1.16588
0.968208
0.957307
1.00036
1.01774
0.935475
1.21855
0.929114
1.05133
0.891331
1.10731
0.995073
0.982943
0.982138
0.958584
0.989381
1.23315
1.06925
0.996536
1.01886
1.18116
0.908212
1.03839
1.20872
0.938727
0.941007
0.987004
0.85628
1.17092
0.921241
0.933066
0.996577
1.12725
1.09747
1.10941
0.820819
1.06536
0.877122
1.06263
1.25368
0.821946
0.818974
0.929414
1.01424
0.901049
0.941013
0.904227
0.989451
0.926176
1.02214
1.02344
0.787743
1.03735
0.90573
0.96406
0.986481
1.05582
0.944854
0.917003
1.00154
0.909396
1.11449
0.9459
0.85265
1.06055
1.12993
0.947798
1.01749
1.06917
1.02804
1.12795
1.02972
0.881567
1.05042
0.962886
0.793911
1.1434
1.09002
1.08633
0.812165
0.994435
0.976581
0.94793
0.987473
0.9952
1.12997
1.00975
1.00123
1.07315
0.93662
1.04187
1.10521
1.10857
1.13883
1.15783
0.867535
1.06968
1.17411
1.06794
1.06188
1.18021
1.08636
0.972531
0.98933
1.03044
0.922403
1.06479
0.926171
1.04735
0.99626
0.961932
0.905598
0.89857
0.946721
1.17382
1.06201
1.14971
0.974362
1.07884
1.01226
0.907254
1.04733
1.17797
0.915265
0.996201
1.09036
1.00014
0.991106
0.859469
0.994646
0.979861
1.04249
0.998673
0.969312
0.957946
1.00166
0.936079
1.03569
0.803293
1.16023
1.04978
0.95961
1.06717
0.870288
1.03024
1.08883
1.30089
1.04236
1.06033
0.999727
1.04632
0.938926
1.11219
1.0637
0.856979
1.20178
0.750308
1.28889
0.909859
0.85131
0.992853
0.984626
0.870703
0.971987
1.0085
1.09153
0.869656
0.926002
0.992453
0.97761
1.03152
1.09971
1.00515
1.0532
0.90138
0.804675
1.19891
1.0713
0.854166
1.01118
1.09181
1.04306
0.981746
0.900797
1.07611
0.966209
1.17625
1.05406
1.05523
1.11715
0.996168
1.0092
0.959861
1.03818
0.952955
1.16814
1.03562
1.08047
0.920185
1.1181
1.14013
1.26669
0.920035
0.831012
0.917609
0.854343
1.15166
0.926987
1.16676
1.04702
1.02735
1.17164
0.961573
0.919521
1.12009
0.980916
1.11091
1.23457
1.06949
1.07942
0.842763
0.946384
0.840716
0.913072
0.964711
0.99318
1.10352
0.918131
0.943901
1.04326
0.917151
0.998561
0.911689
1.19204
0.962783
1.05874
1.06196
1.09002
1.04434
0.950366
0.963602
0.76084
0.865249
1.11084
0.999005
1.08861
0.914029
0.891945
0.961376
1.10869
1.01685
0.969812
1.15977
0.846114
1.28655
1.03336
0.977805
1.12929
1.07076
0.991645
1.05421
1.03304
0.931547
1.04813
0.961071
1.09892
0.949845
0.979923
1.01392
1.00093
0.973322
1.10999
0.84623
1.06688
0.94324
0.988307
0.908265
0.902217
0.952646
0.855225
0.891098
1.12598
0.886593
1.02507
1.13564
1.18639
1.07017
0.935385
1.04566
0.999404
1.04889
1.10919
1.07863
0.974249
0.961842
1.02102
1.10689
1.05366
1.03859
0.942011
1.01046
1.03402
0.984773
0.880683
0.8877
1.04294
0.944354
0.916647
0.951665
1.04026
0.891477
1.07782
1.04447
0.82392
1.01043
0.979809
0.905084
1.20477
0.764495
0.999724
0.986819
1.0208
0.830204
1.16007
1.07435
0.913921
0.914401
1.04225
0.972459
0.894585
1.00357
1.01905
0.991786
1.11048
0.976567
0.957262
1.06141
0.971107
0.960406
0.983605
1.04472
0.89143
1.06443
1.01683
1.16564
0.851392
0.885239
0.824963
0.79976
1.03505
0.825908
1.25219
0.997191
1.07764
0.856191
0.980363
1.01366
0.978032
0.795807
1.17393
0.955494
0.981217
1.11734
1.13112
0.915726
1.10442
1.05826
0.917068
1.09018
1.01817
0.920209
1.02757
1.19366
1.14023
1.09047
0.864531
0.986333
0.900195
0.944239
0.950843
1.24382
1.00083
1.22306
1.02098
1.15501
0.919103
1.02868
0.878572
0.835528
1.03726
0.871914
1.20854
0.797964
0.893598
1.04352
1.11759
1.02989
0.829914
0.874728
0.97705
1.04144
0.951601
1.01518
0.858071
0.849093
1.04459
1.09462
1.14004
1.03134
1.11756
1.08239
1.10007
0.865573
0.916406
0.907746
1.05406
1.01163
0.860343
1.06976
1.23136
1.07679
0.878434
1.00329
0.817533
1.01267
0.997233
0.863326
1.07038
1.08274
1.20736
0.858872
1.03354
0.933462
1.07143
0.891651
0.827011
1.16008
1.01475
0.894707
0.953404
1.00121
0.787238
1.11274
0.978366
0.948493
1.04895
1.15733
1.05331
0.995456
0.993295
0.971805
0.823384
0.838346
1.10056
0.895889
0.985772
1.00473
1.09528
1.12174
0.987605
0.977368
0.997414
0.912097
1.04112
0.948123
0.94321
0.954398
0.918172
1.04204
1.0582
0.834079
1.00504
1.05384
0.902963
1.00838
0.932421
0.916101
0.92529
0.927879
1.15271
0.927284
0.954553
1.01588
0.883108
0.969738
1.00407
0.898426
1.01939
1.1476
1.0348
1.05494
1.10269
0.848544
1.09937
1.06674
1.0349
1.11588
1.07398
0.868211
0.899561
0.90262
1.05532
0.913344
1.08188
0.924143
1.03814
1.00454
0.921589
0.949107
1.04983
0.738333
1.03059
0.928544
0.994939
1.20352
1.05229
0.916301
1.13087
1.05852
0.992028
1.07435
0.998418
1.07062
0.904894
1.00595
1.09481
0.965962
0.993834
1.03231
0.859225
0.954016
0.945293
0.863138
0.922894
0.994236
0.901201
0.90216
1.16918
0.974372
0.947156
1.24919
0.912777
0.908124
0.928672
1.04843
1.08
1.04994
0.926812
1.03941
1.10776
0.952311
0.904909
0.908878
0.962552
1.02171
0.903584
0.950059
0.891214
0.934917
0.93731
0.980465
1.03552
1.102
1.03198
0.985296
1.05329
1.09854
1.01639
0.96545
1.03518
0.885371
0.974001
1.19223
0.926215
0.885857
0.968634
1.02537
0.930119
0.8776
0.803769
1.08804
0.990191
1.08902
1.02562
1.05096
0.870057
0.969766
0.959237
0.845996
1.0488
1.09647
1.05466
0.907976
0.899588
0.963148
0.877694
0.879082
1.01942
0.993457
0.958293
1.03665
1.09802
1.15005
0.967294
1.05953
0.815061
1.11941
1.12459
0.951101
0.806043
0.969142
0.957894
1.10649
0.967277
0.96046
0.944816
0.817185
1.07408
1.06574
1.02197
0.961266
1.1563
1.15242
0.823577
1.02515
0.946393
1.03148
0.984486
1.06348
1.13974
0.986942
1.02883
1.00377
1.1694
1.03449
1.13613
0.780284
0.951196
1.16878
1.02054
0.930358
1.1188
0.809593
0.957455
0.980404
0.933625
1.139
0.992156
1.00054
0.941186
0.953997
0.877339
0.912848
1.00703
1.07847
1.05646
0.930292
1.19934
1.10423
1.07302
0.944102
0.972766
0.921854
1.02899
0.952681
1.08327
0.944744
0.89797
1.09086
0.937516
0.821247
0.913613
1.086
0.95695
1.0445
1.11047
1.04394
0.853171
0.959239
0.866839
1.0525
0.842635
1.09189
0.95472
1.04191
1.07988
1.2271
1.09828
0.978949
1.11685
0.920433
0.849722
0.958674
1.12019
1.00878
0.986489
0.943684
0.985808
1.03398
1.02354
0.935323
1.03448
0.887925
1.14755
0.899441
1.0168
1.04776
0.976089
1.06659
1.23977
1.18665
0.987926
1.06339
0.969073
0.870852
0.892626
0.964206
1.14785
0.944717
0.880443
0.990148
0.97423
1.17257
0.878005
1.0549
0.885312
0.897338
1.10408
1.12882
0.996524
0.925991
1.02392
0.999552
0.889334
0.889662
0.967193
0.981581
1.01541
0.913187
0.862404
0.95223
1.18401
1.03855
1.12806
0.949989
1.1097
0.904531
0.749063
1.07146
0.937224
0.955302
1.09509
1.09694
0.955926
0.889839
1.09036
1.0924
1.07655
0.990688
0.987336
0.862207
1.05682
0.919579
1.0316
0.880896
1.07715
1.07354
1.0636
1.0864
0.887655
1.09479
0.959028
0.840431
1.03166
1.05479
0.98641
0.83875
0.896549
1.00663
0.882534
1.00608
0.987007
0.963813
1.07139
0.917213
0.955273
0.974434
0.937109
1.00175
1.0855
0.939408
0.983953
0.942362
1.20014
1.04996
1.10703
0.92381
1.00849
1.06274
1.02473
1.01279
0.868327
1.11902
1.05883
0.913789
1.09071
0.877106
0.981299
1.21925
1.02325
0.881759
1.11261
1.05537
1.13125
1.14905
0.935668
1.04381
0.949819
0.962983
0.928068
1.01927
1.06603
1.01378
1.13083
0.813671
1.03205
0.848755
0.835159
1.05749
1.08877
1.04969
0.778998
1.01086
0.940237
1.08193
0.963589
0.870422
0.835638
1.15935
1.09888
0.870072
0.975481
0.934026
0.887559
0.995733
0.855353
0.960997
1.04658
0.95905
1.10607
1.0856
0.894482
0.958661
1.04688
1.06432
0.973374
0.920289
1.05045
0.902821
1.21962
1.07494
0.917386
0.920678
0.851633
1.0076
0.944441
0.938393
0.845154
1.08148
0.986947
0.929328
0.959693
0.832263
0.947009
1.25138
0.97392
1.01054
1.17489
1.01973
0.990015
0.868079
1.21273
0.983129
0.986666
1.18543
0.832698
1.00083
1.02731
0.862635
1.00355
1.12078
1.1
1.06866
0.744178
0.933271
1.27794
1.10712
0.922589
1.10578
1.00582
1.25034
1.01451
0.934612
1.07768
1.0344
1.00895
1.00994
0.901068
0.923981
1.09945
0.973209
1.01887
1.08797
0.905668
1.05775
0.986306
0.893327
0.928575
1.01948
1.24043
1.00907
0.85518
0.980897
1.00753
0.952921
1.20756
1.02566
0.99281
1.1021
0.909929
0.873462
1.17147
0.898438
0.862988
1.07095
1.05682
0.997659
0.8895
1.02345
1.11321
0.868627
1.07916
1.19075
0.965115
0.961306
0.947155
0.903006
0.888636
0.979109
0.880132
1.06659
0.833971
0.94354
1.1006
0.903625
1.07845
0.804494
0.981131
1.24151
0.962527
1.13977
1.18516
0.940678
1.00621
1.02108
0.985772
0.997157
0.920507
1.00811
1.13767
0.950188
1.08477
0.966791
0.98376
0.841667
1.0569
0.998432
1.07208
1.03547
0.925778
0.910916
0.950394
1.05694
0.980297
0.958907
0.759892
0.873165
0.993326
0.89195
1.0356
1.00134
1.04241
1.03914
1.12242
1.00123
1.04854
0.931468
1.07574
0.880957
1.04169
0.809296
0.878344
0.972345
0.885628
1.09561
0.955727
1.10832
0.959712
0.914097
0.922932
1.1975
1.14003
0.884485
0.926164
0.921924
0.953866
0.921084
0.948378
0.877005
0.961088
0.932381
0.824928
1.06547
0.989218
0.997233
1.06773
0.940949
0.926191
0.938371
1.02583
0.922164
0.836522
1.08519
0.988498
0.979316
0.963953
1.14828
0.88772
0.911552
1.05822
0.87338
0.908359
1.09045
0.842166
1.08658
0.909579
1.02403
0.995304
0.903844
0.957641
0.969716
0.857986
1.04285
0.9721
0.998595
1.24604
0.894965
1.05061
1.13385
0.961738
1.19856
0.991561
1.07848
1.23234
1.05614
1.0661
0.970482
1.02648
1.07011
0.868373
1.16239
0.873792
0.986468
0.934146
0.994273
0.894897
1.14153
0.991561
0.757349
1.14289
1.02563
0.946326
0.949238
1.01272
1.02829
0.858586
1.09823
0.986967
1.00136
1.10875
1.04305
0.872062
1.09099
1.05445
1.15087
1.04843
1.04008
1.12261
0.929165
1.17776
1.08172
0.960735
0.981848
0.766164
0.891125
0.957334
0.974939
0.859457
0.952745
0.800244
1.10784
0.817313
0.838391
1.17413
1.17952
0.977121
0.904948
1.00836
0.93124
0.927371
0.924574
1.04244
1.09759
0.961157
1.02104
0.927779
0.821524
1.0862
0.897764
0.748921
1.1013
1.03424
0.883427
0.838214
1.10422
0.892613
0.901067
0.89323
0.858934
0.953606
0.86235
1.12307
0.986937
0.936814
0.843288
1.12351
0.905834
1.19819
0.860806
0.952684
1.06465
0.934511
0.81992
0.846363
1.07991
1.05557
1.15693
1.03802
0.997571
0.998671
1.00214
0.874386
1.00381
0.925341
1.02277
0.950877
1.05918
0.997965
1.00308
1.11898
1.06279
0.89851
1.02148
0.97183
1.04327
1.01508
0.730163
0.956148
0.99204
0.974601
0.837887
1.07412
1.14936
1.04008
0.950279
1.07776
0.800287
0.967889
0.920316
0.957446
0.998194
0.879592
1.21835
1.0873
1.04403
1.00412
1.03122
0.951879
1.00688
0.965446
1.07361
0.955824
1.0434
1.01296
1.11106
1.02594
1.00852
0.793692
0.972667
0.983784
1.10298
0.89794
1.00627
0.865171
1.01332
0.949304
1.09907
0.95925
1.01112
1.17198
0.93655
1.04482
0.868428
1.06492
0.967917
0.992676
0.836606
1.01377
0.889694
0.973594
1.18617
0.951729
1.04547
0.94773
1.0856
1.03611
1.06118
1.06413
1.1416
1.12702
1.12278
1.00644
1.12519
1.09441
0.858304
0.994544
1.22608
1.02879
0.952268
1.05436
0.878458
1.107
0.983315
1.01783
0.983983
0.905803
0.93581
1.03418
1.00406
1.13569
0.998701
0.923597
0.877455
1.08488
1.122
1.05472
1.00933
1.08627
1.03908
0.884005
0.92441
1.01318
1.1441
0.916636
0.733623
0.972791
1.09173
1.04672
0.908604
0.863125
0.888841
0.993475
1.18561
1.03897
1.02773
0.944512
0.946487
0.925633
1.05326
1.02481
1.07941
1.0702
1.0013
0.954212
0.942359
0.913506
1.01289
0.954634
0.960809
0.788812
1.36886
1.11753
1.09997
0.818709
1.1754
0.99724
0.917263
0.969225
1.06294
1.18241
0.90689
0.946376
0.893748
1.22481
1.16551
1.19231
0.872459
1.1174
0.967594
0.939238
1.00677
1.00597
1.0521
1.15496
0.964163
0.995712
0.898064
0.948468
0.880636
1.00276
1.15467
0.864656
1.01055
0.961301
0.737963
1.07734
1.18
1.09999
0.90765
0.951376
0.965198
1.07094
0.845528
1.05825
1.00013
0.87203
0.912828
1.02868
0.987963
1.06367
1.06344
0.954476
1.13294
0.98595
1.08767
1.01685
0.841428
1.13198
1.09093
0.919495
1.1372
0.934446
0.98038
1.04556
0.837844
1.27104
1.06498
1.13399
0.855132
0.986323
1.029
1.04848
0.845377
1.10701
0.880321
1.11141
1.19056
1.06306
1.28883
0.847315
1.09767
1.0516
0.856121
0.971805
1.08019
0.986309
1.10126
1.01133
1.2107
0.879227
0.96661
0.887385
1.15919
1.05905
1.06427
1.00973
1.04546
0.945909
0.985448
0.886631
0.909326
1.05745
1.03737
0.821127
1.04743
1.17478
0.855781
1.21087
0.912467
1.04997
1.15449
1.00103
0.995717
0.962488
1.33042
1.05294
1.10097
0.980118
1.05992
1.04261
0.849712
1.00312
1.11693
0.879435
1.06751
0.989723
1.04946
1.07204
0.961907
0.866873
0.885099
0.814247
0.952653
0.869266
1.15621
1.14585
1.15648
1.18702
0.966265
1.12212
1.02422
0.874469
1.11794
0.985519
1.07609
0.953499
1.11874
0.962872
0.962025
0.942466
0.870038
1.06354
1.0586
1.07976
0.82232
0.928704
1.01164
1.18151
0.951308
0.932609
1.09554
1.09522
0.930899
1.0267
1.03574
0.992157
1.04161
1.03034
0.983519
0.924738
1.13024
1.0739
0.954218
1.05812
1.05909
0.970975
0.99922
1.0316
1.07428
0.963179
1.06177
1.02524
0.841627
0.994211
1.05203
0.991004
1.02439
1.01911
0.976125
1.00365
1.13479
1.00547
1.17979
1.19911
0.959298
0.902556
0.969287
0.909333
1.11684
1.18033
0.965789
1.01534
0.948066
0.983882
1.08388
1.09036
1.08787
0.96844
1.09105
0.968757
0.927078
1.0948
1.04403
0.976293
0.873087
0.98304
1.01366
1.01663
0.963796
1.0321
0.973668
1.01843
1.05885
1.11848
0.911654
1.06782
0.86124
1.04299
1.09799
1.08844
0.980878
0.985642
1.05125
0.930889
1.06663
0.933921
0.889845
0.783701
0.982496
0.987172
1.04255
0.911094
1.0556
1.07854
1.0715
0.98128
1.14822
1.01366
0.90894
1.11572
0.904416
1.02573
1.15241
1.11378
0.977708
0.943048
1.03126
0.912074
1.01409
0.892396
0.984053
1.05873
1.093
1.10808
1.07689
1.00971
0.953499
1.00169
0.998356
0.948265
1.0098
1.01763
0.971084
1.05697
0.931463
1.06954
1.02237
1.04424
1.12694
1.03042
1.25204
0.898705
1.1269
1.06242
1.01305
1.08733
0.997727
1.11355
0.860001
0.9669
0.96499
0.862069
1.02983
0.821084
0.960446
1.11296
1.09752
0.980726
0.973222
1.1461
1.09805
0.910503
0.796443
1.10195
1.36338
0.868416
0.859883
1.09859
1.02
0.985546
0.879654
0.930091
1.09261
0.818021
1.09064
1.06389
0.813418
0.958017
0.961893
0.901038
1.16457
1.0269
0.864423
1.03379
0.965566
1.10905
1.01996
1.04377
1.10679
0.889993
0.899163
0.988301
0.994322
0.903782
1.0081
1.2739
1.08665
0.922488
0.958223
0.91186
0.935574
0.990661
0.945897
1.14452
0.925417
1.03321
0.976102
0.911884
0.951148
0.985945
1.15192
0.928291
0.985131
1.04889
0.853212
0.82426
1.01563
1.14339
0.896217
1.17605
1.01088
0.810762
0.849243
0.942213
0.888463
0.982566
0.988179
0.874444
0.936125
0.921428
1.02369
1.03376
1.25723
1.23956
1.06892
0.956912
0.91411
1.14983
0.81925
0.94646
1.10636
0.993147
1.0656
1.03069
1.19833
0.898352
1.02475
1.11198
0.973495
1.05051
1.11589
0.982935
1.06403
1.0254
0.965789
1.07965
1.00221
0.973798
1.02283
1.12954
0.914792
0.959239
0.972214
1.01263
0.964289
1.02535
1.16731
0.872829
1.08499
1.14077
1.08014
0.978331
0.995558
1.01818
1.1452
0.894003
0.932942
0.902948
1.00155
1.10465
1.03888
1.01667
1.03091
1.06561
0.916116
0.968797
1.08151
0.915665
1.14031
0.939119
0.896989
0.889616
0.906182
1.03565
1.05234
1.1671
1.11734
1.06603
1.09738
0.938748
0.858764
1.17355
0.927025
1.04718
0.827603
1.00159
0.854847
1.10804
0.958415
0.918304
1.01535
1.13594
0.937902
1.02772
0.92656
1.09003
0.97075
0.960855
1.00021
1.11808
0.969052
0.877748
1.06913
0.992459
1.00486
0.904443
0.968297
1.03279
1.18753
0.807356
0.883193
1.04918
0.898552
1.00365
0.973794
0.952542
0.928388
0.942003
0.818736
1.06424
1.07936
0.99295
1.04985
1.1319
0.952528
1.16643
0.931388
1.03715
0.882193
0.782331
1.05931
1.04602
1.06191
0.866404
0.930449
1.01378
1.14942
0.994101
0.867428
0.977852
0.977991
1.02096
0.893002
1.10262
0.970965
1.11036
0.919097
1.01558
0.983493
0.926571
1.02472
1.03053
1.01057
0.991757
0.930994
0.996059
1.0623
0.978602
1.17367
0.945122
1.06762
1.21377
1.07326
0.964996
1.28273
0.997321
1.17867
1.10467
0.972157
0.885542
0.872805
0.912106
0.877464
0.914973
1.09392
0.967574
1.02932
1.05051
1.00437
1.14492
1.1182
1.11682
0.89612
1.14358
0.943445
1.02412
1.1021
0.956617
1.17757
0.821602
0.989298
0.89643
1.01
0.892577
0.992492
1.11315
0.954609
0.953978
0.883825
0.86362
0.938052
0.951165
0.933009
0.904376
0.768179
0.933452
1.00325
1.02373
1.02996
0.949851
1.02891
0.970658
0.991383
1.09201
1.07533
1.02212
1.06345
0.968595
1.06914
0.96871
0.94513
1.08653
1.03834
1.14777
0.924804
1.04234
1.00189
0.990735
1.02374
0.955108
0.999097
1.21602
1.14482
0.827803
1.05173
1.01175
0.925451
0.789946
1.29437
1.00195
1.18494
0.917129
0.961502
1.04244
1.05226
1.03915
1.08595
0.8637
0.9978
1.00788
1.03297
0.836002
0.842337
0.980486
0.868233
0.894807
0.990578
1.06356
0.986186
0.963881
0.990931
1.10505
1.08114
1.15521
0.915675
1.31138
0.863683
0.890046
1.07767
0.962221
0.883956
1.06411
0.937871
0.919011
1.01043
1.311
1.06229
0.875812
1.16532
1.04668
1.06671
1.3084
0.939065
0.87451
1.10784
0.9259
0.911459
0.911638
1.25383
0.904708
0.944656
1.06788
0.965548
0.974728
1.06544
0.993662
0.950508
1.12597
0.899947
0.967287
0.976837
0.88004
1.01766
0.994674
0.990979
1.01083
1.14856
1.12163
0.899029
0.899308
1.09835
0.971246
0.931643
0.942946
1.0666
1.00761
1.09949
1.01039
1.00796
0.944947
0.927299
0.8294
1.07659
0.951532
1.02612
0.934439
0.872122
0.888989
0.979162
1.00525
0.937674
0.754294
0.968842
1.17524
1.09333
0.971418
0.994615
0.933263
0.950318
1.13482
0.97339
1.01036
0.907346
1.02376
1.15574
1.00337
1.16173
1.01146
0.918136
0.884625
1.02264
0.918578
0.969928
1.08203
0.929007
1.05901
1.11007
0.967223
1.028
0.960884
1.00415
0.992869
1.0105
0.822026
1.06151
1.15468
0.929692
1.02282
0.885051
1.04317
1.05379
1.13086
1.10568
1.08971
0.909504
0.994771
1.10764
1.08843
0.92865
0.989409
1.08312
1.08391
1.03546
0.944386
0.945474
0.870675
1.17105
1.1672
0.927144
1.1131
0.990104
0.899329
1.10949
1.15129
1.16125
0.852398
1.00254
0.936042
1.05103
0.818451
0.870022
1.06445
1.02029
1.09418
0.897085
0.852826
0.996566
0.962644
0.817079
0.986259
0.929855
1.11373
0.848058
0.87752
0.885512
1.13697
1.04821
1.02734
1.13596
1.05241
1.02511
0.926111
1.01556
1.01814
1.06144
1.16943
1.1625
1.16589
1.18689
0.876304
1.04171
1.00275
1.1079
0.892581
0.870129
0.911274
1.00646
1.0144
1.07612
1.02709
1.00249
1.22255
0.933439
0.947754
0.964892
1.14292
0.949809
1.02224
1.03211
0.949307
1.07935
0.979134
1.1051
1.03038
1.07748
1.06433
1.24513
1.0343
0.86894
1.11788
0.936265
1.04127
0.957401
1.04078
1.0032
1.18514
1.0288
1.02234
0.972075
1.02733
1.16446
0.9424
1.01197
0.928152
1.02978
0.973444
0.914
1.02366
1.13865
0.954863
0.989995
1.07785
0.98741
0.875404
1.0085
1.19225
1.12924
1.03141
1.04663
1.02407
0.984896
1.1611
1.04489
1.02605
0.946983
0.973971
0.918651
1.14132
0.868561
1.15823
1.10678
1.09241
0.890475
1.15722
0.955376
0.899887
0.966418
1.00127
0.951164
0.981459
1.04161
0.659414
0.925867
0.953116
0.993959
1.10362
0.851144
1.10044
1.2067
0.982022
1.05741
1.0493
0.892908
1.02557
0.906569
0.86374
1.04202
0.95515
0.998639
0.924759
1.00536
0.863301
0.948388
0.886697
1.04562
0.859738
0.777392
0.995316
0.870409
0.997654
0.97597
0.963023
1.01133
0.949031
0.955916
1.01208
0.930185
0.970603
1.04691
1.02487
1.02391
1.0552
0.940972
1.12676
1.07056
0.960382
0.915735
0.885548
0.971929
1.02531
0.817886
0.920548
0.954941
1.21032
1.13971
0.871946
1.12693
1.16102
1.0609
1.1505
1.00289
1.15434
0.923659
1.03895
1.0476
1.05925
0.940408
0.996663
0.92846
0.986931
1.05383
0.930781
1.03552
1.20469
1.03103
1.01884
0.939835
1.0541
0.885432
1.0524
0.967458
0.929022
1.09102
1.00331
1.17318
0.989098
0.887414
1.18814
0.926647
1.06418
1.08091
1.02379
1.09182
1.10473
1.04727
0.937228
0.927995
0.970273
1.01762
0.861403
0.924769
0.738964
0.995782
0.977358
0.966325
0.909978
1.01525
0.919791
0.80345
1.14144
0.873678
1.1521
0.948197
0.929272
0.95228
0.925949
1.10298
1.09078
1.00795
1.13588
1.05646
0.88675
0.949542
0.80324
0.912864
0.963854
1.22453
0.873232
0.994505
0.883686
0.99211
0.887994
1.06563
0.919669
1.00882
1.11982
0.824258
0.918831
1.12752
1.14011
0.964326
1.04191
0.826257
1.01048
1.07506
1.14507
1.11573
0.898527
1.02393
0.980738
1.01053
0.893723
1.15612
1.15857
1.14597
0.898629
0.844121
1.04491
0.931956
1.06937
1.23916
0.9315
1.14389
1.13792
1.09931
0.997268
0.939157
1.16887
1.02484
1.00165
0.908202
1.08362
0.916648
0.942575
0.786285
1.0871
0.948424
1.1142
0.944902
1.0224
0.919912
0.838826
1.05583
0.902296
0.871627
1.07101
1.06576
0.963944
1.00639
1.27551
1.00856
0.980273
0.903958
0.987848
1.03212
0.924869
1.0391
1.00754
0.989296
0.93647
0.930931
0.903831
1.1036
0.969353
1.14131
1.10303
0.895811
1.08334
1.06297
1.21306
1.098
1.02389
0.862411
0.913774
1.12129
1.00179
0.914156
0.86165
0.906942
0.904832
0.993858
0.856063
0.812407
0.919872
1.0661
0.991418
0.919875
1.09049
0.891306
0.979852
0.936298
1.06297
0.880032
1.00527
1.17955
1.10589
0.980244
0.927738
1.37073
0.863918
1.04963
1.22063
1.18036
0.943262
0.961225
0.959148
0.912466
1.11291
0.949196
1.02617
1.06074
0.924295
0.947253
1.01895
0.859005
1.07837
1.04124
0.975561
1.0724
1.21652
1.03768
0.983033
1.0973
0.998076
0.928958
1.06522
1.17044
1.05749
1.01936
0.988867
0.864998
1.11975
0.788868
0.884159
0.826251
0.870508
0.953805
1.01108
0.742674
1.0291
0.888977
1.03929
1.02252
1.08722
0.915313
0.986475
1.04568
1.08936
1.09177
0.947212
1.07069
0.988076
1.00992
0.902495
1.10936
0.903643
0.956326
0.942625
1.06818
0.959536
0.856575
0.903325
1.08584
0.90711
1.05477
0.940507
0.900913
0.970808
0.975692
0.995557
1.19153
0.978115
0.886011
1.10893
1.21907
0.989091
0.891745
0.934882
0.969617
1.09668
0.987739
1.05598
1.16067
0.888807
0.866252
0.86968
0.897476
1.01931
0.982875
0.893846
0.954937
0.946727
1.09568
0.860963
0.951781
0.952543
0.943708
0.94869
0.934428
1.10762
0.806158
0.966721
0.994818
0.849938
0.92802
0.876659
0.881701
1.03735
1.23253
1.11603
1.04742
1.00458
1.13378
0.901789
1.11185
1.05137
0.990436
1.11975
0.956529
0.938006
0.885146
0.945714
1.14375
0.935907
1.03592
1.05727
0.984169
1.18159
0.995029
0.988743
0.853226
0.954718
1.05717
1.07408
0.881179
1.13917
1.07621
0.964888
0.840059
1.09029
0.976037
0.962718
0.94018
0.824817
1.09159
1.04236
0.814819
0.985686
0.932238
0.78595
1.28758
1.08356
1.062
1.06098
0.921864
0.999599
1.00873
0.921192
0.836087
1.12043
1.03998
0.961116
0.992736
0.918064
1.08325
1.03989
0.999183
0.958721
0.984365
0.910971
0.921941
1.17682
1.143
0.960572
0.946513
1.08827
0.91057
0.899592
0.972236
1.07283
0.856413
1.00893
0.937563
0.767276
1.00583
0.932759
1.00523
1.01498
0.829273
1.05032
0.893409
0.964614
1.03865
0.958344
0.963327
1.05559
0.981345
0.927266
1.04405
1.0924
0.998564
0.964961
1.03647
1.06076
1.08003
1.08039
1.10051
1.03036
0.853563
1.05765
0.897903
0.985074
1.01405
1.0824
0.903907
1.09418
0.846329
1.03134
1.08801
1.0609
0.948096
0.900652
0.978801
0.980275
1.26179
1.03697
0.813798
0.832142
0.932171
0.837819
0.972518
0.933429
0.97547
1.09451
1.04769
0.798766
1.01338
0.882653
1.0112
0.937684
0.922798
1.1364
1.01954
0.888706
0.915383
0.894215
0.944623
1.05005
1.05192
0.853598
1.01376
1.01182
0.996595
1.04773
0.938239
0.912492
1.07665
1.04679
0.996845
1.05202
0.881572
0.872039
1.15074
1.04142
1.05047
1.0613
1.00724
0.870044
0.81902
0.919122
0.958721
1.0282
0.901425
1.09552
1.27361
1.10439
1.04196
1.19163
0.910118
0.938064
0.929058
0.988805
1.08463
0.971674
1.17317
0.953701
0.889733
1.18723
1.10307
1.22575
1.13197
0.965473
1.02504
1.03147
1.12102
1.01963
1.08172
0.904858
1.11382
0.989952
1.15367
0.998212
1.01423
1.09405
0.903949
0.890641
0.807666
1.0161
0.853638
0.990484
1.07846
0.917058
1.14939
0.999293
1.02529
1.06734
0.985131
0.923735
0.933291
1.05848
1.01937
1.04635
0.980879
1.06182
0.994624
1.02749
0.959275
1.03279
1.14332
1.00808
0.987063
0.9145
1.02089
1.03209
1.12311
0.966004
0.977203
0.948744
1.02446
1.25961
0.978048
0.894389
1.05316
1.10447
1.05265
0.686117
1.01482
1.04654
1.14041
1.10694
0.969553
1.14749
1.13704
0.926297
1.03863
0.952362
0.93709
0.929886
1.1867
0.864973
1.04513
0.93124
1.09085
1.05654
0.940494
1.01789
0.970865
1.01312
1.05788
0.871271
0.838927
0.933182
1.01575
1.09819
1.06673
0.956836
1.1524
1.0384
0.951297
0.933428
0.872855
0.896586
0.885317
0.898119
0.867339
0.75003
0.877912
1.1699
0.901058
0.836245
0.948221
0.9171
1.08769
1.01105
0.997738
0.928312
0.905394
1.13464
1.08706
0.951869
1.04938
1.23838
1.10675
0.964063
0.998897
0.692595
1.01349
0.918368
0.788628
0.987601
1.10992
0.962486
0.980647
0.975772
1.11615
0.925279
1.02076
0.920132
1.19358
1.12958
0.978242
0.96634
0.930063
0.796326
1.04538
0.888646
1.04634
1.00932
0.831473
0.99559
1.00091
0.900156
0.994238
0.863206
1.13967
0.957748
1.15436
1.00881
1.10632
1.04187
1.01232
1.00602
0.880397
0.915598
0.994928
1.02532
1.05285
0.874084
0.882457
0.969323
1.08213
1.10123
0.82945
0.897852
1.18839
1.04404
0.989307
1.22574
1.10893
0.854629
0.988431
1.01904
0.78371
0.969577
1.08439
0.983048
0.831887
0.922408
0.910053
0.89687
1.00985
0.926728
0.974289
0.964008
1.07161
0.850889
0.972292
1.01579
1.0713
1.09431
0.910083
1.02755
0.90458
1.15116
1.1808
0.847406
1.00858
0.905082
1.07413
1.09969
0.991924
0.985641
1.10622
1.02305
1.14047
0.945658
0.952051
0.908748
1.18323
1.12999
1.0347
0.855497
1.14713
0.93865
1.0339
0.926948
0.910936
0.852912
0.972428
0.979149
1.06185
1.01579
0.803674
1.05677
1.12013
1.00608
1.01781
0.965214
0.852283
1.00625
0.972553
0.979
0.941063
0.946083
1.19573
1.00092
1.03575
0.856525
1.03813
1.03406
0.957338
0.986408
1.01559
1.00262
1.08359
1.0126
0.954909
1.12955
1.06274
1.11545
0.895456
1.06344
0.948392
0.878685
1.04191
0.906918
0.984029
1.06143
1.08066
1.00581
1.10984
1.04444
0.940341
0.934115
1.1358
1.11462
0.938999
1.02151
0.906823
1.0698
0.984295
1.06394
1.00034
0.876284
0.929615
0.859537
0.850556
1.2647
0.717535
1.01545
0.926588
1.00368
0.901199
1.13304
1.12805
1.03745
1.09275
1.078
1.07621
1.05296
1.05505
0.951389
1.17593
1.0237
1.03357
0.769254
0.908907
1.22453
1.02342
0.831129
1.11748
1.10295
0.89181
1.09554
1.04337
1.10248
0.796265
0.962965
1.01777
1.05892
1.00821
1.05329
1.02257
0.963147
0.981149
0.890968
0.875481
0.902079
1.02877
1.08764
1.02528
0.808066
1.02856
1.04618
0.933626
0.893302
1.11137
0.97793
1.00345
0.997122
0.841496
0.972277
0.837743
1.03075
0.820645
0.944837
0.965955
1.14122
0.901833
0.995065
1.09492
0.937952
1.021
1.01237
0.978587
1.05249
1.00247
1.06578
0.862042
0.757185
1.09783
1.18483
0.9727
0.950886
1.06911
1.15402
0.981438
1.05489
0.962684
1.11998
1.1347
0.988887
1.09097
0.943423
0.997227
0.993115
1.1353
0.824496
0.897148
0.891456
1.05019
1.12712
1.09809
1.07633
0.890841
0.98109
0.818668
0.990654
0.849703
1.004
1.07179
0.976577
0.970532
1.00995
0.976066
1.17178
1.1046
1.0713
0.82399
1.04793
1.1752
0.923079
1.02183
1.10493
1.07556
0.981608
1.15156
1.13212
1.09796
0.910524
0.97682
0.960675
0.931169
1.22077
0.786995
1.24214
1.18191
1.22947
0.99217
0.913122
0.81516
0.755923
1.05366
0.987007
0.966358
0.9207
0.949089
0.982724
0.796123
1.08512
1.14495
1.03002
1.04114
1.06897
0.868054
1.0253
0.948625
0.950372
0.964831
1.1906
0.900851
0.859235
1.1632
1.00905
1.09534
1.07868
0.958754
1.13952
0.943605
0.868783
0.989448
0.93612
1.10912
1.14413
0.943533
0.766695
0.919651
0.973798
1.05245
1.05081
0.944063
1.04625
1.07634
0.981122
1.07199
1.04442
1.03785
1.04146
0.912395
0.997019
1.11458
1.15958
1.14228
1.11934
0.823883
1.06578
0.944381
1.00209
0.800422
0.735791
1.02178
0.957313
1.116
1.01688
1.12453
0.878939
1.01548
1.02461
1.02331
0.874819
1.04447
0.792452
0.866236
0.708926
1.05901
0.936216
0.907358
1.08368
1.20613
1.0939
1.04297
1.09936
1.03024
0.774999
0.887477
0.958208
1.18688
1.038
0.978304
1.15646
1.03096
1.00589
0.936315
0.977604
0.997113
0.976982
0.954162
1.12093
0.79833
0.800048
0.973659
1.03684
0.792697
0.950957
1.02507
1.08409
1.04842
0.963717
1.10362
0.991071
0.955017
1.17576
0.965938
1.05019
1.16807
1.13302
1.04887
0.95909
0.908621
1.19066
1.15311
1.01589
1.09446
0.979744
1.08494
1.15097
0.920003
1.07335
1.05244
0.849889
1.22152
1.10198
0.86016
0.933593
1.03637
0.744033
1.07845
0.948191
1.14555
1.09749
0.808309
1.06669
1.13108
0.916611
0.817806
0.891554
1.0193
0.868863
0.926748
0.943167
1.02759
1.06436
1.03968
1.07801
0.808699
0.894686
0.784044
1.0076
1.04618
0.900395
1.0197
1.02828
0.989505
1.0391
0.863063
1.00298
1.06052
0.925389
1.057
1.10157
0.941946
0.949753
1.03888
1.26596
0.944077
0.886726
0.827918
0.887906
1.04636
1.06338
0.842385
0.966697
1.03669
0.921414
0.950346
0.941225
1.1455
0.907817
1.05782
0.901717
0.875441
1.18192
1.09155
0.872141
0.953055
1.00944
0.845089
0.921317
0.881704
1.03315
0.974244
0.991089
0.963415
0.898637
0.813492
0.776054
0.861277
0.927414
1.05421
1.13303
1.01854
0.882257
1.04228
0.925159
1.09999
1.02866
0.91815
1.03232
1.03075
1.10709
1.0688
1.0694
0.901528
1.02045
0.959068
0.908065
1.1864
1.09194
0.946329
1.02846
0.932424
0.987926
0.83386
1.02513
1.06892
0.965474
1.10202
0.864806
1.0483
1.04463
0.954703
0.739598
1.09745
1.08728
0.979016
1.03026
1.20945
0.9819
0.989549
1.01163
0.865723
1.03022
1.05523
0.990501
1.04529
1.18861
0.91964
0.962664
1.28573
0.980205
0.913516
0.766002
0.852498
1.06783
1.22854
1.14252
1.13012
0.896953
1.04595
1.12823
1.15299
1.08891
0.89569
1.10677
1.04678
0.993765
1.05577
0.868818
0.940762
0.955352
0.905929
0.885581
0.992011
1.05328
0.876274
0.872752
1.18847
1.0308
0.874363
0.898536
1.11967
0.90715
0.929658
1.06071
0.873796
0.967635
0.999182
1.08079
0.989184
1.03603
0.947931
0.907554
0.933728
0.986702
0.924417
1.01019
0.886598
0.749081
0.962992
1.07095
1.0673
1.04586
1.0177
0.887875
0.812764
0.965999
1.11822
0.953424
0.897474
1.08267
1.16521
1.03848
1.00093
0.936504
1.11926
0.903139
0.9273
0.891317
1.07858
0.776929
1.13355
0.982203
0.935841
1.14692
0.873396
1.07314
0.990853
0.997513
1.09162
0.975866
1.24049
1.04815
0.936329
0.910945
0.904448
1.02188
0.998027
0.964412
1.05273
0.853619
1.06552
0.948969
1.11512
0.939771
1.08514
1.15725
0.994494
0.862806
1.17259
1.23092
1.08074
1.0676
0.941706
1.02389
1.06896
1.05796
1.06511
0.820095
0.909948
0.971585
0.812091
1.04954
1.03747
0.839832
0.904991
1.13592
0.847789
1.03702
0.901339
0.995592
1.0549
1.10961
0.944998
0.903208
1.23414
0.916138
0.993404
1.09699
1.10214
1.11284
1.05491
1.0036
1.06794
0.994441
0.900058
1.06504
1.01724
0.849447
1.05536
0.93724
0.952324
0.923157
1.32476
0.834
1.02997
0.983582
1.1614
1.06746
1.06281
0.929691
1.04864
0.803738
0.861003
0.99977
1.07646
0.945903
1.07667
0.990715
1.0475
1.03814
1.00825
0.933699
0.952912
0.863063
0.869726
0.982304
1.15175
0.987156
0.999951
0.943402
0.870132
0.915348
0.964941
1.07234
0.941576
1.03027
0.999847
0.935375
1.1853
0.954704
0.964135
0.772394
0.886104
0.954827
0.997124
1.10483
0.878485
0.990699
0.940256
1.04833
1.06393
0.92343
0.861291
0.884331
1.01555
1.06044
0.948861
1.04919
0.82398
1.052
0.963236
1.04353
0.832873
0.884061
1.11399
1.10798
0.905199
0.843726
1.15434
0.985754
0.911277
0.937043
1.14463
0.908096
0.915479
1.00251
1.06022
1.04683
0.906462
1.02595
0.807188
0.923966
1.25972
1.02813
1.17011
0.907791
0.999962
0.993072
1.04573
0.995634
1.23197
1.06524
0.981361
1.00557
1.01549
0.801289
0.899548
0.914443
0.832022
1.09061
1.00885
1.09563
1.05526
0.90625
1.00222
0.963538
1.1358
0.922303
1.28545
0.936055
1.08727
0.920835
0.877161
1.03543
0.94884
1.02098
0.999922
0.899968
0.894563
1.10519
0.808669
1.10449
0.875875
1.01479
1.00486
1.00347
0.995567
0.974598
0.934589
1.00616
0.981965
1.08601
0.944917
0.952811
0.950884
1.04273
0.962171
0.997623
1.1594
0.790045
0.982698
0.902666
1.019
0.870435
1.19432
1.12044
0.954866
1.07119
0.871555
0.945208
0.998026
0.934287
0.990397
0.961299
1.05516
1.31408
0.918876
1.10311
1.08047
1.04142
0.965916
1.05581
0.974528
0.974292
0.907629
1.24704
1.06314
1.04905
0.793406
0.931729
1.13246
0.932879
0.940521
0.916653
1.12217
0.900941
0.957287
1.19955
1.03176
1.03315
1.08754
0.895417
1.13418
1.12645
1.09944
0.948084
0.81983
0.9796
1.08909
0.980783
0.990832
1.056
0.960895
0.988499
0.981071
0.944104
0.797288
1.04379
0.881573
0.812858
0.976941
1.05726
1.02316
0.857226
0.995821
1.01319
1.03097
1.11145
0.875768
1.00885
0.903317
1.03949
1.18018
1.02169
1.0737
1.05409
0.907669
0.896228
1.09879
1.01621
1.10325
0.917353
1.04668
0.884419
1.04893
0.942162
1.0367
1.03157
0.959273
0.927914
1.10763
0.960208
1.12522
0.966289
0.942692
1.03819
0.98121
1.12858
1.05881
0.884606
0.995546
0.959198
1.03069
0.905023
1.13445
1.0436
0.957907
0.953678
1.09751
1.01544
0.908259
0.984331
1.10559
0.859551
0.864436
0.839283
1.14374
1.16217
1.06823
0.953914
0.97121
0.871688
0.915672
1.10437
1.05781
0.995974
1.17465
1.10054
0.870194
1.08115
0.914908
0.873644
0.82572
1.10325
0.962042
0.974948
0.996844
0.8913
0.939293
0.919807
0.902937
0.863071
0.946601
0.89097
0.866304
0.993515
0.949136
1.17022
0.962665
0.918878
0.988172
0.927794
0.903311
1.14007
1.04248
0.948524
1.00624
1.03519
1.11559
1.06811
0.96407
0.794249
0.787881
1.0658
1.00592
0.934649
0.828181
0.966927
1.01181
0.936615
1.00274
0.994784
0.895158
0.976419
1.1383
0.899866
0.876915
0.93832
1.00523
1.0101
0.919178
1.1478
0.913422
0.993299
0.944478
0.879098
0.989033
1.07621
0.88781
1.05015
1.15886
0.981506
1.05926
1.03892
1.08292
0.971713
0.980259
0.840015
0.881734
0.95044
0.83618
1.11941
1.10631
0.932623
1.09257
0.902743
0.910078
1.06671
0.862729
1.07968
0.973649
0.996448
1.08453
1.13698
1.32742
1.08578
1.03276
1.0781
0.958561
0.898867
1.11154
1.02506
0.930581
1.09023
0.902975
0.95669
1.00322
0.881395
0.867539
1.01662
1.09843
1.04016
1.17592
1.07623
0.879736
1.07063
1.07376
0.975401
0.947769
1.05705
0.826409
1.11893
0.992897
1.04441
1.04404
0.865744
0.906699
1.04352
0.933518
1.04103
0.956671
1.01003
0.857064
0.872864
1.06523
1.26575
1.075
0.949073
1.10579
0.921693
1.0473
1.17143
0.920683
0.999
1.05835
0.967176
0.872496
0.933777
1.07591
1.00986
1.01152
1.0082
1.14137
1.02519
0.955194
1.10957
0.883889
0.92392
1.03507
0.907104
0.963423
0.892714
0.835884
1.09984
1.13859
1.01713
1.08422
1.14283
0.925898
1.08853
1.07376
1.08439
0.922374
0.973944
0.971867
0.988302
0.960212
1.03361
1.10252
0.920602
1.09019
1.08167
0.96744
0.871463
0.929872
1.12624
0.977428
0.966449
1.02758
0.860665
1.00385
1.00859
0.913351
0.976941
1.04211
1.08022
1.15317
1.06331
1.0056
1.08478
0.990867
0.88169
1.09169
1.14883
0.955511
1.02909
1.30078
1.05097
0.936856
1.07133
0.946528
1.02709
1.04401
0.901202
1.0449
0.960982
0.996044
0.969956
1.06076
1.01261
0.912821
1.04587
0.920913
0.987637
1.06724
0.891809
1.07779
1.04759
0.94423
0.900933
1.18925
0.74682
0.877915
0.96943
0.874364
1.03901
1.02211
1.01389
1.06969
0.939536
0.917058
0.967598
1.04615
1.00697
0.887714
1.04512
0.879746
0.811553
0.922618
1.19675
1.0418
0.962716
1.01239
0.919275
1.06073
1.15929
0.960287
0.900206
1.03232
0.936545
1.29803
1.04172
1.01698
0.848792
1.03685
0.84665
1.00702
1.09164
0.919214
0.90855
1.04301
0.876424
1.17784
0.980422
0.861751
0.924644
0.794661
1.0803
0.860278
0.87682
0.996581
0.976247
0.895847
0.892204
0.92052
0.990473
0.998952
1.22627
1.31274
1.11246
1.20397
1.02487
0.966382
1.00567
1.02221
1.07601
1.20126
0.94697
0.95183
1.17633
1.19965
1.05462
0.842854
0.988526
0.997204
0.964389
0.935527
0.947197
1.15163
0.970924
0.834568
1.05903
1.06783
1.1119
0.933291
1.06274
1.04521
0.936994
1.08018
0.991192
0.967907
1.00996
1.00315
0.942096
0.954712
0.865824
1.079
1.04663
0.973559
1.14974
1.01334
0.792584
0.940228
0.823353
0.954107
0.992294
1.15386
1.22712
0.982823
0.969388
0.829973
1.00271
1.10209
0.928616
0.945305
0.874143
0.948446
1.09796
1.17093
1.12466
1.06673
1.00138
0.955513
1.00194
1.02293
0.964868
1.1354
1.06446
0.91519
1.08827
0.971099
0.933873
1.04043
1.12378
0.930793
0.910801
0.935057
1.02447
0.864165
0.885345
1.04473
0.845492
0.950216
0.944132
0.941333
1.07405
1.00993
1.04013
1.04585
0.888093
1.05608
1.03679
1.02668
1.07043
0.967501
0.980944
0.994097
1.0012
0.865996
0.999564
0.996222
0.920305
0.944011
1.13578
1.09847
0.937031
1.11085
1.00638
1.03307
0.988935
1.12254
1.30544
0.981567
0.962923
1.22153
0.945584
0.927387
1.06881
0.995485
0.974584
0.797276
0.924533
1.00212
1.03685
1.1399
1.15935
0.9119
0.825505
0.903871
0.914322
0.948548
0.972407
0.852252
1.04534
1.05508
1.13301
1.12264
0.976237
1.12139
0.981364
0.951341
1.1337
1.03576
0.852102
0.942412
1.01776
0.837973
1.14242
0.827966
1.0195
1.21423
0.904022
1.12056
0.953648
0.795115
1.07038
0.916578
0.794195
1.07208
1.11391
0.959688
1.22944
0.884685
1.01497
0.990307
1.04707
0.883851
0.999197
1.0701
0.940245
0.974896
0.988202
0.968859
1.03438
1.18136
0.993633
0.903008
0.988252
1.02168
0.760882
0.911316
1.03543
0.914618
0.990841
1.04572
1.11068
0.944358
0.940907
1.02624
0.823584
1.10887
1.03378
1.0796
0.962705
0.993836
1.05222
1.05707
0.938496
1.00874
0.961656
1.07798
1.10216
1.07873
1.08155
0.942034
0.848889
0.942138
0.870044
1.09708
1.00394
1.07649
0.91155
1.08171
0.86549
0.949901
0.903603
1.04543
0.869207
1.08023
1.08893
0.896572
0.950113
0.926289
0.925746
1.05934
0.97543
0.996219
1.0532
0.982606
0.943111
0.950837
0.943114
1.05597
1.03232
0.979068
1.04186
1.06976
0.927014
1.0395
0.967001
0.965896
0.94046
0.965573
1.04685
0.948732
1.18567
0.970599
1.10777
1.09537
0.911988
0.879264
0.909099
1.19761
1.08104
1.09241
0.935618
1.23335
0.968205
0.942327
0.993444
0.864274
1.12526
1.09547
1.03112
0.886739
1.04083
0.965196
1.00037
1.09402
1.04579
1.01472
1.12058
1.08755
0.916588
0.822631
1.11549
1.01071
0.919945
1.1241
0.990604
1.0397
0.990553
0.848926
0.872481
0.939464
1.03802
1.06396
0.940042
1.09479
1.08336
0.817757
0.905785
0.92932
1.10527
0.893282
1.09263
1.1228
0.814921
0.9506
0.904418
1.01806
1.01502
0.915076
1.00075
0.971243
1.0574
1.10544
0.95505
1.02595
1.23103
1.08679
0.928132
1.03509
0.910517
0.981033
0.984889
1.04801
1.12377
0.936587
1.01718
0.747115
1.18894
0.985709
1.01536
1.03844
1.01405
1.06341
0.944135
1.06729
1.0472
0.849532
0.925729
0.847808
0.79858
1.09065
0.998064
0.837944
0.979499
1.01986
0.863758
0.978929
0.930866
1.07258
0.986756
0.97953
1.02149
1.12132
1.01955
1.08123
1.05735
0.83147
0.831646
1.18661
0.926222
0.899968
1.04497
1.16475
0.936774
0.972354
1.1182
1.01669
1.10108
1.02601
0.897009
1.13938
1.14815
0.970398
1.03648
0.941123
1.07144
0.986806
0.859359
0.930607
1.16681
1.01161
0.984475
1.19741
1.00696
1.09316
1.18073
0.952073
1.0197
0.953024
0.923052
0.918781
0.925076
0.924206
0.999805
1.06789
0.952778
0.996979
1.05101
1.15464
0.94127
1.13717
0.997684
1.05128
1.00157
0.997761
0.973159
0.965627
0.931602
0.904033
0.9893
1.02661
1.11977
0.90578
1.21006
1.13378
1.02002
1.0009
1.07712
1.02902
1.04899
0.816118
1.04789
0.894458
1.04788
1.07974
0.882498
0.98178
0.988161
1.05476
0.824691
0.879914
0.952508
1.00474
0.994311
1.0471
1.05966
1.0758
1.02884
1.09329
1.05572
0.979166
1.01024
1.02774
1.11703
1.05013
0.97934
1.21221
1.09392
0.933931
1.03643
1.03737
1.08762
0.850148
1.03871
1.10594
0.925209
1.00373
1.06169
1.24924
1.17649
1.09115
0.852644
0.873819
0.878102
1.1289
0.918456
1.03155
0.842162
1.20712
0.960429
0.924184
0.92684
0.93548
1.00019
1.0123
0.964089
1.11504
1.08859
0.879279
0.955314
0.827849
0.971375
1.13209
0.920313
1.13414
1.04907
1.04264
0.929991
0.936737
1.21403
1.05352
0.987631
1.175
1.04537
1.04886
1.0209
1.06594
0.878544
1.05736
1.06398
0.884793
0.922685
1.04399
0.882232
0.966219
0.968274
0.984669
0.940878
1.00878
0.981307
0.894517
0.994087
0.945158
1.045
0.994809
0.862353
1.06256
1.21846
1.13428
0.823955
0.895017
1.00842
0.986611
1.18655
1.0777
0.930407
0.974205
0.860015
0.825039
1.10615
1.084
0.839159
1.05512
1.07776
1.01225
0.969902
0.827253
0.981664
0.987966
0.849637
0.859876
0.994016
1.00797
0.886954
1.0853
1.20612
1.17833
1.20417
1.2019
1.0875
1.0693
1.05655
1.04194
1.13689
0.982514
1.07674
1.06703
1.04307
1.2304
0.952133
0.906591
0.968397
0.857041
0.885684
0.748818
0.899813
1.05006
1.10226
0.683278
1.0053
1.01117
1.0591
1.21277
0.713902
1.03547
0.929575
1.08577
0.962094
0.86964
0.998235
1.02897
1.05492
1.02277
0.821322
1.13638
1.02549
0.932103
1.03858
1.15427
0.947999
0.942443
0.964747
0.97462
0.880554
0.882887
1.09938
1.08537
0.938676
0.953056
1.05068
0.863769
0.931857
1.21829
1.00645
1.03153
0.847299
1.10418
1.09249
0.862941
0.9807
0.980739
1.08353
1.08782
1.00919
0.967069
0.92607
0.829984
1.0158
1.05173
1.07104
1.02317
1.21761
1.01342
0.85572
1.17365
0.861876
0.894701
1.0241
1.10844
0.965002
1.06197
1.0429
1.04234
0.969031
1.16033
0.988428
0.914818
1.12102
0.88396
0.860936
0.981999
0.968114
0.969713
0.804033
1.04809
0.937413
1.04622
1.16898
0.911533
1.13681
0.947214
0.834077
0.814758
0.932065
1.08347
1.04926
1.02263
0.978515
0.851493
1.11065
0.909137
0.938903
0.921949
0.956846
0.928221
1.01145
0.98168
1.13661
0.865178
1.01047
0.891643
0.834791
1.0449
0.990536
0.958026
1.15896
0.917177
0.848397
0.849432
0.835788
0.91128
0.843899
1.08046
1.01843
1.25264
0.917161
1.0115
0.880135
1.01803
1.07258
0.956361
0.913743
0.996696
0.967429
1.01337
0.922913
1.1692
0.870307
0.903367
1.0012
0.942695
0.96389
0.931809
0.847368
0.868113
0.86169
1.07473
0.953823
1.0764
0.873955
0.91449
1.06014
1.10424
1.16424
1.25073
0.932458
0.97913
1.04103
0.896029
0.987155
0.913145
0.930224
0.962924
0.930593
0.996751
0.895264
0.948355
0.954116
0.971132
1.11567
0.940891
1.00665
1.13656
1.0613
0.946625
0.969262
0.907213
0.93031
1.11423
0.870044
0.955956
1.1299
1.04586
1.05674
1.13363
0.992508
0.945586
0.965842
0.862896
1.06699
1.11316
1.0869
0.914589
0.984235
0.973026
1.03284
0.853002
0.959274
0.936708
0.974086
1.03417
0.857326
0.946105
1.18991
0.961343
0.880967
0.973212
0.886777
1.18746
1.02896
0.832698
0.995584
1.05766
0.946161
0.980107
0.993078
0.981349
0.955924
0.925628
0.767027
0.988663
1.24713
0.932928
0.987573
0.953591
1.03506
1.01389
1.03163
0.97004
1.04594
1.15869
0.856368
0.923045
1.18782
1.02106
1.08814
0.931271
0.978716
1.0168
0.940551
1.00447
1.06973
1.0241
0.996885
1.12713
1.07262
1.08362
1.03775
0.930312
0.957153
0.998435
0.929284
0.966363
1.1111
1.06266
0.974019
1.01062
0.942796
1.07327
0.946874
0.882122
1.03825
0.925472
0.909153
0.904849
0.989599
0.993282
0.956795
0.970946
1.05102
0.946241
1.06686
1.07034
1.04161
1.14571
1.08592
1.12017
0.900349
0.914371
1.03451
1.03143
0.968434
0.91503
0.916933
0.897023
1.01203
0.893905
0.946906
1.13731
1.02372
1.02716
0.995653
0.91797
0.901718
1.01185
0.897305
0.95633
0.787994
0.849822
0.943243
0.993789
1.07129
0.940603
0.989137
0.866538
0.935683
0.950483
1.02593
0.945202
1.12517
0.907104
0.843533
0.840773
0.977531
0.877102
0.919041
1.00489
1.14476
1.03818
1.0304
0.99292
0.991088
1.0208
1.10992
0.992029
1.09811
0.979448
0.910481
0.945172
1.08649
1.10257
1.14942
0.921544
0.881956
1.04687
1.04094
1.07624
0.793326
1.00012
1.02355
1.00219
1.05185
1.07677
1.27855
0.940699
1.11289
0.962056
0.972981
0.884668
0.96213
0.951025
1.0232
1.00774
0.963136
0.965361
0.936528
0.88001
0.968584
1.04019
1.08188
1.0715
0.950233
1.13515
0.945454
0.905176
0.998987
0.885594
0.829762
1.05808
1.05029
0.922755
0.970956
0.968991
1.01453
1.06262
0.997006
1.12927
0.991445
1.00925
1.01988
1.03871
1.08092
0.818429
0.985959
0.991597
0.995721
1.07557
0.916416
1.14947
1.16614
1.03807
0.905204
1.11856
1.03235
0.936334
0.880291
1.13473
0.7456
0.913118
1.0177
1.01897
1.06434
0.932251
0.968329
0.987283
1.25492
1.08172
0.86308
0.991972
0.992409
1.09201
0.989476
1.07607
1.12092
1.02332
1.23331
0.787461
1.18821
0.981547
0.993247
1.02251
1.08976
1.11542
0.954552
1.01116
0.838889
0.866406
1.02226
0.965293
1.03485
1.00274
0.981839
1.03743
0.998804
1.10737
1.07246
1.043
0.959459
1.10884
0.880451
1.01906
0.889792
0.871589
0.903261
1.00174
1.02107
0.952783
0.938954
1.10077
0.931005
0.957866
1.1786
1.07799
0.953189
1.1653
1.10857
0.935979
0.899586
0.901812
1.03222
1.30502
0.874502
1.10007
1.13914
1.05985
0.865312
1.02577
0.94962
0.974995
0.958452
0.84814
0.944921
0.918707
0.938556
1.11667
1.02509
1.00653
1.13507
0.853016
1.15527
0.955298
1.10112
0.939995
0.879541
0.901651
0.955169
0.965781
0.971869
1.11432
0.931365
1.13507
0.903289
0.857106
1.00082
0.796532
0.961203
1.05023
0.993299
0.886325
1.16664
0.990464
1.00779
0.973919
1.12853
1.09223
1.01519
0.915469
1.03041
0.853288
0.978641
1.14336
0.99693
1.07827
0.71096
0.993417
0.931528
1.01573
0.949109
1.08467
1.07321
0.984498
0.954582
0.860202
0.80147
0.836682
0.993917
1.06899
1.01293
0.901902
1.16311
0.939354
1.06626
0.892526
1.03812
1.13751
1.04612
0.985653
1.05844
1.03075
0.853814
0.819163
0.809971
0.982686
1.06356
0.872083
1.01189
1.16574
0.893731
1.08929
0.974196
0.967762
0.888616
0.871827
1.03242
1.02379
1.02766
1.06545
0.918348
0.828814
1.03768
1.17853
1.13388
1.13623
0.914865
0.98755
0.867388
1.03089
1.19139
1.13432
0.978059
0.979279
0.930757
0.958178
1.03178
1.07357
0.984077
1.15059
0.884541
1.04863
0.954617
0.95685
1.00191
0.896262
1.06977
1.02761
0.900781
1.03575
1.00789
0.961814
0.934656
0.907717
0.917753
0.99852
0.926229
0.998794
0.922273
0.915537
1.06622
0.786796
1.11942
1.10676
1.103
1.07394
0.979244
0.901473
0.994486
0.955028
0.953426
1.06061
0.948719
0.885977
1.00146
1.02232
1.17096
0.981186
0.980018
0.98217
1.07189
1.0555
0.998651
1.08056
0.990257
0.910793
1.0313
1.02396
0.920657
0.918537
0.927933
0.946566
1.09157
1.1313
1.16873
0.914366
1.14128
0.927885
0.860567
0.88995
0.919956
0.756661
1.11348
0.928368
0.871374
1.04093
0.848392
0.897375
1.03567
0.945851
0.894257
1.03709
1.13936
1.15017
0.935183
0.981508
1.02139
0.931856
1.01525
1.11007
1.0466
1.07492
1.16351
0.990938
1.2893
1.07771
1.00355
1.20145
1.00428
1.05767
1.00791
0.902808
0.906112
1.13243
0.95936
0.99674
1.07947
0.808107
0.96718
0.936422
0.755279
0.7786
0.887556
0.876226
0.938878
1.03742
0.982451
0.858074
0.989188
0.857838
1.08555
1.06549
1.05872
0.878594
0.984217
0.857593
1.00862
1.08846
0.732873
0.933983
1.09268
0.931057
0.932237
1.09533
0.99257
0.947263
1.05781
0.948288
1.09433
0.955889
1.09175
0.945693
1.07082
0.946799
0.882037
1.18611
1.13208
1.08985
0.963975
1.12332
1.14998
1.09926
1.05613
0.991302
1.17501
0.8949
1.08887
0.962484
0.987586
0.912954
1.14015
1.00816
0.920472
1.18079
1.03393
1.11185
1.17204
1.01372
0.815126
0.877603
1.17506
0.939637
1.11776
0.754207
0.804318
1.12064
1.06891
0.905386
0.991795
1.1041
1.02524
1.203
1.0311
1.06344
1.07746
1.00105
0.79832
1.10104
0.961267
0.891182
1.0504
0.976601
1.1209
1.06866
1.03679
0.966858
0.923519
1.0454
1.02723
0.882269
1.11647
0.978831
1.0111
1.00565
1.03265
0.920714
1.06758
0.87464
0.825538
0.848156
0.987456
0.884914
0.815774
0.849606
0.937066
0.966912
0.809235
0.853181
0.840509
1.13231
0.994353
0.974468
0.942779
1.11791
1.16113
0.936517
1.067
0.93755
0.801485
0.992891
0.877778
0.934132
1.02259
1.08322
1.14643
0.937423
1.13122
0.994776
0.915751
0.959144
0.981858
1.13122
1.15108
0.978873
1.02971
0.986587
1.29545
0.956103
0.993409
0.946762
0.886069
1.09118
1.05188
1.02003
0.708429
0.886074
1.09627
0.974538
1.09896
1.05513
1.04067
1.03016
1.0573
0.913879
1.10402
0.995679
1.04634
0.92092
0.945459
0.878404
1.04192
1.13749
1.07614
0.898107
1.02261
0.794194
1.25026
0.862147
1.08932
0.992389
1.18036
0.945769
0.985841
0.880648
0.99496
1.07135
0.964631
0.70729
0.984689
1.04313
1.09242
0.975548
0.932192
1.09086
0.902595
0.955966
1.09842
1.02988
1.17346
1.06667
0.965851
1.03251
0.921729
1.09038
1.00958
1.00276
0.953684
0.890534
0.846904
1.13652
0.932624
0.985269
0.982898
0.868729
1.00207
0.896338
0.928274
0.902031
0.954601
1.13807
0.991946
0.859199
0.989365
1.11806
0.987591
0.8731
1.07495
0.954139
0.999123
0.966699
0.937952
1.14755
0.904159
1.0578
0.943905
1.038
0.945587
0.923283
1.08269
1.05654
1.051
1.01612
1.11831
1.16607
0.997762
1.0844
1.12457
0.881497
0.903811
1.12625
1.09904
0.934045
1.06813
0.976948
1.20047
0.945975
1.05653
0.950421
1.10783
0.945014
1.00326
0.988325
1.07252
1.17964
1.05702
1.05345
1.01067
0.956012
0.896435
0.954342
0.904178
0.859158
1.01183
0.923003
1.07885
0.981298
0.947741
1.00985
1.00123
1.02507
1.10444
1.00531
0.956602
1.05771
0.995887
0.882818
1.05171
0.949458
1.06219
1.08646
0.902026
0.930415
0.946998
0.976326
1.11883
0.97326
1.07326
0.828214
1.02622
0.952688
0.875675
0.986563
0.976386
0.90056
0.892843
0.990261
1.04395
0.953787
1.1089
0.987628
1.08962
0.985992
0.980047
1.00007
1.22038
0.936102
0.858397
1.19084
1.04628
0.934723
0.95331
1.00743
1.02558
0.986381
0.962604
0.781696
0.970667
1.00635
1.03607
0.797596
1.16332
1.08847
0.859456
1.07979
1.11487
1.02401
1.10445
0.890717
0.881119
1.03694
0.992766
1.09702
0.910423
1.05898
0.956053
1.05642
0.993445
0.855571
1.06074
1.03396
0.956638
0.92242
0.797632
1.0851
1.21397
1.13579
1.07804
0.922588
1.07768
0.865766
1.06305
0.92985
0.973256
0.945547
1.01374
1.08376
0.90255
1.00954
1.02567
0.924037
1.12959
1.01034
1.15676
1.07859
0.938377
1.05992
0.920373
0.832958
1.10497
1.14033
1.05942
1.13663
1.11101
0.797569
0.884541
0.876608
1.05789
1.24417
1.03743
1.15695
0.944237
0.882378
0.903814
0.819981
1.02532
0.995605
0.989749
1.10029
0.949403
1.13719
1.08841
1.03987
0.94999
0.977365
1.00043
1.1078
1.05538
0.93718
0.865231
1.12471
0.895908
0.978917
0.933462
0.946463
1.00771
0.878237
0.912878
1.08144
0.884468
1.07875
0.982634
0.954929
1.00472
0.997167
0.912062
1.1663
0.98312
0.95918
1.11248
1.01359
1.06414
0.870319
0.923027
0.999535
0.916065
1.08973
0.91333
0.9822
0.955373
1.05363
1.28629
1.04557
0.951444
0.960588
0.907337
0.858213
0.887026
0.871504
0.99279
1.06066
0.927544
0.832352
0.995109
0.959237
1.02091
0.938871
1.14101
1.19567
0.919147
1.01915
1.12573
1.04369
1.11049
1.02757
0.974248
0.99596
0.827769
1.10693
1.11951
0.900834
0.921047
1.00931
1.01598
1.03287
0.884517
0.819619
0.915773
1.06039
0.914985
0.887555
1.12194
1.09609
0.990587
1.06519
1.07749
1.09183
1.11676
0.955586
1.00525
1.10743
1.07178
1.05247
1.10707
0.930639
0.956721
1.00541
0.904732
1.16276
0.925758
0.955263
1.11642
0.96132
1.19208
1.05828
0.87606
0.98417
1.25154
1.04939
1.06077
1.03215
1.03302
1.27691
1.23495
1.12728
0.994918
1.07674
0.873045
0.890827
1.08786
0.897742
0.969235
0.945847
0.811204
1.0002
1.00736
0.863084
0.938096
0.770239
0.965501
0.94132
0.941155
1.17246
1.20136
1.10705
0.955733
0.964278
0.983225
1.27398
0.980718
1.00161
1.09433
1.06866
0.820151
0.976279
1.13678
0.975448
0.947127
0.931267
0.780595
0.979499
1.01574
1.12453
0.840158
1.05002
1.07499
1.00249
0.884483
0.833907
0.911523
1.11582
0.983792
1.07614
1.12275
0.956492
1.11477
1.02425
1.00989
1.17344
0.765991
1.06138
0.976548
0.898267
1.19187
0.933295
1.14285
0.978665
1.08991
1.05973
0.995799
0.963909
0.936024
1.14314
1.11947
1.00544
0.835818
1.05597
0.9745
1.06696
1.02337
1.22904
1.24025
1.0263
0.945609
0.948989
0.783038
1.12013
1.05688
0.894196
1.07251
1.14482
0.782867
0.97955
0.868649
0.935578
0.919211
0.919826
0.918632
1.07179
1.03014
0.900134
1.00881
1.06301
0.98141
0.876288
0.924225
0.831964
1.16188
0.78515
1.06149
0.947817
0.949521
1.05449
0.855905
0.98304
1.00136
1.02072
1.00694
1.16127
0.947603
0.96247
1.02325
1.0986
0.813478
0.907106
1.10261
1.0439
1.01919
0.879108
0.883369
1.10104
1.02898
0.943608
1.01318
0.957451
1.01283
1.07508
1.11345
0.923755
0.991489
1.10799
1.04032
0.959335
1.05569
0.954337
1.06895
1.03144
1.10842
0.993185
1.24433
1.05591
1.03882
1.10658
0.958708
1.02582
1.10586
0.972737
1.25639
0.902951
1.06629
0.932769
1.15921
1.16444
1.1709
0.976608
1.07862
0.971098
1.06865
0.965205
0.95222
0.951548
0.998089
0.986767
1.1282
1.14805
1.20117
0.904343
0.967694
0.894889
0.969986
1.04494
0.980034
1.01582
1.09203
1.19485
1.02435
1.0455
1.00171
1.03065
0.913575
1.04937
0.933776
1.09224
1.05645
1.08824
0.99111
0.994949
0.963927
1.163
0.978793
1.03246
0.931035
0.959219
1.00504
0.946894
1.1253
1.05401
1.0094
1.0222
1.05375
1.09201
0.930479
0.991752
1.0274
0.942874
1.01174
0.897398
0.874238
0.959612
1.05222
1.03652
0.991799
1.00122
1.08171
1.00355
1.07508
0.936826
1.04097
1.01748
1.0664
1.04124
0.859064
1.02466
1.14755
1.16339
1.02727
0.942744
0.958669
1.30638
0.997293
0.893362
0.955259
0.908396
0.917428
0.973993
0.977598
0.997409
0.980583
0.967227
0.980887
1.12517
1.01655
0.843495
1.09413
1.10983
0.926393
1.08627
1.02501
0.989256
0.94679
0.990546
1.02432
0.999671
1.07446
1.14702
0.869826
0.984007
1.06229
1.33891
1.08364
0.935007
0.909742
0.982665
1.09395
0.993323
0.883572
1.00041
1.01503
1.00463
0.995732
1.03814
0.970053
1.06933
1.00182
1.05392
0.967643
1.00703
0.994479
1.03019
1.13608
1.01013
0.998055
1.08065
1.24207
0.882034
1.10331
0.878447
0.954019
0.898263
1.0589
0.908847
0.877077
1.12722
1.0727
1.09022
0.846155
0.943344
1.23163
0.983226
0.898558
0.822952
1.13646
0.986117
0.983769
0.985449
1.0241
1.05645
1.13417
0.964954
0.971692
1.01041
0.966194
0.968714
1.04304
0.946415
0.92241
1.24189
0.911505
0.996266
0.760358
1.07478
0.959225
1.01487
0.852278
0.886059
0.984552
0.998699
0.974608
0.897966
0.907787
0.904846
0.997869
1.11498
0.94919
1.1333
0.995231
0.914355
0.953873
0.996479
0.81143
0.910521
1.00703
0.91942
0.94162
0.796312
1.06183
0.979175
1.07787
1.10427
1.06352
1.05345
0.980272
0.942382
1.00965
1.06573
0.836157
0.854837
1.01481
1.09454
1.35526
1.03395
1.04996
0.838365
0.935106
0.87754
0.919779
0.885335
0.956334
0.903479
0.987364
1.04676
0.965759
0.863723
0.912607
0.977009
0.877927
0.942357
0.947722
1.16629
0.997785
1.07862
1.03451
0.93652
1.05282
0.805254
1.01948
0.931522
0.806781
1.06739
0.889664
1.031
1.19505
1.0107
0.903561
0.958856
0.862328
1.07919
1.02184
0.850928
1.06444
1.14639
1.00423
0.895857
0.951144
0.916326
0.935776
1.12258
0.956963
0.957024
0.934604
0.89243
0.992817
0.945753
1.05352
1.00937
1.12142
0.774148
0.950915
1.08513
0.962345
1.0098
1.21276
1.02121
1.01534
1.12114
0.908831
1.35534
0.996171
1.02481
0.907602
0.929773
0.749094
1.02122
0.917521
0.932162
0.95231
0.966483
1.07762
1.0673
1.15013
1.1209
1.02011
0.888225
1.07126
1.08473
0.890797
0.82148
1.12412
0.950645
0.971855
0.936393
0.958341
1.02259
0.907927
1.12778
1.17811
0.979976
1.1733
1.02505
1.01067
1.02561
0.966805
1.05932
0.997324
0.959493
1.00665
0.832711
1.12645
1.03089
1.00262
0.964705
0.977183
0.972364
1.08134
0.84376
0.956542
0.950417
0.880861
0.99799
1.06495
0.958012
0.949195
1.0642
0.81658
1.11052
0.815584
0.988181
0.957583
1.01013
0.968019
0.80848
1.04075
1.01303
0.978226
1.08083
1.11519
1.00668
1.09543
0.886552
0.981728
0.879717
1.04422
0.976251
1.06474
0.858344
1.04775
0.963136
1.06919
0.970837
0.899078
0.940989
1.00027
0.892077
0.805409
0.923305
1.09828
0.904871
0.888557
0.976455
0.950192
0.95208
0.718744
0.964835
0.950037
0.972874
1.0012
1.07748
1.03665
1.21451
1.14448
1.12699
1.00004
1.07109
1.05131
0.922489
1.0081
1.0042
0.846844
0.977508
0.904964
1.05152
1.24752
1.24796
1.00488
0.895734
1.09067
1.28417
0.873504
0.953199
1.07846
1.04797
0.878571
1.07877
1.06859
1.05527
0.990329
0.932448
0.950034
1.11995
0.972647
0.825141
1.02937
0.874245
0.930168
1.20527
0.831755
1.07171
1.11017
1.12993
0.756151
1.05758
0.963777
0.926302
0.972458
0.971282
1.06597
0.89459
0.935817
1.14053
1.06625
1.31443
1.15118
1.13683
1.0253
0.956637
1.09226
0.962035
0.94731
0.845963
0.911186
0.845824
1.04032
1.04143
1.00385
0.991394
0.896839
0.915278
0.940162
1.04615
0.985303
1.14842
1.18452
1.10558
1.11134
0.8938
1.14026
0.973803
0.902474
1.19075
1.05329
0.915597
1.00974
0.90467
1.12482
0.947532
0.935387
0.991499
1.10212
0.896617
1.14762
1.03519
1.14714
1.22487
1.17357
1.09449
1.00961
0.978348
0.995765
1.06445
0.97255
1.05922
1.00359
1.05339
1.02737
0.929119
1.0014
1.0167
1.07382
0.916591
0.982378
1.16922
0.972268
1.02346
1.13544
0.857639
1.03395
0.931016
1.00096
0.866804
1.12006
1.03855
1.04093
0.861757
1.02695
1.04405
1.00859
0.989813
1.01486
1.0814
0.96644
1.08812
0.952358
0.982061
0.970119
1.09001
1.04674
1.17908
1.15069
0.868936
0.872221
0.933527
0.932438
0.99454
0.935934
0.978945
0.849995
0.811805
1.0381
0.867035
0.923434
1.07364
0.838181
0.9302
0.998629
0.838971
1.12061
1.03839
1.06333
1.04343
0.824219
1.10953
0.893522
0.893609
1.18127
1.07338
0.995191
0.850761
1.12773
1.00397
0.859924
1.14082
0.94727
0.958398
0.777652
0.972978
0.897398
1.02738
0.889382
1.07222
1.04564
0.948712
0.95394
0.893857
0.998907
1.01652
1.05718
0.892752
1.08402
0.84487
0.935093
1.07523
1.05082
0.924698
0.949765
1.12332
0.910958
0.993123
0.962782
0.90704
0.935048
0.97427
1.05017
0.93314
1.22122
1.16099
0.984944
1.04037
1.45778
0.956531
1.06508
0.822137
0.875806
1.14632
0.778757
1.00091
1.02402
0.961912
0.931478
1.03995
1.22099
1.0388
1.03159
1.02764
1.03974
0.976058
0.973776
0.954037
0.889346
1.04271
1.17506
1.02404
1.08457
1.0442
1.00571
0.952327
1.07516
0.746761
0.890749
0.969948
0.920244
0.960631
1.06189
1.10292
0.997755
0.913926
1.05653
1.09729
1.04147
0.983427
0.70929
0.926999
1.15529
1.0107
0.970191
0.959605
1.08314
0.984048
0.958293
1.03028
1.05804
0.888131
1.10099
1.00134
1.07141
1.04706
1.172
0.858822
0.996594
0.912996
1.09958
1.0441
1.08908
1.03107
0.885145
1.15331
1.06188
1.04019
1.09894
1.05288
1.10421
1.15399
0.931059
1.00652
0.958537
1.01799
0.984104
1.1433
0.951755
0.903302
0.965156
1.07538
0.979012
1.08125
1.17227
1.0006
0.903943
0.776651
1.0684
1.03597
0.967361
1.16129
0.869039
1.02963
0.907737
1.11357
1.06043
1.02682
0.939841
0.938371
0.965222
0.990865
1.10374
1.08372
0.962074
0.945125
1.02329
0.881851
1.03933
1.10706
0.896926
1.01563
1.04537
0.871339
0.986132
0.861424
1.07942
1.16738
1.00874
0.885981
1.03895
0.996357
1.08661
1.08786
1.12844
0.810222
0.977989
0.893522
1.11582
0.913603
0.85398
0.804249
0.931593
1.0051
1.00751
1.08206
1.09832
1.0302
1.25677
0.939742
1.03289
1.06586
1.02966
1.09047
1.03275
0.884904
1.05552
0.780468
1.01346
0.997229
1.02479
0.959067
0.889164
1.02516
1.06986
0.836392
0.947093
1.12292
1.02678
1.07368
0.962145
0.8598
0.784195
0.840368
0.958613
1.0902
1.11131
0.850825
1.04137
1.10605
1.07147
0.861505
1.18664
0.939061
0.996222
1.16675
0.950084
1.09679
1.00996
0.942895
0.858309
0.960775
1.01022
0.903411
0.769512
1.01073
1.05835
1.04117
0.763159
0.936972
1.0022
0.957338
0.964064
1.10365
1.01273
0.787978
1.07857
0.952897
1.05046
0.846474
0.968407
1.10231
1.02673
1.07041
1.06723
1.1976
1.02332
0.915115
0.944375
1.1544
1.06472
1.04872
0.998823
1.04674
1.11876
0.984447
0.908843
0.92401
0.945717
1.00691
0.966642
1.02016
0.941116
1.1071
0.886494
1.07544
1.1125
0.882246
0.820435
1.08106
1.11503
1.09014
1.23074
0.811146
1.07277
0.861895
1.01656
0.774455
1.11765
1.00974
1.08337
1.00043
0.884971
0.949032
1.09492
0.860086
0.940507
1.16451
0.959456
1.07234
0.752815
0.87827
0.919878
0.915593
1.01046
0.91393
1.00587
0.882039
1.21194
0.901564
1.00008
0.93208
0.868829
1.05285
1.05106
1.06454
0.846488
0.896164
1.08503
0.952752
1.09062
1.00221
1.06157
1.12633
0.974909
1.05042
0.89542
0.957325
0.898512
1.07136
1.11063
1.15955
0.815777
0.941639
1.03055
0.966017
0.985725
0.985902
0.957132
1.05951
0.992679
0.911576
0.914648
0.865802
1.04699
1.11102
0.987898
1.22659
0.981133
0.840738
1.02909
0.858593
1.08607
1.15696
0.840349
0.945975
1.10972
0.954361
1.04919
0.91209
0.820119
0.924221
0.951677
1.07598
0.831473
1.02146
0.969135
0.864431
0.999767
1.03086
1.07518
0.984696
1.00391
1.12987
0.82556
1.00568
1.09798
1.13186
0.918278
1.09865
0.914274
0.9523
0.926856
1.01763
0.922346
0.795315
1.00859
0.836859
1.02493
1.16777
1.02374
0.95644
1.19359
1.0322
0.920917
0.856631
0.913745
0.961863
0.955595
0.895754
0.720584
1.0164
0.975674
0.982005
1.03805
0.996559
0.8608
1.05739
1.09361
1.05865
1.04351
1.06964
0.928911
0.949408
0.952407
1.0557
0.965524
0.844181
0.996291
1.08952
0.840963
1.06227
1.03148
0.965141
1.13019
1.04293
1.04061
1.02518
1.26437
0.790012
0.917724
1.05905
0.90731
1.09194
0.721776
0.962194
0.977145
1.15741
0.860239
0.997955
1.06314
0.877208
1.18575
1.05018
0.99398
0.882448
1.0617
0.961329
1.19758
1.06046
0.919929
1.00879
0.973118
1.08018
1.00601
0.984744
1.07609
1.10647
1.05135
1.00095
1.00108
1.02559
0.983842
1.13547
1.06298
1.03172
0.935355
0.943772
1.22579
0.867314
0.936965
0.856609
1.02255
0.982926
0.995717
0.824188
1.18172
0.887521
0.983102
0.868983
1.0949
1.02908
1.08732
0.928054
0.930801
0.869093
0.940332
1.01736
1.01167
0.848246
1.13696
1.09402
0.860889
0.960515
0.8516
0.896034
1.15419
1.05462
0.89757
0.81824
1.01001
0.934707
1.026
0.923624
0.951409
0.954628
1.07336
0.953985
0.963906
0.980377
1.00067
0.924111
1.00729
0.896627
1.02582
1.08484
0.998405
1.05203
1.07651
0.853394
1.27489
1.19074
1.11345
1.00891
0.98077
1.06287
1.19954
0.871068
0.971265
0.865096
1.12595
1.03021
1.18866
1.19613
0.882725
0.915234
1.11865
0.840447
1.07506
1.00361
0.920374
0.908474
1.1234
1.07423
0.883055
0.994331
0.911929
0.894986
1.16337
0.957139
0.871508
0.901778
0.831309
1.18129
0.954261
1.09801
0.932029
0.956696
0.957539
1.08888
0.977463
0.946332
0.981746
0.862159
1.09326
0.893581
0.914241
1.02224
0.981184
1.0301
1.00559
0.993595
0.964838
0.957716
1.02224
1.01118
1.01857
1.07083
0.892298
1.05514
0.898934
1.31323
0.986079
1.09768
1.10653
0.994808
1.04259
1.12779
1.09555
1.09827
1.03883
0.927781
1.02205
0.8902
1.03639
0.958084
0.909242
0.992527
1.08897
0.976862
0.928221
1.10925
1.06492
0.939423
0.945467
1.00343
1.10261
0.829518
0.988313
1.02208
1.09207
1.03059
1.20401
1.20679
0.970148
0.882394
1.04708
1.04644
1.00001
1.02284
1.04188
0.975529
0.920301
0.955705
0.967328
0.954687
0.970512
0.998804
0.984319
1.14337
1.12437
1.09037
0.95684
1.0126
1.13428
0.941741
0.838547
1.17012
1.06154
1.07889
1.00595
0.988191
0.886842
1.23226
1.15646
0.938195
0.915109
0.915148
1.04575
0.873413
1.21784
0.992165
0.909751
0.933936
0.924994
1.05072
1.11355
1.03346
1.06627
0.92498
1.0112
0.821585
0.978826
0.912097
1.28384
1.11103
1.23555
1.03706
1.19259
0.994421
0.907539
0.852181
0.929316
0.950198
1.00056
1.10332
0.902989
0.885494
0.967512
1.28802
1.0935
0.900079
1.13768
1.15074
1.06352
1.03259
0.962298
0.963983
0.874449
1.06171
1.03638
0.849142
0.98937
0.902245
0.927281
0.892183
1.00705
1.04546
0.979558
0.942351
1.05739
0.97019
0.974943
1.10301
1.09286
0.844914
0.973443
0.981612
1.24218
0.962406
1.02008
0.995548
1.16343
0.935959
1.05945
1.09579
1.0625
1.07933
1.01769
1.05537
1.15003
1.01281
0.969725
1.22967
1.03507
1.06095
1.03
0.831668
0.914199
0.900062
0.975327
0.840801
0.978408
1.15732
1.10087
1.09996
0.919777
1.1569
0.900526
0.948799
1.01378
0.936331
0.962548
0.957101
1.2449
1.01015
0.931934
1.23892
1.26899
0.918653
1.18108
0.907122
1.04167
1.21909
0.983251
0.95281
1.17514
0.906217
1.14999
0.885538
1.01011
0.913808
0.970198
0.898685
1.02889
0.974922
0.881967
1.05045
1.10599
1.19899
0.962032
1.07313
0.894439
1.01668
1.01221
1.14197
1.03299
0.967711
0.981471
1.19852
0.984863
1.07364
0.899364
1.08501
1.09444
0.887168
1.1946
1.23344
1.10936
1.03211
1.15543
0.930693
1.17901
1.0931
0.989103
0.935634
0.836327
0.904747
0.892329
0.952444
1.03928
0.998084
0.917688
1.05096
0.912549
1.12083
0.863924
0.854552
1.02093
1.02614
0.995617
0.943867
1.00094
1.04232
1.02845
1.08321
1.04635
1.02757
1.03843
1.14244
0.993775
0.886424
1.1046
1.03225
1.04437
0.957594
0.979848
1.04155
1.28809
0.988092
0.882993
0.918196
0.949631
1.03594
0.972523
0.822851
1.15013
0.996495
1.00427
1.09506
1.0747
0.907747
0.860824
1.15207
1.0151
1.07616
0.990593
0.901803
0.973924
1.15294
1.16495
0.978771
1.11209
1.06847
0.972069
0.965592
1.2042
0.961109
0.99672
1.0642
0.776431
0.974917
0.991143
0.835588
0.861258
0.954009
0.95813
1.01647
1.01656
1.13159
1.05269
1.03017
1.05574
1.00329
0.925478
1.0751
1.05578
1.0135
1.0722
1.04119
1.06737
0.808354
1.01257
0.997929
0.932612
0.912649
1.02979
1.07814
0.945912
1.04067
0.897648
0.990466
0.916634
0.978124
1.07807
0.913942
1.02502
0.69778
0.920619
1.18279
1.14281
0.93236
1.1501
1.05714
1.03762
1.05427
0.957929
0.862365
0.855204
0.778546
0.923978
0.916873
0.901556
0.912505
1.03855
0.925886
1.08387
1.11305
1.0301
0.99768
0.883055
1.00023
1.08056
0.77721
1.16108
1.00986
0.957298
0.948113
1.05399
0.945895
0.973605
0.948677
0.966507
0.898277
1.0087
1.05837
0.995754
0.883032
0.803135
0.995479
0.864627
1.02923
0.967435
0.94731
1.17941
0.973877
0.970272
0.925083
1.04594
1.09148
0.902319
1.12385
1.12646
1.05634
0.808988
0.833291
0.988471
0.962312
1.08394
0.802592
0.967229
0.73953
1.00117
1.02817
0.891088
1.07372
1.04267
0.940697
0.971816
1.07583
0.829261
1.07171
0.899496
0.991096
0.909348
0.995058
1.07106
0.913876
0.89757
0.995831
0.910417
0.886351
1.01721
0.864276
1.03817
1.02852
0.966089
0.896293
0.946199
0.938967
1.08252
1.06377
0.985233
1.00055
0.865637
1.07797
0.923476
1.19978
1.13299
0.923931
1.11649
1.08224
1.05267
1.07413
0.951537
1.05412
0.988884
0.970811
1.10897
0.922621
1.01343
1.00568
0.898314
0.950065
1.14323
0.978525
0.998403
0.909493
1.20212
1.10803
0.865286
0.932772
1.02548
0.998963
0.971265
1.0565
1.03585
1.06575
1.03117
0.834937
1.15534
0.83454
0.96529
1.22743
1.16752
1.02752
1.06832
0.971838
0.948645
1.01765
0.91
1.02279
1.09187
1.00039
1.00573
0.992109
1.04474
0.982082
0.932119
1.10397
0.868709
0.998863
0.980064
1.13833
1.04637
0.906537
0.866392
1.06738
0.961957
1.29583
0.880355
1.06512
1.02177
1.09707
0.943819
0.836522
0.977317
0.849054
1.07956
0.930563
0.897934
0.935837
1.07531
1.08353
0.939757
0.972974
1.04477
0.914775
1.03419
1.06181
1.03854
1.18285
0.97831
0.983047
1.11731
1.10316
0.93619
1.05201
1.09979
1.07327
0.83745
0.983787
0.918008
0.844796
1.03218
0.997397
1.16216
1.05382
0.996991
1.0552
0.980816
0.953298
1.08129
0.995656
1.04949
0.905891
1.08084
0.913855
0.982569
1.06543
1.0262
0.933038
1.00004
1.16074
1.00189
1.02963
1.01249
1.0796
0.901446
0.974128
1.07744
1.04782
0.942783
0.980768
0.864239
0.779494
1.05477
0.960579
0.929567
0.808498
0.962077
1.0098
0.946847
1.07389
1.04841
1.06119
0.948367
1.00348
1.0856
1.05353
0.960018
1.02503
1.15474
1.05784
0.980706
1.09305
0.987545
1.06247
0.924344
0.977477
1.08136
1.18407
1.07668
0.949545
0.844838
0.899697
0.898803
1.03754
0.94871
1.10149
0.834384
0.942128
1.06234
0.961443
0.850319
0.727918
1.11435
1.17806
1.03586
0.958292
0.949491
1.00848
0.887523
0.98076
0.810196
1.15541
0.890943
1.12687
1.0855
0.914052
0.879188
0.993098
1.08292
1.12126
0.975358
1.17875
0.963659
0.932831
0.87022
1.04613
1.01228
1.16121
0.946102
1.0188
0.807145
1.01221
0.98796
1.12022
0.979876
1.13768
0.934444
1.03931
0.983253
0.852569
0.906532
1.04766
1.01963
0.933999
1.24276
0.696624
0.947584
1.03814
0.864535
1.03617
1.09366
1.01497
0.94279
0.956972
0.878416
1.09956
1.07519
1.0911
1.05557
0.942936
1.03322
1.05988
1.18881
1.03709
0.878819
1.03931
1.10247
0.967683
1.00237
0.899406
1.02
1.10955
1.01229
1.18779
1.03037
0.968297
1.20073
1.02636
0.99981
1.12285
0.952014
1.11198
0.889728
0.898461
1.0029
0.880998
1.01011
1.11152
1.10506
0.972158
0.811688
0.962977
1.02648
1.01799
0.935355
0.995077
0.985345
1.0303
0.869103
1.05313
0.908848
0.928939
1.04005
0.888472
1.01712
1.06291
1.06044
1.09525
0.942243
1.13705
1.00569
1.06981
1.11194
1.02867
0.801761
1.00959
0.794552
0.971182
1.09035
1.28593
0.951203
1.07714
0.866023
1.09146
1.08916
0.927151
0.938362
1.00357
0.945996
0.92175
1.04851
0.957948
1.08583
1.00657
0.968476
1.09421
0.96748
1.11065
0.778556
0.991189
0.744166
1.01981
0.954247
1.09121
0.986181
0.878478
0.954068
0.905916
1.13358
1.23949
1.11191
0.855066
0.868801
1.18098
0.822447
0.960903
1.07615
1.01888
1.027
0.845777
1.08231
0.902462
0.749373
0.946668
1.1489
0.904614
0.949308
1.22408
0.880906
1.02661
1.05934
0.924111
1.23599
1.04151
1.04035
0.863339
1.00366
1.07522
1.0273
1.06155
0.93708
0.885419
1.03438
1.11353
0.936357
1.00651
0.974052
1.09964
0.723638
1.10359
0.942382
0.82148
0.984471
0.876408
1.12657
1.10652
0.989789
0.953792
1.13255
1.01963
0.8778
0.877091
0.84186
1.08838
1.01578
1.09771
0.886804
1.07762
0.878715
0.990306
1.00449
1.1305
0.918683
0.939923
1.05389
0.837067
0.885355
1.07507
1.08986
0.873348
0.769336
1.04997
0.927767
0.806807
0.960422
1.04561
1.04753
1.1306
1.00889
0.865448
0.994464
1.09164
1.04259
0.933774
0.955754
1.12407
0.948957
1.02067
0.973323
1.03615
1.07459
1.03334
1.11502
1.02112
1.01281
1.12873
0.879549
0.994629
0.973838
1.11624
0.911744
0.842975
1.03579
0.92438
0.963018
0.91244
0.935072
1.14665
0.847481
1.06237
1.16651
0.893342
1.25646
0.909472
1.14311
1.04392
1.2049
1.03842
0.948425
0.95102
0.964777
0.814757
1.00387
1.05208
0.856175
1.18844
1.0336
1.02163
0.983106
0.91082
0.933722
1.11568
1.08094
1.00593
1.19111
0.823041
0.780446
1.15121
0.980168
0.911698
0.959531
0.804943
0.915393
1.00625
1.07082
0.973845
0.992604
1.01626
0.987638
1.01764
0.850889
1.09474
1.36389
0.86891
1.02994
0.933938
1.05747
0.777228
0.986673
1.01053
1.04337
1.03193
0.970899
0.974817
0.979944
0.87273
0.792537
1.04488
0.915763
0.906192
1.11593
1.08665
0.884743
1.05382
0.914605
1.00323
0.929664
0.959204
0.925941
0.995371
0.973742
1.06236
0.992433
0.905378
1.09127
0.838752
0.864365
1.12592
0.99113
1.06138
1.02623
1.10963
0.917506
1.25339
0.975314
0.979526
1.08296
1.02407
0.936432
1.1008
0.886142
1.02865
0.839448
1.02523
0.814784
1.06774
1.00495
0.861629
0.863089
1.09469
1.02953
0.8838
0.942281
0.908145
1.11189
1.13825
0.976225
1.0035
1.09294
0.914514
0.985233
0.88103
0.916929
0.886887
0.963496
0.994978
1.02894
1.10363
0.985098
0.812186
1.15654
1.07657
1.12711
0.850204
0.98575
1.03736
0.968679
0.970574
1.15219
1.00721
1.06122
1.03796
0.900032
0.908789
1.11123
1.13513
1.02577
1.15273
1.00662
0.815512
1.0163
1.09815
0.985521
0.861804
1.11965
1.08967
1.0569
1.03846
1.22081
0.984541
0.96664
1.05569
1.18844
0.893355
0.907949
0.969656
1.06752
1.03221
0.940859
0.969098
1.10027
1.05111
0.879082
1.05371
1.03656
1.05555
0.853337
1.04231
1.12687
0.809213
0.942718
0.871866
0.985431
0.990388
0.892462
0.887283
1.02965
1.11352
1.15845
1.22347
0.967303
0.902612
0.9064
0.967281
1.17956
1.01123
1.04903
1.07108
1.02327
1.03432
0.949365
0.915392
1.09499
1.05191
0.914565
0.909135
1.02774
1.06904
0.922549
1.09024
1.09004
0.961839
1.01563
1.06852
0.923418
0.902532
0.928289
0.951496
0.935024
1.02476
1.09899
1.06001
1.10385
0.855289
1.22292
0.998759
1.0482
1.07937
0.957466
1.15606
1.10882
0.978686
0.83828
0.907335
1.13071
0.969842
0.933469
1.10441
1.01203
1.0217
0.858806
0.95344
1.0926
0.963775
1.03736
0.911657
1.08189
0.911343
0.979407
0.990709
0.958964
1.11206
1.05467
0.978252
1.06309
0.933256
0.926855
0.931471
1.14332
1.00689
1.02645
1.03264
0.956148
1.21949
0.912572
0.938221
0.869286
1.0042
0.908102
0.970248
0.938129
1.01233
1.16441
0.877342
0.878765
1.12465
1.4011
1.00789
1.06215
0.913815
1.03234
1.15136
1.02531
1.17882
1.00717
0.992926
0.983641
0.986696
1.06651
0.897974
1.0701
1.04024
0.979478
0.984477
1.05716
0.963706
0.980725
0.857155
0.902237
1.00629
1.00016
1.05657
1.00522
0.888831
1.12099
0.919996
0.993609
0.94924
1.03372
0.954824
0.979948
0.978366
0.967824
1.00565
1.23341
1.07664
0.738453
1.07554
0.940149
1.34355
1.13013
1.05714
0.924397
0.922807
1.034
0.886577
1.09238
1.02102
1.258
0.888506
0.929808
1.0774
0.83223
0.987072
1.03856
1.0146
0.988801
0.964745
0.890951
0.913724
0.990453
1.02112
1.09666
1.09215
0.913737
0.892294
0.88794
0.959286
1.12792
1.11628
1.01559
0.841969
0.901029
0.781429
1.00566
1.12056
1.03353
0.979264
1.00188
0.939337
1.15945
1.0748
1.10645
0.883735
1.02751
0.912626
0.842829
0.978577
0.910076
1.15066
1.00687
1.04993
0.993907
0.887959
1.10986
0.883379
0.94114
0.989396
0.845499
0.859067
0.863834
1.02139
0.944415
0.73646
0.934003
1.06296
0.927807
0.982142
0.878186
1.11861
0.891706
0.911354
1.16811
0.956095
0.979606
0.928468
1.01056
0.879076
1.27678
0.898398
0.952509
1.03987
1.00193
1.07529
1.07361
0.959036
0.988343
0.957573
1.24386
0.933887
0.948118
1.02914
1.09961
0.871444
1.12039
1.02611
1.10965
1.04529
0.916589
1.09798
0.995772
0.972568
1.14028
1.025
0.987917
0.906957
0.985234
1.11533
1.08557
1.21665
1.06652
1.0682
0.892587
0.870793
0.972409
0.972756
0.982363
0.899427
0.938908
0.967408
1.06686
1.0367
1.22321
0.823361
1.06769
0.949652
1.06828
1.06146
0.879222
0.938722
1.07982
0.968744
1.07848
0.928111
0.958848
1.01799
0.997078
1.08047
0.946896
1.01038
0.924657
0.974407
1.06195
0.831327
0.874675
1.0032
0.932809
1.07743
0.845568
1.01943
1.0464
1.05229
1.1452
0.871858
1.02214
0.942873
1.29368
0.941818
1.01236
1.16183
0.849608
0.969769
1.07139
0.900012
0.913623
1.09508
0.976178
0.931836
1.00053
0.860934
1.04957
0.990141
0.997996
1.25788
1.01373
1.08432
0.90098
1.09465
1.01458
0.784383
0.898374
0.95343
1.02329
1.08653
1.01129
1.00703
1.14211
1.04121
0.947932
0.862761
1.06044
1.14549
1.14537
0.798859
1.2174
1.02919
1.1714
1.07299
0.969701
0.996763
1.04176
0.955915
0.870213
1.05414
1.04295
1.01088
1.10572
0.853474
1.00314
0.884866
0.891821
1.05606
0.989437
0.981166
1.11118
1.07475
0.943319
1.04864
1.03686
0.918756
1.04003
1.09626
1.10738
0.984114
1.15265
1.0462
0.942929
0.962589
0.884524
1.06625
0.908876
1.03621
0.88481
0.923268
0.921269
1.00965
0.982267
1.05411
0.996735
0.860613
0.987371
1.13247
1.08307
0.907624
0.848915
0.976563
0.938105
0.891575
1.02578
1.0069
0.817491
1.24344
1.13246
1.00112
0.967542
1.03038
1.27003
1.03978
0.954731
1.13019
1.08834
1.0217
0.977392
0.833603
0.990507
1.08839
1.0252
1.13547
0.990046
1.00117
0.977801
0.874193
1.03483
0.983652
0.967362
0.8788
1.049
1.0453
1.06713
1.07416
0.972683
0.996494
1.00524
0.904549
0.964534
0.880729
1.16316
0.855999
1.19591
1.03398
0.880969
0.977023
0.954212
1.18278
1.1278
1.04235
0.882582
0.970972
1.01011
1.11329
1.03954
1.09644
1.14832
1.11491
1.10374
0.988975
1.15719
0.956398
0.921157
0.936407
0.987574
1.19038
0.958324
1.14623
0.941963
1.03282
1.07567
1.06348
0.965828
0.838003
1.02156
1.0581
1.09216
1.03143
0.974678
1.03952
0.933785
1.00455
0.963728
1.04034
0.933958
0.943012
0.923921
1.0669
0.990855
1.13225
1.12664
1.03505
0.963658
0.871602
0.999192
1.02784
1.04002
1.06227
1.1231
1.33056
0.964432
0.947192
1.01276
1.11869
1.03841
1.06628
1.10752
0.898689
1.04927
1.18683
1.01674
0.946907
1.11393
1.08569
1.00143
0.741782
1.04026
1.03453
1.08333
0.986486
0.890967
0.911581
1.07273
1.06774
1.12741
0.866412
1.14615
1.01995
1.09958
1.00528
0.792379
0.940023
0.932268
1.06721
0.963917
1.00675
0.933943
1.08966
0.977468
0.968912
0.812394
0.968526
0.898584
1.10669
1.0387
1.138
1.11275
1.17099
1.07209
0.790508
1.01774
1.01444
1.08706
1.0027
0.943768
0.885122
1.08653
1.06206
1.02684
1.1411
0.874532
1.26238
1.04495
0.990119
1.01662
0.899728
0.922575
1.02903
1.04196
1.10257
1.00083
1.00508
0.940387
0.952801
1.12408
1.09581
1.00014
1.02702
1.05896
0.945837
1.0211
1.09151
1.00599
0.807536
1.0954
1.04396
0.830491
1.12148
0.969286
1.10328
1.00216
0.960949
1.01335
1.03835
1.03913
1.06847
1.0824
1.03499
0.956187
0.996532
0.79307
1.09115
0.837407
1.07949
1.0349
1.04929
0.867023
0.849457
1.18297
0.883066
0.989858
1.03978
1.0728
0.991414
0.913732
0.832559
1.0831
1.0217
1.06429
1.02927
0.892675
0.977422
0.93461
0.852976
0.980208
1.03707
1.06331
1.13666
0.978336
1.00953
1.04668
1.21598
1.10871
1.15204
0.881252
1.03915
1.00771
1.05056
0.84037
1.14982
1.04051
1.04244
1.27892
0.889511
1.1105
1.00417
1.1962
1.00476
0.885807
1.21086
0.842334
1.16667
0.895327
0.978556
0.993674
0.925736
0.960146
0.899037
0.935792
0.959173
0.992742
1.05838
1.12499
1.11781
1.04812
0.906807
0.904146
0.81244
0.884609
1.07917
0.960552
1.02796
0.979937
1.15619
0.984863
0.907003
0.991993
1.01907
1.02621
1.0396
1.05774
1.03572
0.979438
0.912186
1.28919
1.04911
0.960517
0.933017
0.928588
0.927332
0.895274
1.03895
1.02606
1.03633
1.07742
1.1013
0.937461
1.05221
1.11345
0.922834
1.06453
0.986424
0.857437
1.06198
0.915232
0.930162
0.967752
1.02235
0.941462
0.874218
1.0103
1.10044
0.951424
1.027
0.956537
1.08605
0.931096
0.870783
1.05808
1.15721
1.01719
0.965077
0.928855
1.04596
0.868844
0.884137
0.927141
1.091
1.00823
0.965471
1.03581
0.958681
1.08018
0.859432
1.12323
0.93875
0.989501
0.783343
1.17207
0.968773
1.02335
1.01704
0.949239
1.05061
0.91543
1.18461
1.07752
1.02384
0.914243
0.98396
1.06656
0.93672
0.935263
0.999593
0.914338
1.03711
0.989046
1.05556
1.15862
0.973356
1.13117
0.819025
0.899946
1.00154
0.97235
0.994558
0.944779
0.987446
0.891141
0.913048
0.98318
1.15444
1.04238
1.02353
0.967351
0.870338
0.917402
0.975715
0.952324
0.941089
0.884459
0.963387
1.04124
0.938024
0.696891
1.05128
1.00652
0.887251
0.956725
1.31189
0.89241
0.922085
1.02797
1.07449
0.973152
0.839158
1.15569
1.0847
0.885394
1.08332
1.0908
1.01033
1.09733
1.04113
0.803255
1.08691
1.0108
0.997991
1.1594
1.06319
0.94176
1.01149
1.17475
1.15159
1.02006
0.83474
0.868685
0.911615
0.98761
1.14523
0.812448
1.13541
1.0269
0.958688
0.956768
1.02564
0.750222
1.04202
0.915655
0.970231
1.0663
0.923401
1.1219
1.16624
1.15784
0.786836
0.911916
0.808543
1.21195
1.03029
1.02876
0.887502
0.994893
1.05702
1.08637
1.18095
1.08337
1.02412
1.13745
0.99852
0.928274
1.12212
0.895216
1.07045
0.936574
0.909141
0.981868
0.986341
0.83589
0.834529
0.956613
0.953317
0.990888
1.04092
0.818602
1.01648
1.011
1.05026
0.815937
0.990238
1.19512
1.05792
1.21913
0.826052
0.76717
0.933031
1.10479
0.965499
0.964541
1.01404
0.839047
0.952653
1.1615
0.974766
0.9163
1.17219
0.97695
0.865467
0.948135
0.90093
1.01384
0.957995
0.901881
0.940079
1.26448
0.91403
1.07561
0.985207
1.15054
1.08074
0.851066
0.824621
0.95841
1.10293
0.908426
0.927376
1.0439
1.1546
0.960848
0.912746
1.09353
0.948733
1.10627
0.947405
1.00931
0.997719
0.988999
0.998339
1.20546
1.10391
0.797205
0.832823
1.11035
1.0076
1.00959
0.943553
0.983084
1.10572
0.810864
1.04957
0.855987
0.960267
1.13194
1.06362
1.07751
0.99785
0.847009
1.11071
1.22626
0.988325
1.14355
0.994122
1.00127
0.909136
0.911934
1.001
1.27688
0.832796
0.991625
1.13338
1.00175
1.01531
1.04438
1.05101
0.827505
0.96573
1.09351
1.00347
0.94655
1.01626
0.899357
0.951324
1.05425
1.31985
0.78271
1.01771
0.838346
0.807051
0.961672
0.960259
0.991708
0.921881
0.961061
1.09179
0.969642
0.783973
0.878043
1.08529
1.13397
1.05502
0.974677
1.04897
1.07098
0.994657
1.07269
0.981344
0.840318
1.052
0.925361
1.24123
1.14874
0.915054
0.983461
1.12306
0.894066
1.21913
0.994961
0.923108
0.909815
0.986744
0.865049
1.07301
1.05374
0.995596
1.09508
1.02693
0.973447
0.917813
0.851283
1.00554
1.13521
1.02322
1.10893
1.0941
1.00121
0.972663
1.03639
1.16346
1.08203
0.852349
1.02842
0.963664
0.853766
1.0083
0.907659
0.787089
0.924102
0.995205
0.95852
0.985579
1.12504
1.06773
0.91145
0.981165
0.981667
0.878392
1.02314
0.957395
1.01632
1.05796
0.907409
0.774955
1.11956
1.0414
1.15713
1.12361
1.03218
0.836441
1.11035
1.00224
1.10353
0.933703
0.86936
1.10244
0.738222
0.965428
0.974814
0.99876
0.930911
0.946856
0.999392
0.967032
0.996821
0.915849
0.798727
0.994856
1.12024
0.871147
1.04787
0.942498
1.00405
0.977014
0.864884
1.01241
0.992055
1.15627
1.14023
0.967554
0.977002
0.985602
1.1762
0.991053
0.955695
0.941758
0.983535
0.907978
0.872322
0.956179
1.13169
1.0967
0.979821
1.06879
1.11283
0.833457
0.974721
0.904813
0.950018
0.906789
0.875027
0.953906
1.21987
0.934027
0.979571
0.910092
0.905608
0.870582
1.1625
1.04941
0.912466
0.875558
0.972656
0.943939
0.917337
1.10008
1.04326
1.07078
1.00167
1.03719
0.870948
0.868048
1.1395
1.1371
1.11339
1.07351
0.975583
1.07099
0.950687
1.01687
0.856702
0.967354
1.04247
0.959029
0.937633
1.05337
1.13625
1.00455
1.20266
1.01512
1.09913
0.995835
0.909631
1.02943
1.07087
1.10857
0.95308
0.883189
1.18782
0.978298
1.03041
1.0914
1.06544
1.11213
0.940231
0.755548
1.02543
1.09616
1.30853
0.994976
1.07387
0.927957
0.988781
0.858912
0.981506
1.08407
0.987835
0.948086
0.937014
1.02152
0.918197
1.0217
1.06286
0.97036
1.01495
0.967592
1.01287
1.09925
0.951822
1.02987
1.08168
0.930474
0.925466
1.04014
1.0102
1.15775
1.02205
0.919642
0.91412
1.07887
0.733
1.1537
1.15344
0.88856
1.05437
1.01721
1.01275
0.734859
1.01039
0.97708
1.29012
0.98311
0.856904
0.911587
1.04394
1.12795
0.916343
0.873159
1.06394
1.04077
0.822585
0.813964
1.03306
0.989189
0.873715
0.948303
0.92637
1.25507
1.00602
0.990946
1.0463
1.11544
0.972254
0.939929
1.11015
1.12594
1.09793
0.991856
1.10537
1.03439
0.990589
1.00323
1.09207
1.13611
0.920406
1.09194
0.980912
1.17252
0.918411
0.995422
0.841848
0.94739
0.953102
0.998338
1.02808
0.927835
0.944488
0.970363
1.03968
0.970911
1.11632
0.863561
1.0804
0.996149
0.945441
1.03512
0.963806
0.974914
0.932101
1.01103
0.974473
0.913673
0.963175
1.1318
1.12446
0.912282
1.08601
0.888172
0.986358
1.26753
1.03302
1.02172
0.93464
0.979222
0.999269
1.2003
1.1442
1.17302
1.06303
0.982383
1.23623
0.980655
0.892639
1.0151
1.00295
1.0724
0.851229
1.04772
1.1424
1.10599
1.05582
1.06737
1.18668
0.848434
0.807583
1.09821
1.00011
0.997392
1.07454
0.993972
1.25138
1.09068
0.964917
1.05477
1.15852
1.19342
0.941531
0.962536
0.900521
1.17393
1.07983
1.09846
0.915906
1.03217
1.00124
0.995636
1.07342
1.09472
1.03504
0.945143
1.00379
1.07388
1.02868
1.01557
0.995207
1.19663
1.16355
0.989933
0.942621
1.05482
0.940344
1.04801
1.04088
0.811445
0.931727
1.10213
0.965688
1.07827
1.00015
0.955945
0.927481
0.950331
0.880384
0.76086
1.01935
0.889953
0.923014
1.09627
0.844341
1.01259
0.999583
1.02765
0.938309
1.01208
0.977708
1.01294
0.861175
0.939138
0.955695
0.911261
0.963869
1.22468
0.910955
1.03219
1.01203
0.980675
1.15445
0.887845
0.983298
0.903438
0.933764
1.11554
0.992533
0.845288
0.90866
1.02182
0.926563
1.14738
1.26026
0.988441
1.02237
1.07117
1.12074
0.98174
1.11973
0.87654
0.932201
0.990967
1.11778
1.00433
1.10163
1.09625
0.956272
1.05467
1.04507
0.918729
1.13249
0.992952
0.900728
1.0621
0.837334
0.957762
1.192
1.05967
0.962171
1.07196
0.977662
1.15765
0.897552
1.05293
0.834548
1.04221
0.791032
0.895736
1.02205
1.03595
1.26636
0.912602
1.01031
0.923841
1.03882
0.923426
0.928326
0.928509
0.872235
1.18671
1.12138
0.942711
0.844029
1.10216
1.1864
1.07818
1.10399
1.03579
1.09243
0.954521
1.01028
0.857438
0.923138
1.06301
0.965332
0.852931
1.02285
1.03551
0.991955
1.06926
0.904735
0.922498
0.994074
1.11788
0.974211
1.04585
0.879795
1.05415
1.05234
0.914344
0.994562
0.981871
1.17495
1.09135
1.13727
0.851237
0.890213
1.02028
1.07171
1.17768
0.868768
1.00262
0.992792
1.18174
0.954077
0.853461
0.966006
1.10789
0.917527
1.13223
1.01801
1.02081
1.06451
0.988981
1.09815
0.984393
1.07127
1.14862
1.16013
1.015
1.01408
0.952427
1.03576
0.903965
0.912559
0.99789
0.888506
0.987781
1.24206
1.02105
1.02357
1.09499
0.902487
0.962833
0.918647
0.909299
0.952929
0.902233
1.03476
1.16222
0.969173
0.835801
1.2151
1.13192
0.968025
0.992522
0.979405
1.09103
1.00784
1.00883
0.90075
1.06203
1.03823
0.988982
1.04329
0.964672
0.964691
1.00765
1.07098
0.996278
0.991091
1.00955
0.854461
0.903061
0.907737
0.768302
0.839775
0.97307
0.944845
0.873584
1.13262
1.06514
1.00526
0.949999
1.03611
0.988916
0.956986
1.00698
1.08309
1.01264
0.932967
0.973728
0.937665
1.12897
1.04762
1.08464
1.01276
0.994997
1.05553
1.07927
0.904125
0.739792
0.797637
0.992209
1.09535
0.907103
0.986389
1.16
1.15098
1.02666
1.01239
0.879724
0.872549
0.734573
0.964465
1.01027
0.980556
0.979665
0.920928
0.884752
0.983647
1.06675
0.837541
0.825951
1.00008
0.990279
1.06856
1.14829
1.07117
1.08909
0.955186
1.08467
1.11406
1.06272
1.03097
0.975309
0.926627
0.898163
1.01313
1.08158
0.996009
1.00502
1.06893
0.960572
0.939538
0.86587
0.93964
1.09702
0.921332
1.22455
1.05541
0.948961
1.17089
1.04538
1.03159
0.811047
0.972088
1.06122
1.04923
0.706664
0.968299
1.03369
0.991953
0.924462
1.00652
0.950898
0.850812
1.07074
1.05146
0.91403
1.01473
1.02901
1.10734
0.884888
0.918252
1.05615
1.17944
0.92115
1.05011
1.02777
1.1123
1.1697
1.05933
0.890273
1.04826
0.893261
1.05794
1.0431
1.0562
0.837858
0.866059
0.983327
1.00299
1.25337
0.91315
0.910185
1.05683
0.906796
0.885225
1.03668
0.943741
1.06883
0.782953
0.880704
0.997832
0.953589
0.99597
1.13555
1.06075
0.960454
1.11825
0.875823
0.850983
1.06072
0.955792
0.864879
0.838334
1.12019
1.08302
1.10303
1.07967
0.932918
1.12222
0.813924
0.940761
