2.10053
1.887
0.812279
0.476004
0.908938
0.93625
1.26064
1.12842
0.784602
0.955459
0.822299
0.427274
0.796216
0.875116
1.81144
0.29428
1.35878
1.47404
0.823366
0.434787
0.738677
1.61796
1.09852
2.69482
0.184554
0.510372
0.092625
0.30267
0.668002
0.239368
0.730541
2.33083
1.7236
2.14124
0.793817
1.16168
0.027554
0.587143
0.624609
1.06778
0.966894
0.50505
0.116032
0.192336
0.197198
3.15982
2.09802
1.0215
0.811329
0.96577
0.758464
0.304293
0.415438
1.50782
1.65211
0.53718
0.873013
1.20819
0.693673
0.818917
0.760498
0.686602
2.65784
0.655434
0.590697
0.739989
2.55841
0.658459
1.10653
0.859284
1.1747
0.885287
0.273808
1.1823
1.15488
0.269429
0.360212
0.343527
0.351169
0.491465
2.09542
0.906094
0.272972
1.31316
1.13552
0.850634
0.8283
2.0215
2.19968
0.906246
0.484631
0.950564
1.94737
1.55927
2.00972
0.824726
3.85254
0.773976
0.640695
2.7654
0.484144
0.264991
0.507502
0.286725
2.75426
2.06159
0.663153
0.537672
0.366642
0.818397
0.383435
1.34491
0.1859
0.407281
2.48958
1.17522
1.49517
0.288456
0.36946
1.10236
2.06574
0.607945
2.24788
0.690715
0.48499
0.489012
2.09348
0.285575
1.38602
0.851281
0.571629
0.308871
1.47947
0.504351
1.23206
0.709118
2.33866
0.721476
0.719088
0.510196
1.95526
0.792954
3.99492
2.10241
0.845201
2.04352
0.230897
0.526338
0.732975
0.84839
1.05252
1.49568
0.224513
0.592184
0.581439
0.153315
0.154972
0.386038
1.40997
0.281654
0.391686
1.24777
0.878253
0.889074
0.417183
1.01763
0.677791
0.248863
0.584401
0.480699
2.17771
0.429485
1.42057
1.58046
0.487592
1.90232
0.490215
0.567174
0.282929
0.754406
0.707566
0.350077
0.0146414
1.18121
0.216745
3.63449
1.43257
0.425114
1.26946
0.661256
0.790446
1.93493
0.415544
0.6702
0.310838
1.83532
0.600878
0.752782
1.62596
1.20418
0.660147
1.84143
0.207041
3.26318
0.485356
1.77121
1.60754
0.554314
0.292122
2.16187
0.215538
1.96525
0.426544
0.469606
1.21662
1.37581
1.14593
1.19013
1.38266
1.09769
0.6044
0.227137
0.575733
0.592239
1.00297
0.595353
1.52774
1.24041
0.668632
0.439295
1.14728
0.997386
2.24253
1.76281
1.39522
1.06048
0.5918
0.620449
0.314985
0.0534976
1.64565
1.70989
1.99124
0.327282
1.97317
3.33644
0.25692
0.587911
0.725758
0.785232
0.483868
0.740511
0.951919
1.2673
0.806191
1.3683
0.928912
0.305898
0.511827
1.78175
0.44644
1.24686
1.14754
0.330077
0.783597
0.788846
0.356976
0.403663
2.12472
1.83739
1.47657
0.428919
1.18587
0.620562
2.91411
1.38558
0.729547
0.539838
0.266901
2.27747
0.434442
0.836262
0.236333
0.69644
1.35
0.172316
1.12253
1.18417
0.475369
1.60063
1.10109
1.49298
1.94763
2.82918
1.59438
0.23149
0.837171
1.34839
0.225477
0.820712
0.40678
1.22749
1.33092
2.3273
0.49783
0.438031
0.393322
1.58227
0.553119
0.353113
1.93334
1.04521
0.618346
0.518828
1.17361
1.00544
0.35726
0.326993
0.410611
0.65176
0.327813
0.820064
0.654709
0.105138
0.719414
1.66659
1.1414
1.59635
1.51146
1.04058
1.43534
1.90884
2.48127
1.12023
1.55884
1.64106
0.694089
1.64551
2.09232
1.65329
0.867228
0.213879
0.875733
1.19538
2.03769
1.01515
0.64928
0.29149
0.654
0.556948
0.451876
0.0461573
0.588646
0.585264
0.466444
1.01263
0.527413
4.82358
1.79398
1.16212
0.538088
1.85758
0.469998
0.444199
0.704394
0.25032
1.79018
1.04881
0.897371
0.528674
0.970937
1.19768
0.2654
0.22467
0.102695
0.794075
3.11599
0.377983
3.02167
3.23686
2.36595
1.00119
1.16434
0.636572
0.996676
1.98181
0.616851
0.403704
0.702229
2.32245
0.878712
0.0812914
1.70914
0.277344
0.465883
1.37823
0.86784
0.377084
0.539263
1.27318
0.584923
0.858728
0.703114
0.389069
0.363165
2.29194
0.964681
0.620015
1.32221
0.458567
1.23549
1.58209
1.28041
0.80991
0.231596
1.28826
0.607933
0.382033
0.121148
1.81153
0.467248
1.02596
0.212306
0.660164
0.74072
0.528219
1.53645
0.043264
0.980438
0.827784
1.48166
0.848972
0.400099
0.0897797
2.54712
0.621724
0.492371
3.59666
1.25567
0.480831
0.658542
1.28631
0.546306
0.822281
2.25318
1.99154
1.26156
1.50656
0.514767
0.598577
0.815253
1.09168
0.605497
0.335473
0.149554
0.967405
0.623344
0.032825
0.553812
0.34618
0.895529
1.90333
1.25767
0.271025
0.638477
0.384253
0.0681895
1.99651
0.366053
0.641546
1.15949
1.44838
0.40064
1.08168
0.890685
0.809351
1.48153
0.378429
1.08532
0.188233
0.759314
1.30287
0.89931
0.362265
1.34706
1.39302
1.14853
1.97959
1.29284
0.267726
0.370386
0.499876
0.545268
1.48677
0.759826
0.457384
0.652898
1.21491
0.271956
2.79979
0.519436
2.19463
0.918227
0.408771
1.24791
0.374998
0.489387
3.51125
1.50233
1.29616
0.119371
1.59253
2.62018
0.26342
1.60164
0.288431
1.12787
1.02815
0.0820988
1.06573
0.901262
1.37472
2.02105
1.42581
0.429463
1.4379
1.23448
1.63106
0.712004
0.430023
0.83839
1.02762
2.54777
1.23254
0.171974
0.381856
0.713962
0.521797
0.519021
0.547419
1.70335
1.58289
1.79621
0.840656
0.968883
0.816293
0.543047
2.89056
0.235965
1.05747
0.800738
0.756389
0.794476
0.440719
1.34898
1.82802
0.665839
1.18531
2.07892
0.820976
0.529161
0.538769
0.293386
0.842779
0.288483
1.10911
0.452638
2.22636
0.351058
0.51071
0.189842
2.33169
1.09101
1.12173
0.42568
1.18804
0.703622
0.628783
3.52921
0.848422
0.369554
0.870757
0.578212
1.5087
0.892269
0.173574
0.33702
0.834394
1.46046
0.272542
0.80256
1.20147
0.354262
0.60201
1.98231
0.643459
0.607047
0.0566982
0.387854
1.55645
0.361199
0.0471817
0.448764
1.15142
1.5516
1.61639
0.540254
0.352899
0.217862
0.268554
0.104162
0.693119
1.1376
1.10781
0.402015
1.10746
0.951574
2.71266
1.16113
0.605725
0.565416
0.442543
0.828756
0.895804
1.68305
0.699071
0.820049
0.593
0.790859
0.927513
0.617212
1.43871
1.82469
0.910503
1.0246
0.742187
0.335005
0.839072
1.10296
1.37435
0.688827
1.61718
0.364224
1.60535
0.313427
0.516904
1.45517
0.915152
1.28314
1.49598
2.01451
0.669822
0.652322
1.52542
0.0868606
0.986375
0.688126
1.71446
0.520526
0.341195
2.02809
1.62791
3.29622
0.64934
1.04324
0.434322
0.723337
0.473017
0.340265
0.747732
2.01572
1.07675
0.930425
1.34733
0.185984
3.25388
0.738535
1.28807
0.41979
0.23492
0.721988
0.560055
1.03136
0.554533
1.18405
0.493494
0.388245
1.49771
0.845361
0.341181
0.421787
2.16745
1.71694
1.70311
0.665733
0.0219016
1.52014
2.73724
0.626252
0.630122
0.261829
0.468347
1.29479
0.781702
0.57096
2.06675
2.23383
0.661402
1.49075
0.380513
0.891213
0.292561
0.378393
0.505164
1.04852
0.321258
2.03688
1.61336
0.655815
0.232717
0.240692
1.93029
0.730017
0.935231
1.99846
0.173491
1.10876
0.81108
0.173156
0.540495
0.523942
0.624695
0.193148
1.07241
0.442408
1.19661
0.468837
0.409274
1.42223
3.0854
0.707707
0.336351
1.44019
1.84701
1.00969
0.805403
2.0551
2.00761
0.368037
0.612912
0.792548
2.09257
0.747979
3.02167
0.635425
0.987465
0.721632
0.946268
2.91432
0.457221
1.00915
0.39744
0.243713
0.583507
1.3832
0.238869
1.57346
0.785912
0.362152
1.16426
2.29906
0.835084
1.14341
1.16292
0.146946
0.484085
1.61476
1.73202
2.15903
1.835
0.348
1.02133
1.85421
0.830969
0.573016
0.136779
1.0005
1.76854
2.08122
0.511139
2.48949
0.685357
0.983308
1.14548
0.0938081
1.42462
2.53438
2.0448
0.88665
0.357966
1.05055
2.06215
1.42551
1.63307
0.123157
0.895448
1.2017
0.733929
0.96928
0.756707
1.194
1.34336
0.410266
1.29275
0.345321
1.59322
1.29147
0.547187
0.358826
0.901029
0.163042
1.10475
2.26163
2.26227
1.23291
0.220191
2.07418
0.929127
0.924466
1.15974
1.55404
1.28563
1.48892
1.09144
0.531833
2.01249
1.17649
0.0554516
1.07319
0.730404
0.345828
0.55059
3.07019
1.28242
1.20863
0.268332
1.4596
0.857759
0.223585
0.493594
1.9466
0.994991
0.792686
1.13522
1.21617
1.23531
0.678516
0.825298
1.04833
1.45445
0.287743
0.631725
0.88214
1.84975
0.876288
1.98432
1.52983
0.443788
2.24668
0.577786
0.725223
0.897514
0.821101
0.297486
1.44062
1.74913
1.72114
1.07494
0.82731
0.863684
0.322358
0.368713
0.661039
0.469406
0.778474
0.207591
1.0005
2.04671
0.365488
1.11094
2.53511
1.28347
0.851171
1.34756
0.678944
0.490291
0.803837
0.485525
1.93852
1.82801
0.739526
0.980271
0.545855
0.398754
0.382657
1.48502
0.21458
1.99378
1.16873
0.778484
0.0869181
1.82786
0.240019
0.716075
0.425953
0.489808
0.580752
0.912796
0.884819
1.14142
0.617976
1.29771
0.890951
0.328764
1.09963
1.36945
0.866312
3.08498
0.281042
0.827899
0.779415
0.985349
1.62387
0.936587
0.215709
1.29215
0.976859
0.184579
2.31261
0.100982
1.64473
1.91054
0.43104
1.28166
1.04642
0.475535
0.678523
0.722489
2.22037
2.42084
0.557205
1.20196
0.200541
1.34854
1.28563
0.820788
0.78606
1.00622
0.852043
1.36463
1.69298
0.190646
3.07834
2.22531
1.4524
1.23809
0.418329
0.105601
0.105803
1.80962
2.29951
0.478826
1.3271
1.12542
0.12126
0.77987
0.895899
0.566282
1.63046
3.87561
1.82378
1.38774
0.467351
0.412955
0.604754
2.72555
0.176325
0.711647
0.627455
0.919032
0.484427
0.311251
0.157628
0.319989
0.0609829
1.78512
0.679405
0.546107
0.304414
1.10796
0.506752
1.07392
1.34407
1.26672
0.599644
0.690287
1.04742
2.75881
0.440057
1.80168
0.596563
0.800956
0.685143
1.10762
0.183432
1.89505
1.47227
0.296898
1.71834
0.232921
1.12024
1.90926
2.40143
1.3848
0.482264
0.547529
0.672841
0.725654
1.55072
0.783247
0.642311
0.624827
1.15811
1.85649
0.0546349
1.3838
1.34257
0.401104
0.336715
0.376102
1.00038
0.407823
2.70889
1.10174
0.687612
0.41371
1.47237
1.21558
0.467576
0.993081
1.72391
0.913737
0.674112
1.33306
0.861888
1.26166
2.31616
0.228535
0.60673
0.883744
3.64804
0.711132
0.682896
1.64859
2.29172
0.65135
0.551271
0.933253
0.827124
2.776
0.380273
1.20365
0.517158
0.95197
3.0359
1.15371
0.633892
1.21342
0.825273
0.453816
2.08596
0.963377
1.34193
0.515616
0.866953
1.24615
4.0371
0.816831
0.302116
1.62137
0.56385
0.903273
1.60584
0.82674
3.60982
0.734383
0.247623
0.330892
1.41482
1.01929
0.391625
1.23062
0.886697
0.464828
1.23576
1.68012
1.59128
0.753844
0.221542
0.162502
2.10458
1.20747
0.403173
0.423136
0.567467
0.413165
3.12377
1.688
0.25399
0.862105
0.926755
2.25003
1.25352
2.58651
0.744942
1.65007
2.30968
0.591289
1.64207
1.02406
0.348884
1.66155
1.17093
0.828798
1.39302
1.13859
0.458668
1.09713
0.776969
1.57431
1.36068
1.31643
2.82429
0.46762
0.266906
0.477878
0.38448
0.777626
2.50513
0.860059
3.12625
0.263822
0.695778
0.387335
0.593468
1.8032
0.278614
0.783752
0.297085
0.125701
1.33029
1.19825
0.751443
0.461011
0.366596
1.60186
1.04644
1.01947
1.82265
0.463051
0.686668
1.33198
0.594902
0.967902
0.874851
0.064647
1.5855
1.2363
0.231419
0.754969
1.19222
2.0477
0.533108
0.775779
1.99733
1.89669
0.491008
0.484249
0.421028
0.883995
0.824232
0.177838
0.716249
0.627707
1.11656
1.20252
0.34656
1.37273
0.653939
0.60975
0.840934
1.75503
1.3928
1.15152
2.48827
0.840033
1.17442
1.06549
2.31374
2.18126
0.843896
0.360051
0.430046
0.720953
0.447042
3.12378
0.834169
1.30033
0.755428
0.658157
1.57881
0.310573
0.410568
0.474252
1.18626
0.992939
2.89803
1.47688
0.809116
0.0332731
0.931337
2.83105
1.04782
0.716759
1.33039
0.342062
0.9082
0.992665
1.71013
0.697541
0.790698
1.03625
0.421614
0.376335
2.0302
0.776334
0.96934
0.608625
0.255375
0.480323
0.98034
1.0153
2.425
0.171659
1.16878
0.93339
0.134588
0.485795
1.14824
0.421954
0.936695
1.28116
0.241567
0.731891
1.60191
0.322834
1.45589
2.04995
0.691628
3.40837
0.576271
0.933021
1.04369
0.281442
0.921753
0.820203
3.29826
1.36344
1.68734
0.790961
0.0498819
1.25053
0.614514
1.04463
1.75541
0.805058
0.986577
1.38023
0.219894
0.378958
1.90056
1.31322
1.03182
3.98643
1.04819
2.24682
0.485533
0.37242
0.50639
0.13418
0.146682
1.19436
1.15975
1.04957
0.129426
2.74501
1.83157
0.473094
1.41922
1.99484
1.27497
0.787473
1.07517
0.325384
0.483937
1.97083
1.54797
0.55315
0.792923
0.606612
0.602957
1.22639
1.3116
1.33159
0.918814
0.999023
1.07762
1.22326
0.580904
0.798932
1.56924
0.652498
0.65823
0.920438
1.86662
0.57931
0.58542
1.20632
1.06639
0.423121
2.02966
0.670967
0.40349
0.726689
1.93192
0.37144
0.57997
1.76413
1.07788
0.929213
0.326221
0.365728
0.14166
0.244501
1.37387
1.86128
1.08288
1.57075
0.329154
0.462484
0.679177
0.337729
1.20576
1.16205
1.42315
0.902044
1.05981
1.96486
0.797658
1.40878
0.168848
0.345989
1.22442
0.624542
1.09096
1.07109
0.769497
1.14216
1.7317
0.534181
1.26945
1.61639
0.49426
2.35179
1.78009
0.53642
3.08303
0.113539
1.37536
0.575621
1.18129
1.14146
1.14097
0.970122
1.11213
0.615178
1.0209
3.24394
1.39792
0.434667
0.671684
2.06745
0.999191
2.17271
0.618447
0.307202
0.759783
1.38861
1.27847
0.334247
0.548385
1.95265
2.78789
0.362543
0.483178
1.1156
0.510763
0.346781
3.88967
0.339305
0.588788
0.436438
1.10695
1.45788
1.22267
0.149243
0.330471
0.702812
1.49986
0.319236
0.895831
0.640172
0.625524
0.46289
0.823208
0.354745
0.0728058
0.828351
1.24226
0.77618
1.03554
0.73159
2.21212
1.81026
0.787994
0.370539
2.24207
1.35546
1.6224
0.493223
0.68206
0.160003
2.4098
0.966488
0.460096
0.126566
0.357094
0.927517
0.40901
0.900292
0.344615
2.34481
0.0564162
1.59425
0.530619
0.755617
1.80854
0.911351
0.49604
0.681334
0.176416
1.16524
0.652555
1.49179
0.512182
0.927056
1.8653
0.580611
0.390384
1.02563
2.16877
1.43547
0.269936
0.125824
0.658729
0.76784
1.56012
0.901158
1.93487
1.66799
0.863887
0.675523
1.65942
0.519162
0.230957
0.493322
0.488636
1.65832
0.369561
0.721617
0.655729
1.71897
0.782334
0.783455
0.538186
0.891872
0.892202
2.71963
2.28371
0.458645
0.32903
1.02589
0.867928
1.76476
0.796091
0.957855
1.04165
0.361013
0.77379
1.07559
0.465478
0.545668
1.26788
0.835814
0.336404
1.21399
0.304637
0.960788
0.301265
0.471949
1.78045
1.19312
1.59556
0.606408
0.790025
1.60858
0.648578
0.618841
0.43399
0.289632
1.11182
0.101464
0.923795
1.17559
0.265923
0.900304
0.470897
0.942885
1.23857
0.741087
3.2899
0.262516
0.368225
1.72123
2.92806
1.3831
0.835422
0.73447
0.67738
1.21218
1.24657
0.244981
0.896125
0.459147
0.953097
1.40431
1.25892
1.44885
2.02938
1.60948
1.64032
1.60387
3.48081
0.768705
2.18771
1.2905
0.529423
1.09504
1.05726
2.0814
1.64059
1.22176
1.43505
0.906476
0.322485
0.802051
0.645253
0.42309
1.12557
0.99604
1.63718
0.199166
0.245833
0.317911
1.23949
0.698776
1.17292
2.03477
1.05165
1.23677
0.509322
0.210352
1.01379
0.512686
0.796336
0.466992
0.470657
1.37358
1.69793
1.58226
0.572094
0.936866
0.836117
0.940592
0.164332
0.524695
1.31663
0.418774
1.2892
1.55368
0.758527
0.943311
1.89486
1.80619
0.867071
0.929999
0.521914
2.73945
0.707499
0.434649
1.00206
1.02368
0.357348
0.291917
1.38928
0.381099
1.08616
0.387911
1.52578
0.962596
1.23178
3.66073
0.531079
1.52508
1.8827
0.460371
3.10462
1.27337
0.61768
0.273842
1.02627
0.868143
1.07148
0.305287
2.37206
0.938304
0.941785
2.37856
0.277818
0.901528
0.287968
0.461859
0.695155
0.63405
0.660124
0.412284
1.55075
0.864648
0.545902
1.14897
1.72709
1.66884
0.696153
0.747879
1.56098
0.73614
0.51167
0.468862
0.529614
0.610034
0.152946
1.30171
0.902217
0.240727
0.374575
0.56493
3.36136
1.00086
1.04979
1.5776
1.11387
1.3227
0.13235
0.961882
1.23661
0.954089
0.470967
2.35657
1.17483
1.72006
1.75348
1.86511
0.638
0.921003
1.31849
0.131761
1.53792
0.69271
0.49653
0.677392
0.420837
1.11448
2.54756
0.571551
1.20528
2.28808
0.876371
1.86696
1.17768
0.677158
0.0866311
0.248752
0.245656
0.786937
2.39172
0.969685
0.924773
0.550325
0.279084
0.540085
0.993591
0.502872
0.21936
0.905805
0.94958
1.71553
0.750394
0.180656
1.04514
0.20131
1.23311
0.738151
0.321682
0.439707
0.662913
0.923807
0.258983
1.78807
1.0123
1.4579
0.34649
1.7983
0.666584
1.02239
1.77209
2.29913
0.0555612
0.252013
0.355931
0.1656
0.801898
0.648836
2.36039
3.73448
0.272777
0.855344
0.403298
2.90153
0.343803
0.383652
0.611106
0.375881
1.16877
0.766005
1.13754
0.681069
1.82638
0.545402
0.649073
1.27751
2.90586
0.407032
0.426801
0.748749
2.36092
0.943796
1.05045
2.01332
0.328025
0.843792
2.63337
1.5304
1.2366
0.717258
1.02702
0.461962
1.13364
2.70721
1.48926
1.38704
0.535403
0.686188
0.797008
1.64347
1.34508
1.70751
2.04492
0.289342
1.00704
0.65305
1.67475
0.397294
2.32053
1.067
0.55301
0.346699
0.297786
1.02642
0.579366
3.21522
1.61469
0.525671
0.417822
1.38848
1.39738
1.05711
2.19591
1.06618
0.639171
0.65702
0.806914
0.28236
1.62646
1.26829
2.00913
0.187419
2.11799
0.143299
1.30957
1.17227
0.281945
0.817294
0.972105
1.38921
0.537268
0.783765
0.487399
0.929482
2.81656
0.547795
1.34462
0.509198
0.99315
1.48093
0.662641
0.721848
0.976504
1.69026
1.41641
0.256529
0.475722
0.301071
0.296228
1.25302
1.27766
0.308185
0.250985
2.79618
0.732314
0.240776
0.759885
0.265282
0.646682
0.554405
1.66468
1.53178
0.859185
1.02316
1.92706
0.247761
0.418981
1.22437
0.542064
0.28006
0.0454422
1.00965
0.735552
0.212995
0.598837
0.856706
0.293217
0.429332
0.0504577
0.263329
3.29438
2.43976
1.6668
2.74353
0.765456
0.517266
0.343332
1.43689
1.20977
0.931648
0.266282
0.857167
0.191908
1.4744
1.33223
1.07241
0.351925
1.03184
0.835828
0.430552
0.677179
0.817268
0.811777
0.765991
0.458881
1.23361
0.268688
0.960327
0.584427
2.17247
1.04892
0.351729
0.777896
1.15487
0.747953
0.47171
0.246831
1.93424
1.49928
0.213724
0.447168
0.276347
1.77405
1.45226
0.392856
0.424859
0.632687
0.518473
0.541623
2.33729
3.38246
1.42989
0.167365
2.15071
0.325224
1.07489
0.833968
0.632988
0.655026
0.710882
0.146563
0.838608
0.50641
2.68544
1.35149
0.651397
1.1114
2.64195
0.683713
1.1083
0.435231
1.26099
0.602438
0.944157
0.398693
0.142519
2.40471
0.860231
1.29817
2.75161
0.818607
0.511346
1.87334
0.671542
0.990652
0.556741
0.719904
2.06777
1.97398
0.220907
0.818039
0.984128
1.34461
0.450764
1.59832
0.228703
0.558987
0.503494
1.26473
0.570617
1.12162
0.839474
1.64648
1.19219
0.845812
0.406664
0.860447
1.04071
0.75487
0.846507
0.162726
0.518456
1.52287
1.75797
1.16942
0.458681
0.702069
0.819793
0.401932
0.739637
1.72662
0.943538
0.354173
0.451237
0.461636
0.0329826
1.79449
3.56877
1.17166
0.24314
0.215272
0.598482
0.233193
0.314093
1.75904
0.865648
0.221812
0.132306
2.86018
1.51131
0.351636
0.548709
0.907631
0.413677
0.152867
2.11134
1.88163
0.645306
0.971389
0.613745
0.328169
0.582603
0.556673
0.264366
0.657007
1.97971
0.132637
0.18065
0.741746
0.820268
1.59793
0.78566
0.558218
2.04299
1.4918
0.0538647
1.92638
0.297972
1.42525
1.76693
0.450867
1.58598
1.88394
1.215
0.519088
0.92207
0.108647
1.04913
0.394269
1.91443
0.420118
0.755895
1.59571
0.394301
1.65816
0.578366
0.666233
0.889343
0.790245
0.897716
0.398637
0.853614
0.758378
0.319493
0.728207
1.42345
0.366336
0.272903
1.10435
0.411981
1.17036
0.203271
2.01861
0.300129
0.230352
1.944
0.662335
1.0089
1.80987
0.213184
0.427841
2.46681
1.16247
0.513533
0.531346
0.930246
1.42932
1.12278
1.0048
0.706214
0.393816
1.42895
1.9803
0.426333
1.1279
2.51694
0.717242
0.815067
0.900219
0.862073
0.331897
0.907012
0.590551
1.78162
1.05176
0.662696
0.469124
0.580239
0.924568
0.158212
0.760491
1.38844
2.19373
0.536958
1.01741
0.944289
1.35533
1.8479
0.783219
0.852769
0.786264
2.32678
0.414296
0.549358
0.444076
1.45025
0.834061
0.477971
1.27969
2.41155
0.643068
2.12299
1.11422
0.723644
1.8774
0.139161
0.281392
1.72366
0.544722
1.29513
0.467103
1.2452
1.76105
1.24211
0.593559
0.155952
1.33693
0.502926
2.28609
0.24773
0.542677
1.34706
0.482446
0.568544
2.19111
0.317634
1.11012
0.157842
0.315744
3.02997
2.1361
0.319393
0.505257
0.727097
1.20154
1.6576
0.523809
0.327452
0.645849
1.04387
1.73033
0.688105
0.485099
0.440371
0.137351
0.415059
1.39429
0.343513
0.0815839
0.318198
1.71364
0.55555
0.755595
0.785078
0.87923
0.07315
0.496856
0.642276
0.211694
0.713655
0.0739036
0.12759
0.573585
1.54756
1.0867
0.49189
1.82477
0.769424
1.19682
0.534248
1.70998
0.211356
1.21444
1.7654
1.14679
0.882254
1.16134
0.286612
0.360487
0.867828
0.7912
0.965347
1.3492
0.203639
0.882177
0.772291
0.885244
0.742672
0.791205
1.24708
2.9498
1.13485
1.71745
1.73997
1.24252
0.913933
0.288678
0.0431115
1.17918
1.90068
1.56189
0.721506
1.15703
0.376208
0.396709
1.92172
0.390647
0.354785
1.13569
0.133582
0.616006
0.602688
1.80598
2.3722
0.432452
0.778802
0.561114
1.72803
0.288609
0.707662
1.30788
1.39312
2.8407
1.26543
0.321972
1.74423
1.48527
0.436708
1.75639
1.04079
0.805848
3.75461
1.04541
0.828571
1.42394
0.786174
1.10974
0.441694
0.160746
0.493464
0.317142
0.932891
1.26431
1.00703
0.271546
1.08813
1.89313
0.746166
0.578757
0.634308
0.517197
1.77911
0.152994
1.17936
0.553947
0.626405
0.452056
0.314112
0.696007
1.17343
1.01178
0.505715
2.02794
0.167095
1.10227
1.6099
0.674082
1.34537
2.05215
1.16542
1.44171
0.84071
0.245486
0.410904
0.248784
0.795424
0.328595
0.350324
0.370737
1.41424
0.614905
3.27409
0.108031
1.90605
0.394222
1.77226
1.51217
1.20525
1.8625
0.666751
1.46527
0.536021
0.633856
2.25018
1.56792
0.323817
0.531842
0.584216
0.51459
0.769386
0.895013
0.897779
1.87838
0.770912
1.17221
3.06084
0.373338
1.22898
1.19778
0.759163
0.501223
0.125496
0.962972
2.11582
2.41842
1.26834
0.609191
2.88467
0.883738
0.878159
1.86718
1.43924
0.125655
0.443272
2.69594
2.10921
1.981
0.82963
0.217244
0.767901
0.537881
1.23128
0.311492
0.812498
0.844584
0.916821
1.3128
3.36083
0.600973
2.09874
1.24898
1.04795
0.12851
1.40927
1.93185
1.53475
1.21999
0.0832148
1.94448
0.0108912
0.29128
1.51661
1.21597
2.66698
0.127305
0.595524
0.51062
0.184874
0.673004
0.980577
1.18804
1.16816
1.22199
1.17044
1.07207
1.30414
0.16172
1.01361
0.659842
0.834957
0.758095
0.264383
0.52381
3.47566
1.31777
2.59411
0.851916
0.588526
1.85285
0.427338
0.839727
1.24203
0.346598
0.347744
0.262222
2.01313
0.422851
0.100692
2.13458
2.17432
1.31468
0.729979
0.367198
1.11292
1.39992
1.36573
1.59316
0.687309
0.87551
2.83734
0.169383
0.371518
0.254059
0.153759
2.87509
1.75266
1.60712
2.26816
0.711464
1.4478
0.597584
0.375163
1.24889
1.53239
0.491209
1.35003
0.722187
0.433576
1.63667
1.36933
1.35822
0.759928
2.14645
0.377117
0.996781
0.918599
0.285077
0.985916
2.84694
0.862693
0.203682
1.96299
0.27017
0.893804
0.406736
0.140261
0.359873
1.05991
1.38007
0.670906
1.21645
0.25819
1.65944
0.65478
1.08411
0.193887
1.25094
1.76293
0.869138
0.678729
0.683175
3.72339
1.96119
0.381873
0.311387
0.166385
1.12939
0.220817
1.16437
0.767078
0.13407
0.886623
0.815164
0.808734
1.15565
1.38998
0.64085
0.971707
1.19274
0.493162
0.682291
1.34524
0.795263
4.59426
0.853989
2.35942
1.57547
0.199655
0.956388
0.366471
0.743857
0.172864
1.54752
0.290809
1.41343
0.857866
1.08672
1.18227
0.184162
0.673814
1.32968
2.43069
0.854544
0.381785
0.117586
3.04512
0.960543
0.759138
0.514317
1.18085
1.0868
0.60816
0.729572
1.42357
0.229585
0.634293
0.210448
1.14643
1.04775
0.948521
1.04804
0.400845
0.387273
0.413136
0.61487
0.781423
0.67697
0.706114
0.904875
0.245236
0.160575
0.498377
0.720696
1.32238
1.12502
0.246506
2.39484
0.75217
1.69518
0.882519
0.655432
0.0916661
1.43366
0.283534
2.42355
0.444268
0.210888
1.36408
0.391797
1.85824
0.48266
2.13263
0.224588
0.875687
2.8549
0.768356
1.31896
0.24837
0.401015
1.73376
1.50225
0.782441
2.33837
1.34593
0.978578
0.0530817
0.299677
0.502186
0.570203
0.673632
0.692428
1.54131
0.611433
1.68971
0.98533
0.827925
0.852001
1.86147
0.652613
0.246618
1.45605
0.379481
0.838296
1.50933
0.797594
1.6869
0.108475
0.323159
1.48552
0.712174
0.220655
0.268878
1.39196
0.822051
2.32764
0.32146
1.04657
1.46068
1.4471
0.567348
1.031
1.55673
0.623017
0.213444
3.01695
0.278404
0.570729
0.667856
1.23671
0.708175
0.531875
2.84711
0.667553
0.924743
1.97567
0.648109
0.470996
0.172168
0.819482
0.817158
0.716917
2.72994
1.42131
0.144674
0.801093
0.21453
1.44954
1.66513
0.3939
1.40414
0.648437
0.620807
1.42514
2.30491
2.77555
0.762155
0.448752
1.34699
1.17577
1.34304
2.55091
0.411475
0.291442
0.758417
1.92867
0.168941
1.28163
0.57541
0.413232
1.59431
0.0794439
1.41453
0.131317
1.12606
1.72072
1.18136
1.18542
2.41025
0.778076
0.722509
0.53901
0.344436
0.695919
1.99957
1.88574
0.293166
1.06177
0.648119
0.197905
0.643501
1.15908
2.91448
0.499184
0.434951
0.62875
0.189673
4.63079
0.960237
0.0176326
0.419829
0.748854
0.283631
0.381532
0.593714
0.507682
0.75171
0.765154
0.367125
0.737211
0.498884
1.0623
1.26179
0.615162
0.355821
2.05265
0.993012
1.17287
0.0949902
1.86676
0.700716
0.460033
0.49367
0.528094
2.29453
1.17701
1.68425
0.511777
0.230854
0.0477426
0.532177
0.580461
0.593012
0.421639
0.548053
1.72273
0.402602
0.224266
1.47052
0.576522
1.41591
0.931409
0.329807
0.244058
0.258881
0.871927
0.450382
0.408922
0.303443
0.13167
0.334056
0.328631
0.695786
0.643407
0.665258
0.569503
0.951609
0.376831
1.01045
0.566497
0.760858
2.02825
0.321275
1.07831
0.690942
0.124917
1.53937
0.340335
1.35521
1.03976
0.861051
1.04523
0.156489
1.29382
0.165265
0.69614
1.8457
0.47547
1.6231
2.10515
0.639919
2.80554
0.936597
0.704586
0.937411
0.393539
0.882396
1.39878
2.38329
0.641763
1.45609
0.656027
0.985635
1.14048
0.685675
0.684239
1.34418
1.12165
2.98709
1.31916
0.401278
0.89551
1.30097
0.0907735
0.604687
0.196681
0.128924
1.35675
0.564528
1.59512
0.139376
1.38204
1.70037
0.200944
0.815154
0.424422
1.29179
3.00607
0.280728
0.196699
0.747881
1.00933
2.04552
1.79875
0.56781
1.02151
1.59458
0.466724
0.165267
0.597163
1.03229
1.01006
0.468804
0.223545
0.288109
3.24574
2.60487
4.83267
0.846356
0.823246
0.847449
1.47608
0.776289
2.28628
0.761109
0.0599253
1.24632
0.994281
0.461061
0.488431
0.754946
1.37575
1.58466
1.64267
1.2005
0.906819
0.322905
0.284987
0.734187
0.165589
0.119026
0.4944
1.39335
1.4844
0.821026
0.14614
0.396649
2.90848
1.26469
1.0695
2.45344
1.5613
0.30281
2.01503
0.0679289
1.09659
1.30293
0.602344
1.85624
0.231807
0.944396
1.6227
0.235064
1.74919
0.676533
2.18194
2.70477
1.41587
0.328544
0.359023
0.351547
0.484152
0.960394
1.95674
0.750648
1.68848
1.97287
3.00262
0.467975
2.92018
0.819373
0.245363
0.41257
0.580613
0.0564341
0.156828
1.16236
2.71774
1.88942
0.994627
1.00594
1.54639
0.446079
1.01596
0.308227
0.602344
0.828185
0.210839
0.163614
1.32116
0.611612
0.542833
1.09973
1.68905
0.160678
1.97179
1.22945
0.955398
1.21986
1.63913
1.15057
0.932989
1.74674
0.947609
0.462345
1.63931
0.787652
2.73375
0.304104
0.359326
0.256671
0.746929
0.430245
1.28956
0.911703
0.965992
1.0987
0.912379
0.439234
1.92439
0.92244
0.661258
1.77864
0.809682
1.95069
1.17095
1.75074
0.428765
0.488586
0.336757
1.49821
1.32539
1.31377
0.858499
1.60401
0.785591
0.590044
0.154327
0.725819
1.29217
2.42437
0.318169
1.06576
0.51499
1.45622
0.90203
0.629879
0.76112
0.277099
0.914735
0.289112
0.348609
2.11636
1.85873
0.247237
0.225146
1.17644
0.92454
0.956446
0.891445
1.50954
0.951415
0.451459
0.275654
3.17249
0.389563
0.787843
1.02533
1.14513
1.34568
1.82954
1.90432
0.960039
0.251003
2.11609
0.826293
1.22383
0.094778
0.174323
0.466793
0.31277
0.0566637
1.31671
1.90952
1.04621
0.130455
0.194557
0.296969
0.752558
1.36634
1.05869
0.644374
0.571062
1.32327
1.09664
0.563833
1.2233
0.890859
0.561251
2.39733
0.975346
0.655095
1.37863
0.338043
1.00355
1.33629
2.08144
1.48247
0.111351
2.59345
0.0716094
1.32106
0.943435
1.0834
0.457012
0.491515
0.924037
0.435123
2.29476
2.65543
0.777021
0.644776
0.437488
0.478035
0.664036
0.719152
0.218049
0.19739
1.13085
1.41628
2.82956
0.468005
0.942619
0.0951449
0.254388
2.39674
1.54712
0.927129
0.460053
1.66641
0.982762
0.27887
0.632385
0.325384
1.51457
0.474514
0.770318
0.176206
0.119734
1.1234
0.729737
0.390539
1.02453
1.15113
0.589151
1.59984
0.149615
2.29469
0.796559
1.54468
0.689504
1.54858
1.89576
1.60285
1.7858
1.3263
0.105162
0.394191
0.598496
1.58404
0.182576
0.249249
0.978965
0.865806
1.56407
1.23448
0.461884
0.0692565
2.27837
0.426013
0.877032
0.553627
0.783859
0.28674
0.73708
0.625175
0.37448
0.626763
1.37795
0.244928
0.929273
0.560336
0.213007
0.865863
1.1388
0.233115
0.757926
0.0874211
1.57261
1.65616
0.85418
0.247242
1.12823
0.541416
2.1936
0.355618
0.399227
1.58323
0.967604
0.807035
0.410909
0.585579
0.802691
0.543246
1.22101
0.207915
1.5332
1.53854
0.192777
1.28503
1.0637
0.786425
0.20651
1.27615
0.966243
1.87628
0.174266
0.482155
0.900271
0.0187541
0.246486
0.375138
1.01024
0.458789
0.638281
0.385037
0.63744
1.06068
0.648186
1.55443
2.68549
0.266447
3.37457
1.20601
2.33169
0.338585
0.548994
0.961293
1.37597
0.752898
1.50375
0.853494
1.00015
0.994744
0.191267
1.4205
0.57887
0.0810683
1.32183
0.86919
1.41251
1.50894
0.440572
0.517515
0.422664
0.275677
1.14574
1.17382
1.21958
1.04869
3.0566
3.32574
2.0009
1.31375
0.58723
0.426026
0.452952
1.08556
2.04229
2.57346
1.57922
0.788136
1.08576
0.176654
0.841229
0.891195
0.309377
1.6883
0.703477
1.76126
1.11835
0.318022
0.744232
2.61159
0.224881
0.580364
0.616458
0.534906
0.460703
2.00407
1.46546
0.41242
0.557849
1.3039
0.439852
1.36553
0.386277
1.09921
2.1653
1.1704
0.890309
1.75202
1.46359
0.33498
2.0176
0.0199605
0.571726
1.18789
1.00675
1.73987
0.157944
0.140176
0.867297
0.672268
0.180938
0.172101
1.05423
1.49261
0.704226
0.896012
0.79621
1.45549
0.5189
1.52538
0.601202
0.432409
0.643896
1.01247
2.26588
0.519141
3.17967
1.01357
0.730013
0.978001
0.539837
2.0909
1.0182
1.17612
2.29645
1.19532
1.74052
0.0888555
0.410136
1.49941
1.04782
0.530441
0.409999
0.496447
1.66124
0.890445
1.3154
0.542439
1.47509
0.268295
0.120193
2.44342
0.401389
1.17954
0.991418
1.21029
1.18256
0.631248
1.33305
0.884615
3.444
0.279492
0.42601
1.02908
1.28373
1.16722
0.568002
0.391843
0.90237
0.218227
1.7767
1.48477
0.295505
0.648554
0.525955
0.477416
0.593864
0.575347
1.55561
1.03296
0.323049
0.381999
0.523408
0.630751
0.535779
0.967871
0.34601
0.862653
0.144165
0.322147
0.950703
0.504955
0.56869
2.9566
0.273526
1.39066
1.14223
0.976577
0.0799263
1.1364
1.01345
0.58168
0.793656
2.53577
0.560557
1.16707
0.163351
1.04086
0.888761
0.934568
2.96393
0.650055
1.13308
1.3218
0.406124
1.71065
0.199617
0.497262
1.26563
0.317084
0.86798
0.204828
1.10118
2.0628
0.980052
0.470219
0.741026
0.87549
1.05783
0.266046
2.57665
0.781107
1.5896
0.336872
1.79047
1.50346
1.2924
0.889231
2.23922
1.04645
0.50648
0.926184
3.88196
1.54753
0.438188
1.28879
0.177748
0.221946
3.6547
1.87196
0.846226
0.0688065
0.532472
0.372618
3.84081
0.951749
1.4678
2.6735
2.01822
1.02916
0.472477
3.5112
1.56376
0.850744
0.46664
0.589479
0.509095
0.941743
1.3168
2.61999
1.78345
0.962744
0.642775
0.208345
1.28943
1.31257
0.388459
1.12308
0.601153
0.228974
1.45143
1.97876
0.710518
1.59293
2.47491
1.74283
0.938578
0.236837
0.693192
1.30214
2.47127
1.21843
2.87907
1.59307
0.0698531
1.95589
0.486308
1.01763
1.88231
0.988875
0.270814
0.205883
0.723931
0.817747
0.590181
3.49618
1.46991
0.273007
4.30703
0.582104
1.16876
1.42804
0.440115
1.75745
1.18198
0.45226
2.11879
1.8062
0.393316
0.955557
0.398574
0.442292
1.12097
1.17876
0.396924
1.58575
1.14003
0.563485
0.506828
1.39705
1.16457
0.662348
0.478561
1.28299
1.34904
1.64268
0.540037
0.996584
1.57228
2.07821
0.571133
0.885781
0.707956
0.316645
1.21952
1.0118
3.32011
1.50148
1.06198
1.53548
0.757696
0.447956
1.23677
0.459526
0.0814621
0.696844
0.843585
1.30412
0.474362
0.490622
0.217379
0.554968
0.895234
0.470952
0.852583
1.43988
1.51119
2.10074
0.505465
1.72316
1.12092
1.36078
0.426568
1.69031
0.31494
0.621954
0.339772
0.295065
0.113654
1.05768
1.47877
1.06493
2.34035
0.229106
0.457883
1.2555
1.13921
1.75439
0.511138
0.181812
0.205354
1.23119
0.255424
0.202502
0.785017
1.51161
0.596792
0.541035
0.720834
0.12908
0.967764
0.618873
1.04605
1.47091
0.375751
0.402097
0.400719
0.21465
0.782182
1.3874
1.45328
1.54461
0.192531
0.654896
1.00986
0.463802
0.707952
0.0798624
1.84932
0.936527
2.77302
0.31612
1.80169
1.88893
0.15277
0.630544
1.01396
0.578857
0.658894
1.82113
0.300031
1.09296
0.364408
1.35454
0.0808075
0.434064
1.12394
0.428658
1.71224
2.00754
0.964072
0.0960442
1.22385
0.980694
0.844405
1.59903
1.65883
0.18218
0.736198
1.10851
1.9717
0.430526
2.81534
1.51834
0.197963
0.9986
0.0361571
0.19305
0.704477
2.05532
0.734553
0.676762
0.446531
1.17375
0.973769
2.89784
0.677612
0.481967
0.480632
2.47687
0.215061
1.20212
1.18661
0.474694
0.599631
0.399191
0.402749
0.694765
0.594435
0.646115
0.542495
0.907593
0.114855
0.204379
0.218082
0.857198
0.532622
1.09193
2.01012
0.16999
0.253447
0.726714
1.09212
0.71874
0.0289658
0.131006
1.15975
0.572086
0.523937
2.96947
1.70676
1.02451
0.691479
0.77645
0.612112
1.95237
0.424882
0.531534
0.632741
0.795176
2.77901
2.25545
0.875615
1.96533
1.58913
0.350859
2.80146
1.71636
0.70031
0.586162
0.781277
1.12697
0.875028
0.619337
0.907536
0.423624
0.594058
1.17191
0.1197
1.59955
1.22388
0.677108
1.44065
0.622
1.03549
2.33218
1.38423
0.341988
0.0540035
0.335014
1.53047
1.25734
3.13221
0.312066
2.0021
1.46988
0.578036
1.70741
0.211023
0.400237
0.703245
2.10845
0.604734
1.6013
0.888185
0.888495
1.08621
1.54733
3.18194
1.32594
1.50774
1.15625
0.134402
0.315761
0.197216
0.383079
0.194699
0.391812
0.149974
1.22954
0.909791
1.3073
2.11962
0.562057
0.826735
0.757982
1.0018
1.07021
0.160683
1.77725
1.60152
1.01321
0.206189
2.41569
1.29867
1.56739
0.163621
0.127492
2.05616
0.851144
1.82042
1.20491
1.28158
0.0378046
0.712228
2.75945
0.571936
1.87963
1.14802
1.17075
0.701718
2.96747
1.00628
1.12869
0.0741041
0.605947
1.42126
0.50048
0.329858
1.06355
1.21398
0.856829
0.283009
0.149144
0.41463
0.303107
0.790795
1.25801
0.910488
0.742507
0.787116
0.0875748
0.0787846
1.00433
0.63687
0.820653
0.992459
1.04032
0.63785
0.882578
0.515807
0.967338
0.874663
1.24225
0.161496
4.33964
0.379494
1.25146
0.738491
1.77318
0.86999
0.318588
1.43627
0.448293
1.56393
1.78278
1.1068
0.393541
0.683833
0.29741
1.77512
0.349153
1.10582
1.38386
2.18383
1.07032
0.13381
0.815882
0.591354
1.96144
3.12668
0.846679
0.736728
0.749488
0.345056
0.262298
0.414064
1.75817
0.347738
0.862803
1.61096
0.634201
0.686432
0.725337
0.61011
0.470396
0.616484
1.06079
0.278525
0.940546
1.59784
0.929389
0.516921
0.90249
0.41232
1.21377
1.23673
0.438174
1.0814
0.961401
1.17235
0.956903
0.16164
0.288901
1.14306
2.22478
1.32885
0.419571
0.397663
0.512471
0.562668
3.7042
1.21784
0.0748984
2.37293
0.638723
0.643537
0.929926
0.982029
1.99381
1.02714
1.15404
0.971615
0.891067
0.370845
2.91796
1.19471
0.54551
0.858354
1.1427
0.877296
1.18132
0.464699
0.675166
0.943389
1.42568
0.104938
1.70106
0.11512
0.869614
0.675576
1.99273
0.277195
2.80086
2.4713
0.809933
0.140026
0.486417
1.0545
1.5042
0.38829
0.363675
2.29829
1.32996
0.457757
1.66192
1.26672
0.354548
0.993979
2.68433
0.603652
0.604307
0.241863
0.410895
1.61737
0.456277
0.471624
0.53571
0.985164
0.330658
0.34466
1.98808
1.09997
1.96949
0.248501
0.788921
1.38101
1.26899
0.365634
0.244566
0.574819
0.832464
0.616859
0.545587
0.360441
1.06737
0.692404
1.00378
1.649
0.243524
0.701679
1.29012
0.490261
0.815097
1.75812
0.911306
1.76436
0.180966
0.464974
0.989784
0.767068
0.311578
1.00185
0.537752
1.61563
0.978579
0.748734
1.61215
0.331554
0.489377
2.15348
0.81309
0.656914
2.69332
1.28806
0.962823
0.569737
0.326385
0.646306
2.74722
0.222789
0.751074
0.953127
1.65462
0.17707
0.353093
0.0666951
0.515953
0.815521
0.0919891
0.966119
0.804167
0.570431
0.0633336
1.23156
0.988801
0.855742
0.399441
3.38885
1.47378
1.06627
1.82582
0.519232
0.341779
0.370681
0.234835
0.579515
0.161466
2.07994
0.435396
0.543346
0.409738
2.24856
0.506947
1.13133
2.18034
0.175675
1.66318
1.24438
1.20059
0.543343
0.349411
0.436928
2.08378
0.435775
0.596476
1.31369
1.26754
0.357597
1.05764
0.491912
1.35181
2.13755
2.25489
3.36513
0.838186
1.04104
0.95218
0.226155
1.09689
0.922145
2.62114
0.202356
2.37535
0.828537
1.16482
2.35183
0.350877
0.414688
0.753098
0.756983
1.64253
0.912913
1.14287
1.42404
1.00639
0.936935
2.95652
0.95797
1.78044
0.635995
2.11567
2.21643
1.38055
0.317449
0.338924
1.57081
0.428449
0.912642
0.460042
0.506277
1.20606
0.363232
0.727167
0.559226
1.23435
0.637277
1.4858
1.03615
0.558995
2.1578
1.34999
1.95126
1.18124
0.959645
1.97478
2.68086
1.09561
0.467097
2.2981
0.338488
1.68209
1.77109
0.610582
0.848248
2.0292
0.212482
1.84262
0.931401
0.72485
0.57803
0.548175
1.16103
0.70767
3.20011
2.32268
0.942103
0.649531
1.54647
1.27965
0.672036
0.145527
2.5222
1.12238
0.293804
1.58164
2.6552
1.15922
0.360899
1.15031
1.46626
1.58321
1.60123
0.219885
2.47246
0.298541
0.870858
0.561235
0.621653
1.51422
1.81032
1.62866
1.94502
1.56294
0.399921
1.8681
0.136343
0.096618
1.3063
1.04338
0.490425
0.890092
0.732159
2.32235
0.894303
0.261377
1.07423
1.12916
0.980509
1.36433
2.34008
2.03501
0.425314
0.779992
0.11667
1.28074
0.138751
0.403738
1.96256
1.0911
0.811223
0.360843
0.769726
0.34505
0.72473
1.84497
1.44523
0.336213
0.659672
0.61154
1.23959
1.42917
0.524712
0.578931
0.84029
0.156325
1.22909
0.311129
0.288208
0.62341
1.00751
0.720393
1.48265
0.728462
1.35948
0.43577
2.74031
0.653523
2.56297
0.355072
1.70896
1.01309
1.52461
1.73044
2.29101
1.67145
1.27159
0.543383
0.559524
1.59124
1.14582
0.459469
1.21594
0.877786
1.06822
1.76055
0.374496
0.132216
0.462548
1.92597
1.44673
0.642032
1.61629
3.97975
0.381886
1.15463
0.885105
0.320982
0.115806
0.983551
0.934226
0.491946
0.749603
1.21158
0.951513
0.661894
1.19342
1.44116
0.220086
0.619015
1.01698
1.0532
0.408833
1.10415
0.93742
1.9327
1.14311
0.423251
0.384619
0.590337
1.42798
1.07776
0.619269
1.52249
0.654203
0.922442
0.543668
0.38117
1.2737
0.827885
2.09283
1.84884
0.705806
1.46963
1.13173
0.570028
0.689926
0.582461
0.466496
0.437884
0.223579
1.80667
1.03076
0.450452
0.396239
0.574201
0.312127
0.465835
0.229552
1.75329
0.630969
0.199465
1.20505
0.47141
1.87459
0.757666
0.693319
1.03869
1.75388
0.595077
1.74738
1.92484
0.64897
0.576589
0.177788
1.1104
1.11352
0.599344
2.30647
3.12328
0.102367
0.368128
0.658281
1.66354
0.655213
1.10268
0.221067
1.00078
0.586196
0.420536
0.67765
1.45849
0.416963
1.57264
0.323458
0.843697
0.794187
0.375177
0.294588
1.74912
0.374442
1.17042
2.38349
0.50789
0.963806
1.077
0.498279
0.78841
0.778715
2.41041
3.69817
2.32629
0.785421
1.23858
0.781281
0.736752
1.38102
0.504301
0.75832
0.526797
0.318566
0.661755
0.639985
0.462393
0.633157
1.06845
0.273068
0.139099
0.323988
0.469093
0.183589
0.589721
3.1436
0.107709
0.726618
0.36353
0.734934
0.327299
0.278675
0.772041
1.43906
0.413409
1.39892
0.451263
1.59777
1.70869
1.61912
0.0838033
0.629572
1.66144
3.33684
0.361646
0.116355
1.58538
2.04249
1.34695
0.368746
0.863512
0.310922
0.124995
0.510921
0.598246
0.460706
0.474037
0.754287
0.966489
1.09061
0.988463
0.226428
0.255609
1.25939
0.119092
0.269631
0.458758
0.448454
0.477315
0.113132
1.5153
0.316996
0.89244
0.945868
1.95874
2.08484
0.840364
1.09885
2.64801
1.67772
0.591704
0.802416
0.822928
0.597689
1.24968
0.316685
1.10109
1.55184
0.543928
0.159127
0.955748
1.12375
0.284655
0.775414
1.02511
0.763208
0.7047
1.5705
0.860125
2.47678
1.44343
1.58269
0.139957
0.633073
0.62012
1.83651
1.1501
1.5655
0.349883
2.81932
0.273169
0.399212
0.382373
1.24539
1.01914
0.701787
1.35086
0.444785
1.87256
0.731879
0.49285
0.472068
0.805219
0.428146
0.775979
2.09414
0.0285848
2.01791
0.660559
1.49478
0.950125
1.03733
0.411235
1.13822
0.41848
0.916485
1.59676
0.854707
1.55191
2.65092
0.278225
1.58392
0.304795
2.69707
1.43392
0.0800201
0.448296
0.92741
0.125949
0.89299
0.818672
0.522733
0.2954
0.547912
1.42813
0.171846
0.939959
1.76798
0.571411
0.142771
1.83312
0.709149
0.342032
0.593684
0.266395
0.623758
0.441795
0.927141
2.03602
1.34403
1.6378
0.437259
1.97358
0.502928
3.36535
0.0317868
1.30807
0.589145
0.126815
0.316019
1.54843
0.588328
1.8486
0.418895
0.369271
0.71217
0.599439
1.17768
0.349131
0.694206
0.88727
1.23403
0.420949
1.02385
0.468329
0.925268
1.09232
2.28063
0.602495
0.355883
0.478565
0.587269
0.421676
0.971478
1.62535
1.08101
2.59377
1.02865
1.91146
0.166025
0.651235
0.713073
2.5701
0.921256
0.564685
1.09868
0.537309
0.11416
0.534937
1.71073
0.443942
3.8927
1.37983
0.587777
0.491485
1.51914
1.39873
0.490879
1.81885
1.36667
1.22009
0.295521
0.246747
1.43735
1.29874
0.610306
0.963781
0.175195
1.69852
1.75502
0.420256
0.209689
1.25137
0.668934
0.584912
1.22854
0.850499
0.863354
0.229779
0.267887
0.721171
1.11175
0.417617
1.2404
0.258872
0.130271
1.43712
1.01644
1.45302
2.54161
0.833281
0.171591
0.817442
1.34418
1.73478
0.830141
1.86723
1.69014
1.27248
0.459368
0.499
0.913202
1.55676
0.266405
1.07012
0.13204
1.11693
0.649783
0.0806912
0.388068
1.09519
0.915381
0.423555
0.727643
1.55044
0.567909
1.74929
0.278852
0.199963
0.237901
1.17879
1.30221
0.331495
1.76661
0.630815
0.20169
0.660055
0.0259353
0.205655
1.79656
0.174938
0.293831
1.11529
1.17514
0.643915
0.930622
3.7061
1.7345
0.909686
0.0571605
0.720562
0.64438
0.549675
1.62798
0.651691
1.80618
1.61821
2.43231
0.476706
0.239949
3.25845
0.991057
4.30221
1.92339
0.80391
0.345513
1.04133
1.35969
1.08364
0.45885
0.226586
0.674233
1.15045
0.805913
0.299735
1.4478
1.12657
0.0272171
1.04155
1.20617
2.4962
0.467497
0.241371
0.294972
1.13752
0.680496
0.777285
0.340947
1.61461
1.37206
1.75261
0.807086
0.420386
0.928036
2.83768
0.628471
0.782271
0.863493
1.26026
0.389203
1.20432
1.43446
0.168821
0.176709
1.88245
0.878428
0.442065
0.436611
1.12936
1.53612
1.11828
0.287587
0.543402
0.978169
1.25844
0.773625
2.93944
0.432689
1.20387
0.65672
0.23556
1.93198
0.484699
1.68226
1.06714
1.12044
0.511662
1.0659
0.118428
0.287902
1.43453
1.5766
0.874317
0.416618
1.71779
0.616556
0.585174
1.03301
0.706265
1.30489
1.65794
1.17097
1.62255
1.3392
0.638037
1.00389
0.534189
1.23274
0.357038
1.08777
0.712346
0.689857
1.14685
0.185827
0.893347
1.0559
1.45901
0.803233
0.753668
0.293343
2.05707
0.058369
1.2888
0.661087
0.782952
0.882354
0.720662
0.402046
1.1084
1.59869
0.296151
0.825503
0.778168
0.532303
1.45933
1.00445
0.25975
1.8026
0.558586
1.62186
0.830246
1.52525
0.999099
1.31432
1.76634
0.421162
2.0088
1.6312
0.542759
2.19276
0.579774
0.361143
1.43615
0.717169
1.29911
1.48191
0.574233
0.574794
0.276114
1.76371
0.500175
0.205269
0.584549
0.272253
0.460783
0.490731
1.55745
2.01062
2.18977
0.404671
0.944094
0.530468
1.69642
1.23876
0.982708
1.3563
0.420448
0.584504
1.48932
0.179817
0.170413
0.933961
0.55229
0.159031
1.62826
0.548336
0.522616
1.11773
1.45561
0.263648
0.603538
2.01822
3.79082
1.46716
1.30108
1.06882
1.30483
0.948941
0.616748
3.29597
1.4077
1.19008
0.115216
0.660453
1.94991
0.422847
0.755671
1.78388
0.51659
0.882396
0.344422
2.5633
2.21661
0.744886
0.782623
1.6377
0.986416
0.757785
0.338866
2.28741
2.74121
1.65724
0.955159
0.622107
0.316305
0.526716
1.41727
0.376708
1.08399
0.590436
1.12267
0.701185
0.634426
1.88495
0.45313
1.26811
0.472912
1.00249
0.838494
0.546132
0.857065
2.58277
0.672079
0.974042
0.286001
1.06654
1.08013
0.622244
1.2819
0.681934
0.665301
1.39729
0.634775
0.411061
0.398503
2.13567
0.110314
1.36354
0.880085
0.113228
0.451509
0.729417
0.335094
1.07641
1.41629
0.884964
2.12349
0.686855
0.291401
0.661362
1.00884
1.16774
0.346545
1.34369
0.712239
1.10514
1.75163
1.50652
0.990759
1.831
0.865598
2.56909
1.92264
0.483654
2.0363
1.78762
0.479293
1.89645
0.574748
0.499035
0.755835
2.33679
0.531675
0.842068
0.774483
0.272314
0.641326
0.712131
1.51963
1.21161
1.518
1.41802
1.77729
1.32699
0.819009
1.48379
1.31736
0.915229
0.774133
0.952983
1.03993
0.0809471
0.398695
0.487802
1.81862
0.273576
0.357361
0.777527
0.493487
0.275358
1.76417
1.0284
0.876466
0.929553
1.6631
0.296602
1.3096
0.493877
0.260883
0.145669
0.516522
1.01667
0.725576
0.288259
1.79362
0.712823
0.811057
1.78777
0.462552
2.41612
0.996552
0.680631
0.250658
0.676104
0.907005
1.139
0.587172
0.950566
0.0415796
0.727339
1.24452
1.036
1.44964
0.84778
2.76563
0.582122
0.845853
1.02863
1.13945
1.77661
0.727633
0.438883
0.125187
1.03121
0.403048
1.40121
0.541685
0.903866
0.42205
0.691775
0.46128
0.183754
0.64624
0.365384
0.150678
1.35469
1.03657
1.70207
0.759887
0.213566
1.28615
0.986359
0.322019
0.25174
0.136468
1.22257
2.45868
1.24342
1.81344
1.22113
0.232691
1.92695
1.79322
0.916162
1.45061
1.08363
0.441602
0.441257
0.330404
0.924418
0.992988
0.960414
0.894736
1.07271
0.587794
1.38619
0.477317
2.4714
1.09066
0.399209
0.41733
0.201315
0.754431
0.763119
0.972138
1.11909
0.329934
0.457978
0.954771
0.730518
1.22287
0.398952
0.841142
0.817495
1.02977
0.453019
0.79185
0.675218
1.0252
0.110576
1.39487
1.48548
0.45623
0.156614
0.341376
0.888956
1.69883
1.33236
0.894317
1.05752
0.848208
1.26226
1.32563
0.682179
1.12845
0.78119
1.02765
0.339982
0.267752
1.79771
1.06361
0.33962
2.52677
1.46991
2.20851
1.78987
1.64149
0.708636
2.3361
0.300626
0.779504
1.02099
0.929468
1.2058
0.5579
0.22217
1.09575
0.521042
0.635241
1.6361
1.64583
1.46574
0.379553
0.861318
1.55075
0.34438
0.645255
0.804391
0.855494
0.273899
1.6627
0.616632
1.63877
0.851882
1.84243
1.46405
0.556619
0.466141
0.130535
0.440801
1.75797
0.410185
1.39098
0.252786
0.925219
0.99925
2.59692
0.587746
0.790343
0.136304
0.733985
1.41899
0.288298
1.5552
0.359962
0.868355
0.311845
1.67964
2.4145
0.654752
0.0739947
1.35715
1.78304
1.80185
1.87038
0.43493
1.38704
2.9846
0.472629
1.18772
0.336111
0.459813
0.902675
3.65035
1.11512
2.26505
0.615059
0.451233
0.576091
0.744033
1.85905
0.0938516
1.13101
0.659827
1.09249
1.20603
1.49453
1.68196
0.485115
1.37181
3.41273
1.37539
0.367774
1.6588
0.574379
2.15198
0.689818
0.953504
0.771407
0.350595
0.644033
1.43732
5.04095
1.23371
0.451739
1.35161
0.473506
2.79214
1.06283
0.150459
0.363961
0.895856
0.846679
1.65088
2.43549
0.433567
0.908859
0.993453
0.311228
0.246484
0.785054
0.399365
2.09913
0.331493
0.442319
0.923538
0.289431
0.692416
0.836184
0.932533
1.28617
0.395135
1.04993
3.67674
1.40301
0.381472
0.702002
0.796174
0.535507
0.373621
2.31789
0.257983
0.299055
0.833524
0.330959
1.04741
0.476446
2.62585
2.54154
0.510686
0.374286
0.442187
0.289797
1.00538
0.590534
0.304745
0.861006
0.326024
0.611499
0.818723
0.519868
0.622731
0.672641
0.57345
0.652983
0.624439
1.49189
1.96466
1.65836
0.936959
1.03769
0.191365
0.392216
0.891844
1.39961
0.794621
1.61464
0.900739
0.243984
0.641562
0.722478
0.993305
1.66193
0.933157
1.16357
0.522253
0.830773
1.09128
4.15524
2.52822
0.354853
1.17844
2.41828
0.962277
0.622165
2.27132
0.470989
1.52963
1.2261
0.824733
1.40205
0.997301
0.266711
0.684678
0.171552
1.92992
0.97906
1.23066
1.35249
0.368855
0.200322
0.582552
1.65695
1.68647
0.342658
0.466344
0.716627
1.79211
0.953283
0.654479
0.61326
3.11114
0.905737
0.35026
0.709915
2.83117
1.70764
0.0408015
1.0616
1.77578
0.391177
2.82148
2.78216
1.85978
0.580313
2.10424
1.93277
1.14594
0.604742
0.814516
0.860515
0.614219
1.3979
2.93829
0.373389
1.3283
1.5122
0.177516
1.6759
1.08975
0.626191
0.89819
1.42851
1.41678
0.918246
0.668309
1.29818
1.05349
0.153102
0.689431
0.980796
0.631509
1.55391
0.398926
0.48781
0.531466
0.928126
1.20452
0.7885
0.675959
2.89983
0.547777
1.0106
0.0880368
0.638336
0.645346
1.26652
0.16542
0.671702
1.1655
0.378749
0.158936
0.10314
0.400485
0.0905307
0.871656
0.274331
0.0152303
0.356073
2.21769
3.36902
0.257451
0.210177
0.326351
1.987
0.717271
0.570089
1.5452
1.35603
0.45798
1.9903
0.570368
0.325678
0.052109
0.315127
1.78554
0.831501
0.676421
0.258047
2.31959
1.50515
1.31895
0.550261
0.652943
0.15195
1.00063
0.615032
2.2389
1.40984
1.72329
1.87516
1.1273
0.819262
1.16012
0.818363
0.489797
1.18041
1.11691
1.43984
0.789582
2.47787
0.202031
0.61992
0.595698
0.640447
1.32666
0.367242
0.281545
0.793075
0.92698
2.39475
1.34052
0.286658
0.474008
0.762571
0.960849
0.174392
1.50749
0.665414
0.525322
0.841427
0.751784
0.303829
0.171863
0.409708
0.261221
0.244644
0.900698
0.158303
1.03695
2.2487
0.0176694
2.26905
1.97871
0.440216
0.634103
0.608527
1.45198
0.864911
1.34954
1.83675
0.817555
1.45536
1.15435
1.69219
0.509828
1.36645
1.67665
0.287649
1.28944
0.767023
1.73442
2.1405
0.78295
1.12022
0.516543
1.95247
0.464722
0.773438
1.34468
0.399628
0.878332
2.51898
0.85375
0.366431
0.91079
0.656236
0.994165
0.510062
0.229351
0.481282
0.914035
0.316084
1.1913
0.385378
0.270733
1.05453
0.674351
1.35687
1.60509
1.93817
0.472317
0.29613
2.49064
1.63762
2.15606
1.71393
1.03882
2.19198
1.20146
0.934884
1.07474
0.440471
0.398275
0.316516
0.769175
0.740948
3.3439
0.727464
1.89382
1.79564
0.906947
0.460133
1.50252
0.763409
0.670147
0.524543
0.121555
0.768493
0.691195
2.66523
0.412986
1.10411
0.784137
2.11046
1.72157
1.96291
0.779567
0.561635
0.837205
1.18608
0.842874
0.648973
0.280534
0.613723
0.715181
1.20123
0.629602
0.18949
2.21549
0.727309
0.819053
1.48968
0.678064
2.05446
1.19259
0.617412
0.914019
0.767217
0.130349
0.2368
2.42276
0.898213
0.608367
0.0875823
3.51685
0.39795
0.232872
0.106248
1.07452
1.63743
2.17572
1.54327
0.896018
0.908746
0.910334
1.0883
1.75738
0.730356
1.20707
0.38272
1.2633
0.797778
1.11253
0.69404
1.19605
0.714655
0.41236
2.33156
0.529712
0.811879
3.43398
0.522433
0.930972
1.49694
1.62608
0.405383
1.26734
1.84052
0.108099
1.12139
0.766194
0.362704
1.03343
2.35317
0.936258
0.350777
1.47509
0.323782
0.242025
0.821473
0.170604
0.741388
0.200859
0.289391
0.758898
4.02082
1.40293
0.266737
0.807914
1.26983
1.19937
1.60578
0.33904
2.34856
0.609975
0.373234
0.510584
0.767685
0.835799
1.72356
0.309725
2.17764
0.280107
2.14596
0.226438
1.72188
0.108843
0.404212
0.433284
0.0672317
1.85838
0.962684
1.29263
1.09104
0.861909
0.882149
0.387586
0.313666
1.13711
0.349906
1.13834
3.02446
0.483561
1.68479
0.20561
1.08462
1.14744
0.456355
1.04064
0.581844
0.189872
2.07723
3.62029
1.58469
0.448948
1.47377
0.814373
0.615342
0.851294
0.93128
0.136953
0.847473
2.30098
0.222706
2.71005
0.91889
2.63166
1.55963
0.736331
1.38512
0.35669
0.744438
1.26487
0.894106
2.80053
0.975282
0.549086
0.247133
1.95655
0.65718
0.845171
0.836886
0.303583
0.366873
1.22176
0.102602
1.03287
0.794184
0.486338
0.427909
0.719673
0.847455
0.734264
0.289258
0.50489
0.274638
4.37524
2.3391
0.678817
0.927366
0.139384
1.92672
1.47307
1.07257
1.57494
1.00289
1.85926
0.83235
0.926681
2.12392
0.398004
0.719316
1.67128
0.675134
0.5163
2.88804
1.30094
0.553228
0.74904
0.25621
0.582035
0.680464
0.54225
0.857265
1.36075
1.7489
1.26868
0.671321
0.310836
0.586538
0.94947
0.981518
0.22471
1.07349
1.56366
1.93403
0.577591
1.65652
0.775052
0.125625
0.956876
0.921596
0.217155
0.422783
0.524084
1.42651
0.569494
0.261773
0.319358
1.26536
1.78865
0.405392
1.07165
0.653431
0.78458
0.890369
0.865791
0.882641
0.865179
0.951951
0.831759
1.00118
1.76446
0.318696
1.85933
0.95946
0.773971
1.27323
2.56501
1.06173
1.43002
0.735376
2.54874
0.871389
0.516283
0.925588
1.04366
0.367938
1.32422
1.29854
0.563225
2.22049
0.538996
0.534902
0.877365
0.398165
1.23856
1.36437
1.35591
0.390071
1.62084
0.237884
1.51543
1.0414
0.584774
0.496193
1.5
1.65754
2.38275
1.09853
0.109223
2.04801
0.5027
0.212337
0.758261
0.796309
2.21148
0.0396778
0.618028
1.34592
0.489239
0.605758
0.622284
0.328105
0.790426
0.723812
0.650545
1.25717
0.534187
1.16086
0.968921
0.394444
2.3906
2.72295
0.119211
2.56496
0.569699
2.36775
0.408513
0.490089
1.41434
1.88841
1.11007
0.643566
2.24975
0.560792
0.402008
0.843507
1.88609
0.6668
0.789223
0.562438
0.824997
1.20356
0.179298
4.04098
0.236356
0.256751
1.7774
0.197338
0.879417
0.696685
0.73629
0.56049
1.40862
0.7929
0.343122
1.08602
1.55562
1.10656
0.669097
0.529919
1.53676
2.71445
0.211297
1.31162
0.870061
1.2828
2.29562
0.447888
2.01399
0.0315026
0.224598
1.34143
1.30468
0.411523
1.35311
1.33944
0.724908
1.24968
1.14241
0.521681
0.954124
0.687469
0.871648
0.322675
0.452684
1.63357
1.11045
0.549898
0.978287
0.284545
1.4008
0.847429
2.36638
0.638336
0.64373
1.31332
0.354881
1.25649
0.360827
0.548158
0.897263
0.3638
0.479092
0.786145
0.929491
0.251744
0.607057
1.09127
3.27311
1.38692
0.784735
1.74263
0.9089
1.01499
0.917184
2.6292
0.974455
0.142761
0.114015
2.12265
1.32585
1.54583
2.18392
2.40586
1.15111
1.85235
2.90434
1.43417
0.505876
0.447726
0.433104
0.32481
0.334217
1.29427
0.359533
1.1531
0.505202
0.164466
2.48212
0.495938
1.27136
1.02942
0.41934
1.60124
3.81959
3.0378
0.893612
0.589438
0.736205
1.62986
3.19993
1.14441
0.643572
0.974246
1.006
0.669931
0.259903
1.59368
0.298921
0.275162
1.18235
0.820409
0.893555
0.760948
0.392916
1.04853
0.658298
0.825506
0.521437
1.20257
0.234052
0.911042
1.2046
0.428294
1.00388
0.802573
0.150158
0.710384
0.826414
0.463457
1.46082
0.931452
0.774841
0.478776
0.401863
1.72367
0.410081
1.07601
0.799991
0.199726
1.79586
1.20009
1.93695
1.71173
0.60487
1.66587
0.421202
0.124627
1.08912
0.629485
0.694906
0.322303
1.40306
2.13342
0.954412
0.743453
2.10053
2.30212
0.324888
1.09932
0.3108
0.5221
2.22371
0.126439
2.18087
0.799876
0.1133
1.30168
0.669806
1.28105
1.47739
0.125283
3.61444
0.813612
0.257944
1.22658
1.12323
0.548458
0.638101
0.0718263
1.00918
1.21655
0.889106
0.559864
1.9574
1.2588
0.227114
1.31361
0.571335
2.82692
2.20519
0.549661
0.571447
1.33619
0.802894
0.262837
0.591333
0.296409
1.59399
0.629947
3.01083
1.66467
0.257161
2.56399
1.90844
0.599616
0.515704
1.4461
0.446845
2.39476
0.868884
0.695682
1.23441
0.667533
1.74286
0.374627
0.664411
0.564728
0.273042
1.02151
0.79507
1.12037
0.550494
0.766094
0.767983
0.528653
0.665116
1.95014
0.468062
0.577355
0.60416
0.805457
3.68604
0.767353
1.02347
0.700593
0.352998
1.89682
1.51019
2.15108
0.100952
2.27495
0.19337
0.693746
0.945265
0.930866
1.19066
0.385077
1.48034
0.530356
0.86506
1.26834
0.507777
0.511314
0.963742
1.09964
0.823222
0.48254
0.394894
0.168457
0.655704
0.717919
0.747302
0.353043
0.898992
0.187795
1.15127
0.537594
3.09551
0.338732
1.10519
1.63606
0.775222
0.256205
1.07129
1.22874
0.478904
1.51026
0.843967
0.218741
0.580451
0.814679
0.231273
0.329589
0.682348
0.668147
0.878274
1.45555
0.173709
2.02946
0.674357
0.367727
1.25847
1.28003
0.864855
0.530805
1.19834
1.06424
1.73266
0.853346
0.402161
1.09355
0.672885
0.0528884
1.90362
1.87152
1.13786
1.88414
1.86861
0.622024
1.59654
2.50195
0.416389
1.32885
0.829031
0.469769
1.17939
3.2992
1.02817
0.909393
0.285692
1.18262
1.18575
1.41628
1.97
1.31248
2.03856
0.962335
0.481427
0.971264
0.44073
0.123999
0.311934
0.614917
0.363084
0.48268
1.18903
0.700882
1.29502
0.553607
2.14319
0.900374
1.51969
0.461579
0.698934
0.39206
2.10673
0.673227
0.600558
1.86231
0.462238
0.939594
0.694338
0.882591
0.811438
0.264956
0.734152
1.71093
1.12648
0.873869
0.621675
0.802336
1.41442
1.70171
0.365163
1.55788
1.26444
0.534021
0.451645
0.529691
0.0979838
0.134159
0.286746
0.762635
0.120934
0.401466
0.624831
0.629413
2.21672
0.617476
1.09589
1.32975
1.28857
0.978514
1.13067
2.17636
1.78708
0.684844
0.805188
1.4153
1.09052
1.72115
1.14986
1.07484
0.751208
0.0926244
0.571248
0.620322
1.15761
0.6767
0.955233
1.25286
0.958481
0.156944
2.74516
1.01046
0.833643
1.31749
0.316968
2.30197
1.45035
1.86912
1.66888
0.212682
1.46246
3.35353
0.788764
0.998154
0.721078
1.09778
0.0518204
1.22552
1.00397
1.52035
1.6643
1.34819
0.176216
0.288386
0.265305
0.364003
1.54985
0.612496
0.251878
3.32352
2.11772
1.09378
0.811865
1.28288
0.108124
1.10796
1.06107
0.46317
0.526359
1.17225
0.518247
0.34809
0.412091
0.416116
1.77755
0.226074
2.0502
0.436262
0.55109
0.975465
1.75404
1.22332
0.42427
0.725743
1.22982
0.725338
1.45125
0.896843
1.92289
0.41542
1.31334
0.884185
0.259814
1.48414
1.16363
1.67747
1.47402
1.26533
1.16815
0.873577
1.13585
0.652321
1.86832
0.334484
0.693249
0.927343
0.350889
0.687792
0.760614
0.165889
0.645427
0.6416
1.68929
1.67796
0.259887
0.942258
1.42043
1.38068
0.525395
1.51133
0.895342
0.94986
1.15844
0.216173
0.625604
1.80884
1.18582
1.3879
0.193424
0.343607
0.269035
0.62421
1.52157
1.28617
0.272859
0.501972
1.08703
0.8942
0.584644
0.484641
0.754729
0.556355
0.535061
0.822744
1.4127
1.06383
1.90328
0.586203
0.59883
0.761112
0.755169
0.82009
1.1419
0.529046
2.00548
1.12923
0.321011
0.536095
0.827142
1.0743
0.879854
0.91451
2.11976
1.55122
1.07448
2.09447
1.8902
0.905023
0.650745
0.315339
1.30422
0.262056
0.836177
0.543281
0.518428
2.33804
1.09947
0.566746
0.458211
2.45691
0.605816
2.05374
0.0877769
0.658014
1.78414
0.602472
1.60616
0.250135
0.930156
1.09557
0.541429
1.14072
0.837077
1.85475
0.963247
0.768905
1.84376
0.324913
4.18885
0.202673
0.696301
0.527251
1.88558
0.374392
0.908576
1.60928
1.64558
0.408074
1.58729
1.13765
0.865206
1.15545
0.593304
0.939177
1.44779
1.41578
0.271926
1.21
2.33993
1.32439
0.800603
1.54077
1.0411
0.0824211
1.31885
1.02297
0.203909
0.469877
0.752227
0.132419
0.245656
0.540071
1.05295
1.07276
0.382433
0.573648
1.89079
0.525728
0.253556
0.380685
1.56208
2.3573
1.70288
1.91572
0.215
0.703051
2.14378
1.17374
0.300254
0.918999
1.77087
1.54926
0.489043
0.304332
0.46093
0.774693
1.31702
0.66476
0.599693
0.0842736
0.21232
0.473385
0.935405
1.2133
1.45405
0.327654
2.21516
1.20162
1.02562
0.367166
2.43259
0.224823
1.46541
0.466516
0.318
0.633069
2.08459
0.710099
0.265667
1.29329
0.526029
0.238836
0.614203
0.733274
1.33177
0.898436
1.17796
0.64842
1.04041
0.331941
0.240013
1.21294
1.39
0.876874
1.78805
1.08793
0.768687
2.15893
1.84062
0.867543
0.612868
1.60209
1.74355
1.33932
0.093874
2.50465
0.27153
0.743423
1.31768
1.62211
1.3508
0.559941
0.513632
0.501282
0.0350815
0.673053
1.14541
1.00896
0.175916
1.04126
0.385386
1.63768
1.14685
0.507341
0.772773
0.68745
1.95061
0.428767
0.20196
0.309334
1.08305
1.69831
0.501966
0.547777
1.23066
0.833154
0.830611
1.57496
0.634439
1.17712
0.917551
0.556802
0.967319
1.55913
0.483175
0.599563
1.86005
1.67595
0.966155
0.195972
2.4553
0.133881
0.849918
0.820946
0.805301
0.1473
1.26402
0.988335
0.916329
0.156346
1.46462
0.0646276
0.153733
1.28326
0.449948
0.735409
0.564918
0.445545
2.65374
1.42581
0.496812
0.65925
1.01537
0.318292
1.31457
0.195861
0.352684
1.30162
0.902576
0.427957
1.13888
0.982881
0.51919
0.288256
1.0666
0.501024
1.43148
1.01788
0.503939
0.0296554
1.11954
0.746982
1.54066
1.0706
0.347302
0.742588
0.859841
0.372645
0.53578
0.349804
1.22233
0.661411
1.31957
0.770923
0.787757
0.879988
2.05752
0.137223
1.27897
0.601903
0.200848
0.564414
0.435193
1.34527
1.00388
0.115774
0.378084
1.21763
0.434466
0.202389
0.782354
0.712641
0.800009
0.927208
0.1901
0.703488
0.0928828
1.2587
0.746169
0.440932
2.07951
2.09602
0.981835
0.541592
1.55171
0.765829
0.32154
1.08805
1.28487
1.3298
1.86085
1.45567
2.92153
0.452933
1.11787
1.15572
0.545973
0.578349
1.03081
0.763946
0.168533
0.184235
1.0436
0.636252
1.46248
0.132795
0.0158872
0.475113
1.49033
0.926306
1.30377
1.1109
1.7143
1.01496
1.05834
1.82626
0.21295
0.207619
0.962073
0.884394
0.52283
0.658675
0.315329
1.53891
0.246127
0.359303
0.516998
1.85787
1.36803
0.153466
1.33063
0.811266
0.8024
1.42187
0.477584
0.399359
0.872236
0.850704
0.0506872
1.09514
0.0596342
0.44768
0.746513
0.665535
1.11424
0.837519
1.07744
1.21125
0.292526
0.81088
0.589248
0.189802
0.326412
0.322589
0.296252
0.167592
1.11098
1.83166
1.52046
0.466822
1.88335
0.632153
0.667013
1.96205
0.111369
0.58643
0.201633
0.96623
0.120731
0.232375
0.701359
0.396582
1.72285
1.2815
1.03413
0.704924
0.473095
1.24361
1.04411
1.01476
1.08251
1.22594
0.305545
0.502296
1.52486
0.286238
2.33673
0.74458
0.873248
0.0437393
0.148025
0.499146
1.66201
0.443414
0.457784
0.952004
0.155383
1.36568
1.07496
0.279111
0.550087
0.625175
1.6483
0.905037
1.06145
0.167947
1.04403
2.07939
0.42164
0.841383
1.59967
1.88404
0.572329
0.54027
0.622456
1.02886
0.724949
1.31449
1.03211
0.381643
1.28831
0.365009
0.930018
0.288602
0.575718
1.84922
0.290075
1.623
0.844807
0.354756
0.709531
0.30937
1.07096
1.95657
0.58377
0.0852948
1.10459
1.5123
0.405887
0.624208
0.933118
0.786761
1.51007
2.68837
0.424494
0.408308
0.287457
0.562019
0.274924
0.319597
1.5826
0.829845
1.09542
1.15876
0.414637
2.21759
0.383945
0.320328
0.828566
0.451866
1.06958
0.826733
0.561504
0.798715
0.317499
0.771873
1.79022
0.468253
0.802531
1.03763
0.664086
0.11373
1.32878
0.246748
1.17354
1.49909
0.297371
0.801788
1.30841
2.3708
0.584999
1.29586
1.32492
0.223255
0.919031
0.177592
0.735273
0.291216
0.175096
0.297184
1.05618
0.285597
1.50281
0.584387
0.676166
1.06992
0.47315
0.678868
1.27234
1.81913
0.400162
2.23069
2.39268
1.53641
2.39985
0.895841
1.93409
0.402889
2.21509
0.784283
0.430582
1.50889
0.421048
0.14321
0.902019
1.57444
0.40397
0.673725
0.957021
0.260145
1.95075
1.69762
0.312984
1.04708
0.420321
1.12318
2.23281
2.65591
0.945908
0.975743
1.00999
0.337473
0.316562
0.180577
0.256676
1.18206
0.429292
0.539409
1.53203
0.780361
0.494037
0.277896
1.39537
0.541557
0.788909
1.11465
0.817741
0.602998
0.288054
1.18921
0.894796
1.48988
0.445434
0.974037
1.07504
0.81416
0.939431
0.140933
0.322489
1.65823
1.27806
1.56832
2.04905
0.445094
0.183298
2.43768
1.71406
0.961424
2.75532
1.54292
0.642187
0.620599
0.736522
1.46353
0.495689
1.8539
0.770366
1.17331
1.43643
0.602238
1.42458
0.286541
1.0007
0.274867
0.922395
2.36298
0.414267
1.81506
0.587149
0.69283
0.892024
0.379619
0.167408
1.58045
0.180347
1.16143
0.305991
0.318535
0.149965
0.104114
1.17215
0.328514
1.40765
0.85318
0.669847
1.20605
0.756057
0.267464
2.97418
1.27996
0.341505
0.701273
0.483293
0.70825
1.34146
1.27029
0.904621
0.391085
0.476361
0.661685
1.89246
0.759669
0.998919
2.85951
0.417536
0.534968
2.67826
0.224476
1.54114
0.928735
1.45633
0.164574
0.886769
0.776973
1.02413
0.10589
1.1175
1.44096
0.944984
0.903959
0.410947
1.07409
0.593917
0.873732
0.375651
1.26756
1.21386
0.795251
0.558105
0.204962
0.330277
0.339959
0.996763
0.438856
1.25858
1.84132
0.660848
0.532994
0.545613
0.289761
0.285174
2.10387
0.604716
0.579507
1.02274
0.650834
1.33241
0.583589
0.537367
1.18267
0.439188
1.1974
1.19561
0.545723
0.215211
0.964109
1.64274
0.983661
0.187637
2.70371
1.18034
1.2924
0.543947
0.57876
0.779786
1.88472
0.743363
0.0563078
0.68307
1.54389
0.884703
1.39801
0.96311
1.3408
0.632714
1.56176
0.855375
0.712329
0.176919
0.252761
1.45644
0.495727
0.69451
0.528465
1.13565
0.593388
0.396719
1.47875
0.416936
0.853896
0.796168
1.60665
0.163345
0.63188
0.305914
0.652212
1.46575
2.16599
1.57617
0.725966
1.13411
0.189793
1.18065
1.61751
0.364938
2.34347
1.03761
0.871121
1.17646
0.921768
0.506945
1.78821
1.31698
0.639231
2.4794
0.456461
0.778484
0.950805
0.419922
0.128032
1.83314
1.14026
2.6714
0.646027
0.235176
0.327363
0.785375
0.659356
2.32891
1.85349
0.511756
0.662834
0.557436
0.318937
0.47639
1.98231
3.60949
0.663815
0.942753
0.272691
1.11963
1.43056
0.997234
1.09859
0.55689
0.408669
0.416175
2.09964
0.720084
1.20088
3.01014
0.958806
1.05555
0.708782
0.369728
0.470047
1.03756
0.480983
0.84074
1.29619
0.0924392
0.844479
0.741945
0.268439
0.727826
0.932675
2.22164
1.39232
1.76078
1.6505
0.254001
0.861989
1.60627
0.164453
0.374008
1.38614
0.941369
0.621932
0.776575
1.96845
1.21383
0.512105
0.747436
0.803117
0.509163
2.03114
0.714865
1.94176
0.239455
0.397477
0.779499
1.82098
0.916261
1.22616
1.53009
1.20277
2.10664
1.15928
0.298715
2.48998
0.72982
2.13409
1.62288
0.192708
0.213871
1.36875
0.817243
2.42623
1.28382
1.35392
0.805016
0.411163
0.343499
0.381941
0.073924
0.271858
0.418622
0.299294
0.23615
1.8208
0.925941
1.59612
0.36605
0.782286
1.89127
0.911257
0.220517
0.263073
0.506889
0.43842
1.74686
0.405518
1.76561
0.756868
0.297752
0.370158
2.65914
0.718958
1.32196
3.64381
0.238224
2.44795
2.10183
2.56252
1.52639
2.21679
0.895598
0.662939
0.314061
0.891416
0.554265
1.83858
0.761846
0.872865
1.26087
0.587624
0.937125
0.998602
1.40364
0.885495
0.145588
1.49716
0.627911
0.308349
1.84283
0.98443
1.74713
0.514437
0.910758
0.394252
0.256757
0.611906
0.759755
1.14851
1.00689
0.267336
0.582878
0.73727
1.09626
0.64142
2.06191
0.798342
0.757314
0.849117
0.359657
1.00071
0.0528117
0.498881
0.236277
0.22053
1.17461
0.562448
0.0607679
1.73713
0.747097
0.547708
0.515844
1.49399
1.67471
2.51881
0.199754
1.05235
3.36598
0.516623
2.42892
0.174516
0.644948
0.499172
1.63651
0.260359
0.994813
1.01338
1.74635
0.389026
0.746804
1.14814
2.33077
3.40697
1.26727
0.776765
0.561538
1.49065
0.551274
0.234643
2.44326
1.02344
1.30924
3.98681
0.968966
0.493243
0.126971
1.91685
1.48549
0.996862
1.89378
1.00719
2.01617
1.21789
1.4754
1.60216
2.31966
1.09893
0.839337
1.29206
1.83584
1.97324
0.546439
0.467109
1.57916
0.801749
0.503741
3.83429
0.251199
0.165249
0.925457
0.405186
0.614855
0.595503
0.468266
0.190696
0.462847
1.15344
1.26087
1.64726
0.621326
0.739326
0.761777
3.04174
1.80377
2.17769
0.254842
0.859466
1.24904
1.83402
1.01077
0.870517
1.5243
1.47189
1.59056
2.85307
0.461416
0.353888
0.618997
0.528144
0.483342
1.11704
1.11685
0.712215
1.8424
1.97284
0.602326
0.439824
0.895972
0.94264
0.50474
0.946686
0.103561
1.00853
2.64683
2.13862
3.53314
0.715787
0.490755
0.386799
0.702306
0.432207
0.633392
0.277352
1.59074
0.51126
0.859481
1.5189
2.24798
1.11943
0.109254
0.62098
0.537663
2.05001
0.369223
1.20125
1.92654
0.336544
3.17542
2.21066
0.815838
0.874886
0.680782
1.22815
0.886647
1.93941
0.287378
1.11306
1.65383
0.323508
0.114305
0.958905
0.648647
0.380356
1.48788
1.09965
1.06046
0.286274
0.320147
1.23263
1.64092
1.49007
1.83764
0.464248
1.06619
1.13994
0.120298
0.25519
1.12016
0.870958
0.268511
1.03145
0.681344
1.18475
0.570629
1.23275
1.40136
0.537606
0.288375
0.300208
1.24374
2.29503
1.15251
0.887681
0.625443
0.597165
0.384864
2.34228
2.13856
0.0450022
1.18576
3.40945
0.838364
1.49303
2.44486
0.117979
0.673518
0.616036
1.07086
0.305891
1.24431
0.528133
0.286199
0.516485
0.961299
1.47181
0.428319
0.954865
1.9002
0.970453
0.717515
0.801569
1.10309
0.114303
2.37101
0.456052
1.42846
1.5265
1.32185
2.21747
0.855503
0.421078
0.21405
1.54376
2.80667
0.411688
0.869958
0.238481
1.31631
2.04906
1.29553
0.243162
0.0576731
0.441521
0.812626
0.307203
0.677539
0.683987
0.56448
1.92863
0.528037
0.324742
0.860958
0.134847
2.42349
1.39733
0.274431
0.379473
1.41617
0.329327
0.495456
0.74945
0.534484
0.857455
0.067717
2.00922
1.42241
0.275417
0.471062
3.02831
0.343299
1.76918
2.14907
0.290555
0.966689
0.579924
1.40762
0.370828
0.590415
1.56694
0.836891
1.0835
1.16195
0.328587
1.48389
1.01266
0.900868
0.865198
0.175525
1.33963
0.497292
0.303847
0.771427
1.39814
1.30374
0.290261
2.26299
0.903865
0.43369
0.120987
0.789098
0.509496
0.977584
1.23206
0.743841
0.863087
0.549611
0.591014
0.0247101
1.13669
0.263796
2.2118
1.08043
3.11466
0.54352
0.104179
0.280555
0.570491
0.562997
1.17233
0.603029
1.56762
1.30668
1.70722
0.718436
0.551824
1.30394
0.795846
0.0954144
1.62575
0.620801
0.619124
3.69721
0.411714
0.878006
0.667543
1.72509
0.851216
0.496719
0.409214
0.371491
0.48299
0.300043
0.359514
0.952482
0.450429
1.13238
1.21462
0.906173
1.04155
0.920995
1.40719
2.34748
0.316698
0.840509
0.636313
1.43818
0.386756
0.931222
1.88341
1.07766
0.941733
0.837746
0.554836
0.767581
0.2091
0.570504
1.50684
4.35625
0.641161
0.568322
0.49546
3.47986
0.581824
0.144571
0.79856
0.721164
0.750155
2.51642
1.38574
0.318764
0.561186
0.78877
0.87098
0.217924
1.12474
1.02486
0.807076
0.812257
1.1709
2.4034
0.853763
2.49534
0.684879
0.214414
0.295972
1.92565
0.504568
0.273214
0.920242
2.6138
0.71134
1.52343
0.66122
0.945913
0.920945
1.55798
0.502374
2.30265
0.539604
1.14175
0.373088
0.709318
1.05995
0.410268
1.7832
0.970706
0.98026
1.01578
1.89364
1.22146
1.02518
1.47346
0.703588
1.69107
0.0699354
1.1054
0.312981
3.62202
1.32852
1.38313
0.733739
1.4296
0.96256
1.02086
0.545775
1.39555
2.57101
2.41276
0.530935
0.305821
0.736643
2.17757
1.43721
0.194904
1.9365
0.223524
0.255188
0.502004
1.17356
0.132121
0.276585
0.206361
1.03707
0.544051
1.74048
2.0571
0.800598
2.4884
0.440054
0.792349
1.94542
1.0254
0.804478
1.097
0.751228
1.08456
1.7278
0.345154
1.01947
1.99857
0.35312
0.4463
0.547734
0.429921
0.332565
2.02266
0.0641827
2.12079
1.71651
0.862132
1.77423
1.04031
2.66277
0.391783
0.490174
0.649948
0.19847
0.763439
1.55731
1.77727
4.10289
0.169629
1.33291
0.254069
0.268261
1.70617
0.320921
0.787425
0.246202
1.9159
0.996559
0.501255
1.13356
1.39757
1.3149
0.166524
1.00133
0.200283
0.671799
0.459619
1.33082
0.404736
0.561438
2.4031
1.63284
0.707171
0.918758
0.406609
1.45157
2.77892
0.972888
1.76642
0.210682
0.459709
0.929712
2.4009
0.667249
0.84928
0.320124
1.7621
0.267606
0.491631
0.113701
0.481397
0.693185
1.49212
1.3577
0.629353
0.632064
2.02682
0.806026
1.53032
0.949724
1.19006
0.912593
2.59592
0.386106
0.788651
0.298084
0.143415
1.68972
1.5493
1.47198
0.363225
0.336404
1.10426
0.6774
0.21452
0.431198
0.555709
0.707966
2.44885
0.601199
0.666788
1.81623
0.490083
1.07302
0.615796
0.944558
1.10352
0.879652
0.27087
1.67558
0.589721
1.32435
0.475091
0.667395
0.696272
0.571881
1.79071
1.5429
1.17842
0.621035
0.66336
0.356055
0.303016
0.594051
1.41618
0.983914
0.547582
1.31184
0.754711
1.3556
0.773946
1.25447
0.767353
0.785051
0.693077
0.639312
1.09281
1.01319
0.879516
3.0323
1.31237
1.70099
2.66102
0.302259
0.524429
0.577721
1.92172
0.320739
1.41195
1.52414
0.318313
0.954179
0.644695
1.34626
1.20697
0.869681
0.19612
0.150967
3.24002
0.109345
1.23267
0.933536
0.211017
0.884265
0.66755
0.353107
0.621622
0.319059
0.902119
2.09313
1.21008
0.402587
0.229699
0.771108
0.614945
0.118954
1.15993
0.351777
0.344616
1.29578
1.5205
0.644142
1.50387
0.536099
0.981233
0.0847174
0.148146
1.25669
1.53837
0.983646
0.618229
0.0544307
2.09335
0.232936
0.864163
0.418422
0.970138
1.03486
0.896894
1.72171
0.676249
1.1038
1.59935
1.20571
1.24875
2.39372
0.562119
1.48277
1.16337
0.325584
1.73467
1.00151
0.359712
0.175072
3.11855
0.911428
0.140116
1.20852
0.381463
0.444726
1.9414
1.29695
0.928504
0.58561
1.02658
0.93807
0.468623
0.183949
0.189421
0.510555
0.328679
1.00427
0.559095
0.480099
1.36921
1.10994
0.724278
1.54638
1.02417
0.62991
0.571379
0.39849
2.01749
1.70215
0.742459
0.200668
0.670349
0.677112
1.62752
0.0468145
0.222151
0.482228
0.983401
0.827279
1.42721
0.865726
0.833784
0.415576
0.505843
0.788806
0.0521577
0.189897
2.00772
1.85966
0.649912
1.14594
1.09011
0.520569
0.293197
0.723769
0.52469
1.81029
2.58203
0.483032
0.845835
1.35721
0.588858
1.51149
1.03702
2.24513
2.95797
0.887171
0.567426
0.59864
0.830637
0.42665
0.992245
1.77693
0.179892
0.539733
0.695625
2.11359
0.701841
0.710122
0.184644
0.248658
0.17026
0.30813
0.274209
1.10443
0.703586
0.883445
0.362782
1.97832
0.536237
1.32319
1.41796
0.700933
1.00148
1.39863
2.44184
0.40856
0.397975
0.8171
0.649962
1.19502
0.880596
0.540616
1.73621
0.886909
0.992533
0.763628
1.54961
1.23797
2.24826
0.855496
2.08653
2.30611
3.71377
0.703407
0.868812
1.94344
0.381378
0.479065
0.187485
1.73451
1.35857
0.632468
1.80663
0.215184
0.0554794
0.348281
0.395967
0.544489
1.58418
1.09288
0.222626
1.06273
0.402581
1.32322
0.405225
0.21053
0.0851853
0.743505
0.285347
0.965767
0.0453114
1.61635
1.16944
0.219793
0.633417
2.71902
0.980578
0.333969
2.47636
0.99903
1.99536
0.430866
0.406819
0.598584
0.669769
0.819951
2.21942
0.655894
0.831386
0.553701
0.432572
0.16072
2.71405
0.750876
1.87837
1.3548
0.459883
0.558819
0.809812
1.79434
0.780691
1.23935
0.556482
1.86426
0.482419
1.12318
0.439181
1.26564
1.3487
0.764893
0.433698
0.848994
0.856277
0.539977
0.758982
0.578537
0.184188
1.31767
0.372116
0.56911
0.781417
1.24444
0.288031
0.648945
0.817748
0.169622
0.31893
0.905098
0.23066
0.434317
1.68806
0.364964
1.396
0.439885
0.86158
2.23228
1.19539
4.27256
3.88038
0.44106
0.316665
1.52801
0.975431
0.506007
0.288932
1.09807
1.01742
2.59208
1.51139
0.279223
0.668019
0.283914
0.806963
1.55526
0.370552
0.827367
0.355099
1.30093
1.18292
0.319568
0.498636
1.91321
1.85501
1.71541
1.2866
1.59351
0.574873
1.58896
0.943247
1.44299
0.127472
1.04336
0.444593
0.805978
0.822976
0.705796
0.426111
0.929631
0.609015
0.318822
0.540862
0.34541
1.01427
0.42378
0.694644
1.14076
0.699044
0.905716
0.534339
0.826928
0.419071
1.79583
0.291317
0.185454
1.65354
0.560016
0.899084
0.711953
0.896756
0.211404
2.09955
1.17074
0.323526
1.26012
1.06202
0.901496
0.100903
0.683464
0.478737
0.106264
0.287209
0.474955
2.04566
0.331323
1.57653
1.40236
0.368035
1.24158
1.11163
1.43536
1.01205
0.333031
0.482887
0.925459
1.10712
1.052
2.1381
2.06078
2.36678
0.245251
0.225456
1.05412
0.221545
0.353452
1.91918
1.20655
2.66089
1.16339
1.56665
0.984247
0.779264
0.719077
0.944717
0.836486
1.78278
0.953786
3.63313
0.703549
1.31975
1.62708
0.6808
2.1572
0.490765
1.09867
1.30732
1.55085
0.480012
0.301641
1.0236
0.510643
0.190327
3.25991
0.67063
1.36655
0.253801
0.709566
1.26136
0.935833
0.854175
0.292155
0.605051
1.56301
0.692336
0.823511
0.269109
1.22764
1.88151
0.0966453
0.111067
0.834859
0.765943
0.805006
0.655014
0.280227
0.808246
0.542594
2.90003
1.1089
0.280093
0.15238
0.703973
0.997133
0.185132
1.47581
0.27405
0.874828
0.53078
0.433212
1.08167
0.604522
0.745451
1.68501
0.424326
2.60898
1.80933
1.6343
1.76639
2.00195
1.93664
2.82086
0.452391
0.356773
1.09139
1.19727
1.47446
0.24642
1.05718
0.234074
0.263614
0.721492
0.0406031
0.583923
1.40926
0.708603
0.761333
2.48771
0.59852
0.135186
2.16864
0.923138
1.33174
0.313008
0.913988
0.762816
0.338314
0.945503
0.505989
0.285415
2.31719
0.181515
3.23629
1.00724
0.854124
0.977061
1.01287
1.17862
0.852699
1.73362
1.90449
0.717675
3.79446
0.205071
0.314922
1.09642
1.52502
1.2321
1.62064
1.36938
1.57026
0.513105
1.05652
1.73326
1.95327
1.45677
1.66241
1.7402
2.89611
0.345462
0.563587
0.497414
0.452914
0.651725
0.787977
0.846481
1.11724
1.52181
0.0651072
0.574707
1.02558
0.78907
2.15699
0.685678
0.181752
0.289097
2.86837
0.854011
0.346994
1.13521
0.766043
1.44332
0.86167
0.359054
1.75236
0.418712
0.131777
0.430979
2.34184
2.42202
1.42001
1.60621
1.48704
1.5276
0.788819
0.391004
1.04368
2.56606
0.971843
0.0630072
3.34728
1.46109
0.567046
0.502891
0.423344
0.305111
0.966103
0.25752
0.174848
1.4618
1.10765
1.17521
0.40867
0.287559
0.0599495
2.21426
2.18318
1.04123
2.94036
2.08069
1.34851
0.732878
1.07894
2.10898
1.70818
1.1221
0.58426
0.392121
0.446524
1.3442
1.35433
0.284979
1.98034
0.985843
0.670745
0.628516
2.02098
3.14011
2.42064
0.309493
2.51768
1.3559
0.867669
0.22701
0.300866
2.17873
1.11255
1.86908
0.229646
1.72372
1.30581
0.500044
0.427098
1.17505
0.974333
1.70284
0.50659
0.294616
1.5047
1.29665
0.316956
0.155381
0.147667
0.658009
2.66793
1.12101
0.366288
0.332695
1.37808
0.719427
1.48496
0.364175
1.73177
1.21692
1.84063
1.65209
0.51911
1.18117
2.19659
0.810635
0.804729
0.377004
1.07222
3.62578
0.628174
0.351911
0.458809
0.0717324
0.574348
0.499389
0.270471
0.19225
0.77517
0.952257
0.446949
0.317833
0.5809
1.26891
0.262153
3.26332
0.624399
0.669739
0.802224
0.542511
0.6374
1.07657
0.544121
0.270667
0.758633
0.796429
0.403821
1.64461
0.59753
0.0655148
1.13404
0.518842
0.719434
1.38926
1.93294
1.21424
2.58071
0.415217
1.37547
1.00668
1.22478
1.70954
1.90944
2.11824
0.813902
0.215258
0.600051
0.0920546
0.888348
1.12832
0.87171
0.776893
1.887
0.875589
1.22093
0.418722
0.0784293
0.757862
0.297109
0.507502
0.667241
1.68506
2.075
0.226037
0.96246
0.561812
0.31961
2.31578
2.24538
1.62442
1.92931
0.334479
1.04708
0.92047
1.47706
0.262433
0.414015
1.48028
0.582283
0.358216
0.205927
1.1839
0.701612
0.708916
0.520904
0.365944
1.51118
0.672699
1.75889
0.439154
0.166292
0.45943
0.610902
0.639734
0.884918
1.26795
1.45098
1.29048
1.63604
1.19229
0.241676
1.58285
1.41133
1.53276
0.613562
0.267435
1.69161
2.02586
0.495362
1.16453
0.377107
1.01214
0.427284
0.63685
0.406743
1.60186
0.574088
0.879454
0.449431
0.14856
2.05758
0.0425341
0.380141
0.764836
0.831619
0.873888
1.46561
0.748996
0.8277
0.721385
0.705568
0.780386
0.849768
0.948631
0.0846063
1.86401
1.29197
0.265283
0.145447
1.65335
0.883576
0.624857
0.774458
0.703023
1.37159
0.344774
0.600138
0.51977
0.586926
1.60975
1.93583
1.02039
0.884508
0.53571
0.427516
0.0205259
0.592209
0.573168
1.80937
0.539272
0.875498
0.834899
2.59359
1.06023
0.97872
0.924548
1.75669
0.24737
0.123526
0.473256
0.62626
1.14995
0.997936
0.372393
1.29746
0.413677
2.68285
0.356813
0.411705
1.34882
1.22342
0.139662
1.01301
0.731344
0.468016
1.13288
1.62134
1.38802
1.43267
0.394804
0.604864
1.28632
0.789815
1.71925
1.92704
2.17942
2.34193
0.584699
3.16045
1.05168
0.180218
0.783612
0.830685
3.28567
0.717284
0.639487
1.18979
1.90335
0.566868
0.643592
3.16923
0.250988
0.818497
0.558286
0.419097
0.908226
0.120782
0.0665051
0.240638
0.532769
0.200537
1.09414
0.307652
0.490944
0.124208
1.52058
0.769785
0.638623
1.34122
0.866855
0.645083
1.1099
1.89137
0.504414
1.737
0.230863
1.71122
0.979249
0.618691
1.11677
2.62181
0.95622
2.55089
0.526943
1.70037
1.30674
0.89753
0.688014
1.56068
0.222835
0.334545
2.21595
0.697744
1.64356
1.96916
0.756482
0.548185
1.62787
0.695491
1.5033
0.776021
0.457872
0.881272
0.433946
0.076491
0.69642
0.485871
0.769419
2.2344
1.36188
2.36749
0.567348
1.43875
1.99364
1.60499
1.14596
0.985112
0.150859
0.709857
1.11615
2.03125
0.388213
0.615362
0.675997
1.7731
0.985068
0.280628
1.50436
1.84526
0.811654
1.29514
0.438308
1.66088
0.439692
0.162596
0.296598
0.36084
0.101417
1.04113
0.57277
0.141311
0.255961
2.13788
1.45265
3.00752
1.04611
0.0806099
1.25828
0.514195
2.79549
1.12822
1.77756
1.19993
0.574122
1.62281
2.44957
0.557002
1.97748
1.06747
0.632758
0.280441
1.60929
1.98385
0.246369
0.507174
0.378278
0.808722
0.353307
1.38028
0.917574
0.277065
1.28126
0.504768
0.976393
0.829747
1.23579
1.1355
1.37368
1.63207
0.943961
1.48189
0.795614
0.493546
2.79074
0.378524
0.490846
1.88405
0.570565
0.667254
0.479602
0.992225
1.31033
0.554723
0.535668
2.70733
0.18752
0.40063
1.04028
2.24675
0.202815
2.01312
0.348141
0.246543
1.56766
0.905974
0.515737
1.09668
0.742859
0.109848
0.18143
0.794868
0.904871
0.902236
0.823335
0.955842
2.13931
1.32941
0.777876
2.57716
2.52895
0.272318
1.35048
1.58142
0.608085
1.77566
1.18512
1.15387
3.32407
1.70756
0.339596
0.241305
0.966991
1.47278
0.896374
0.907342
1.59805
2.48266
0.595141
1.58998
0.368704
1.02005
0.386767
0.704973
1.48951
0.530741
0.542907
1.83834
1.54143
1.98243
1.2355
1.33692
1.20027
0.587264
0.357637
1.15748
1.59704
1.78839
1.13575
1.58601
1.68161
1.00558
0.206179
0.299501
2.34689
0.546404
0.524676
0.271801
0.430281
0.435482
0.833033
0.634514
0.433601
1.79007
1.22206
0.274872
1.41029
1.12843
1.04413
2.65948
0.918903
0.489995
0.84105
1.02929
3.0938
0.67258
0.712472
1.25874
1.09816
0.566274
0.699227
0.36963
0.414844
0.991263
0.342525
0.384069
0.647767
1.27006
0.680407
0.42186
1.28534
0.250441
0.328664
1.28824
0.325405
0.976765
0.919213
1.49407
0.185327
0.461597
0.261294
1.13263
0.466999
1.0037
1.08112
3.63177
0.179942
0.635445
1.07327
1.61536
0.706765
1.24612
0.976905
2.12732
0.826341
0.842053
2.28586
0.119592
1.07651
0.704446
0.487361
1.09142
0.464844
0.301136
0.780974
1.07484
0.669367
0.266634
0.662654
0.609068
0.817608
0.785289
1.2697
1.20158
0.326339
0.809204
1.61102
1.04397
0.972172
0.569049
1.21755
1.07983
0.414884
0.316082
1.97932
1.57755
0.654537
0.619979
0.664786
0.602004
0.756413
0.404379
1.22774
0.600795
1.04125
0.844646
0.658221
0.281519
1.7686
1.08649
0.2849
0.983356
0.594524
0.626567
0.821503
2.84334
2.28807
1.10786
0.75322
1.18071
0.388203
1.39207
2.57215
0.576629
0.539708
0.910374
0.77081
0.934848
0.545444
2.19322
1.15904
1.30436
0.500065
0.845864
1.7781
1.00145
1.0829
0.815555
0.0705031
0.927009
0.602951
1.64634
3.20511
0.680529
0.353502
0.797178
0.460145
0.688151
0.340676
0.871898
4.48999
1.78703
0.55554
1.5476
0.639574
1.16865
1.8927
1.21469
1.37302
1.83665
1.58039
0.3159
0.494855
1.38054
1.57301
0.902787
0.551001
0.180637
0.509518
0.489166
1.40519
0.810353
0.980754
0.5356
0.840767
0.830262
1.24532
0.841044
0.344221
1.66913
3.3567
0.902158
1.88376
0.442197
1.69261
0.950006
0.542686
1.00266
0.699214
0.51388
1.83118
1.03772
0.65469
0.166435
0.689844
1.88668
0.269949
0.08888
2.24064
0.75884
0.49589
0.503828
1.74215
0.601609
0.230752
0.843252
3.30427
1.12882
0.918343
0.560733
0.848208
0.963816
1.46968
0.936056
1.22942
0.749337
0.50093
0.762106
1.19123
1.35099
0.259393
1.0093
0.520988
2.65294
1.27858
1.033
0.439007
0.275996
0.613038
1.09179
0.394632
0.61216
0.392082
1.6551
0.143299
0.806687
1.23088
0.60479
1.24229
0.915453
0.596902
0.341221
0.670494
0.591066
1.00964
0.835033
4.3543
1.80691
0.21801
0.615208
0.774349
0.363105
0.686265
0.49181
0.733993
0.308411
0.96445
0.657795
0.580145
1.13977
1.40454
2.82044
1.1349
0.897177
1.02755
0.17656
2.10195
1.99001
0.526892
1.73977
0.721981
0.608908
0.542588
1.41462
1.15259
0.457736
0.723187
0.302439
0.613998
1.8857
0.581208
2.28568
0.930231
0.276287
1.25916
1.47898
1.80634
0.870398
1.05626
1.82677
0.404061
0.857075
1.3646
0.137872
0.351545
1.19332
2.29885
0.24811
0.254938
1.08741
1.02275
0.85143
1.73196
0.847576
1.68175
0.823815
0.347428
0.543691
1.32142
2.95182
0.545461
0.16036
2.56668
0.988206
0.397717
0.36284
1.85528
1.23558
1.39682
0.375113
0.714855
0.382358
1.56641
0.709206
1.09951
0.676399
0.821811
0.288024
1.14012
0.518222
2.46493
0.353983
2.32299
0.51421
0.260274
1.08409
1.2179
0.736585
2.33609
0.30781
1.60112
0.750735
0.746774
0.250477
0.0790618
0.190236
0.38536
0.370729
1.20006
1.31671
0.539732
1.62005
0.860003
0.719112
1.81991
0.239407
0.963248
0.088817
2.21801
0.88645
0.532965
0.195757
2.46812
0.911625
0.722914
0.108842
2.08945
0.444661
1.08495
1.11681
1.23935
0.758343
0.886937
0.687047
0.174871
1.88896
2.60165
0.426171
1.70746
1.05579
1.22217
1.22642
0.872108
0.456012
0.206288
0.215984
0.763381
0.43961
0.394398
2.32645
0.469387
0.495017
1.16151
0.432424
0.323149
1.22196
0.626038
1.84743
1.28384
0.783169
1.33665
0.955649
0.372907
0.210342
3.03223
0.86647
0.175169
0.461836
0.684768
0.813209
0.353776
1.56466
0.441607
0.912482
1.69968
2.45992
0.348666
0.259678
1.1448
2.29595
0.708868
0.69148
2.76308
1.41266
1.86649
1.00299
0.458713
1.35255
1.5684
0.891265
0.472144
0.502341
1.62372
2.08862
1.51124
2.31678
2.49727
0.715861
0.036194
1.49588
0.795828
0.0444322
2.78851
0.631536
0.928453
0.626732
1.38265
0.445348
0.480994
0.267049
1.57602
0.749345
0.95272
0.182798
1.1349
0.994606
0.368303
1.26621
2.07932
0.604741
0.707468
0.913067
0.430091
3.47834
2.79128
0.776373
0.163091
1.79037
1.21361
1.73394
1.27538
1.66216
1.30037
1.10425
3.23055
3.0761
0.455092
0.623052
0.583091
1.83126
0.47341
0.760226
1.56402
0.968503
0.526113
1.17807
1.57687
0.786722
1.45396
0.30715
0.794071
0.324524
1.12332
0.445681
1.261
1.21419
0.655604
1.09037
0.820107
1.47174
0.0742702
0.664506
0.747661
1.71268
2.19077
1.11939
1.56442
0.280283
1.44261
0.183775
0.241328
1.34542
0.308831
0.837924
1.68949
0.418694
0.486127
2.66414
0.273727
1.1057
1.21139
0.536906
1.38508
0.766215
0.357289
2.47602
0.211172
0.542049
1.54192
0.762891
2.06334
0.98681
0.871443
2.49598
1.76963
1.13838
3.77926
1.24961
1.75306
1.56853
2.14358
0.463456
2.0495
1.67167
0.517454
1.63919
0.370737
0.543189
1.73901
0.0521243
1.57857
0.356115
0.721169
1.43436
0.512304
1.15573
0.970678
0.301472
0.747578
1.12403
1.1591
0.516129
1.00907
0.348605
1.7598
0.590033
1.03027
0.505651
0.777993
0.883021
2.61125
1.67609
0.914888
1.32452
0.770197
0.44487
0.891613
0.767253
1.53573
0.433855
1.6545
1.29667
0.621698
0.785024
1.10007
0.83006
0.565846
1.14942
0.416297
1.88357
0.753146
0.136626
0.350122
0.453934
2.32748
1.26972
0.212481
0.296823
0.0382318
1.68783
0.840943
0.327151
0.615217
0.691571
0.956402
0.0812112
0.181724
1.05459
1.49094
0.764083
1.95245
3.08807
2.71324
0.99718
1.32253
0.742999
1.11651
1.43222
2.676
1.71943
1.9871
0.323826
0.143476
0.240111
2.02731
0.222131
0.632785
0.40527
0.765783
1.41049
0.583969
2.13211
0.811944
1.45997
1.12114
0.419212
0.333589
0.960211
1.62047
1.41766
0.792882
0.359813
0.989588
0.446704
1.5498
0.425361
1.15514
0.76058
1.61346
0.132594
1.35977
2.43024
1.13061
0.119478
1.4821
0.234207
0.959438
0.834799
1.05186
1.73201
0.69285
0.77986
0.594514
4.71617
0.148327
1.56681
0.692085
0.298502
1.89306
0.763262
1.25561
1.1035
0.567604
0.453557
0.55598
0.594702
0.249957
2.22948
2.1828
0.363341
1.01428
0.645826
1.04198
0.446821
0.154028
0.714117
0.796232
0.441404
1.035
1.07828
0.188618
1.11949
1.26547
0.363695
0.404074
0.175158
1.69702
1.3388
1.4306
0.568012
2.4038
1.82695
1.79861
0.292621
0.0517503
0.648297
0.634091
0.587397
2.90987
1.51071
1.82913
0.942965
1.3601
1.77979
1.02127
0.632318
0.605713
1.40929
1.10583
0.507081
0.730798
0.983629
0.939558
0.584163
0.35464
0.260312
1.2725
0.534872
0.929847
0.591969
1.93041
0.170568
1.75478
0.572028
0.911341
0.931375
2.10934
0.450807
0.576798
0.0851355
0.386169
1.81853
1.66533
0.495111
0.297185
0.19753
1.2708
0.90242
0.81641
1.81326
3.38166
1.03702
1.63088
2.13294
1.56345
0.466916
1.25954
0.434349
0.341318
0.705721
2.22328
0.816476
0.941964
1.06107
0.969936
0.637062
2.26178
0.715829
0.770083
0.837532
0.825542
0.747952
0.212299
0.818397
1.22865
0.826029
1.05821
0.262478
1.91991
0.138757
0.836613
0.380554
1.41157
0.927419
1.90923
1.377
1.56367
1.17763
0.929312
2.1189
0.0918985
1.09841
0.659901
1.9531
0.938193
0.905773
0.31644
1.13152
0.787158
3.06403
0.562249
0.615479
0.925475
2.01569
0.708916
1.49422
0.273606
0.521343
2.45251
0.690544
1.80279
1.6846
0.668213
0.106301
0.953313
0.147054
1.52172
0.127491
1.12247
0.145624
1.14433
0.67733
0.544084
1.23205
1.45538
0.50602
1.01018
0.563719
0.674163
1.41148
0.190786
0.342049
1.03216
0.847605
1.71785
0.394297
0.943301
0.384308
1.59781
0.740492
1.03747
0.300988
0.324698
1.12963
2.28287
0.800269
1.02078
0.256322
0.524154
1.72571
0.362935
1.29386
0.675567
0.410384
1.60296
1.44598
0.461846
0.644065
0.175087
0.890396
2.75467
0.876579
0.332208
1.0882
0.874856
0.0870179
2.60607
0.205381
0.842782
0.598771
1.91467
2.1085
1.37224
0.262112
1.07075
0.0887797
0.59474
1.03451
1.49207
0.843643
0.737354
1.37567
0.0499753
0.369615
0.943295
1.25228
1.75646
0.491646
2.73646
1.45196
1.37782
0.437409
0.801648
1.66871
4.13794
0.60753
0.679248
3.48737
0.929728
0.177943
0.482313
0.566893
1.54862
1.9617
0.230266
0.493524
0.501146
1.7106
1.26436
1.03593
1.54989
2.84334
0.304954
1.25789
0.712811
1.06655
1.12628
0.485123
1.4687
0.270153
0.341482
0.525793
1.02101
0.388507
1.41517
0.292658
0.528807
0.414445
0.503849
1.11927
2.54469
2.20262
0.995902
0.893215
0.413989
1.07209
1.01896
1.26423
1.45134
1.28024
0.578989
0.552774
0.920147
1.30973
1.25592
0.494913
0.369532
1.25158
2.44049
1.80927
0.55115
1.89673
0.546056
0.972361
1.55558
1.07939
0.962643
2.87622
2.78284
0.118354
1.13727
1.56446
0.718658
1.51448
0.541497
0.410809
0.638702
1.19588
0.86631
0.471795
0.89016
0.69822
2.42876
1.02254
3.52527
4.04677
1.40823
2.01875
1.93661
0.725388
0.840879
0.114839
1.21944
1.03745
0.643527
0.48115
0.799568
1.13938
0.768686
0.775137
0.455244
1.19846
0.208505
2.04694
0.265905
0.811485
1.10595
0.870903
1.51309
0.876012
1.75743
0.321934
1.03727
0.790686
0.683873
0.761561
0.71384
0.850321
1.36965
0.268186
2.06241
1.73043
1.02089
1.37658
0.32286
2.91048
0.81256
0.615949
0.291166
1.46706
1.92052
0.712549
0.670208
2.16024
0.679899
2.22175
0.551257
1.82684
0.268668
0.859371
1.01077
3.83057
0.859077
1.0676
2.13333
0.176629
1.83307
1.24228
2.33799
0.810336
1.17207
0.435927
0.442096
3.9056
2.49676
1.23218
1.1591
1.65846
2.18293
0.922829
0.607348
0.4887
1.86401
0.183312
0.462235
0.52648
0.331556
0.877847
0.430596
0.7377
1.18012
1.26183
0.79683
1.22121
0.956133
0.695276
0.703046
0.962955
1.35668
0.681084
1.11419
1.64753
2.87427
0.755315
2.46788
1.75916
0.619252
1.10441
0.71328
0.089688
0.187967
1.71713
0.610887
0.43305
