0 0.083269 0
10000 0.0838072 0.000538183
20000 0.0835093 0.000430464
30000 0.083486 0.000305272
40000 0.0834906 0.000236506
50000 0.0837623 0.000333345
60000 0.0837735 0.000281951
70000 0.0837033 0.000254057
80000 0.0836337 0.000234619
90000 0.0835526 0.000224998
100000 0.0834606 0.000223332
110000 0.0834383 0.000205095
120000 0.0834931 0.000196474
130000 0.0833875 0.000210329
140000 0.0835378 0.000246837
150000 0.0835265 0.000231174
160000 0.0834903 0.000220136
170000 0.0834733 0.000208244
180000 0.0834422 0.000199422
190000 0.0835151 0.000202768
200000 0.0835433 0.000194914
210000 0.0835273 0.000186523
220000 0.083565 0.000182163
230000 0.0835875 0.000175856
240000 0.0835767 0.000169019
250000 0.0835395 0.000166599
260000 0.0835421 0.000160332
270000 0.0835504 0.000154722
280000 0.0835642 0.000149925
290000 0.0836277 0.000158148
300000 0.0835878 0.000158076
310000 0.0835469 0.000158429
320000 0.0835382 0.000153801
330000 0.0835388 0.00014921
340000 0.0835319 0.000145051
350000 0.0835545 0.000142765
360000 0.083508 0.000146429
370000 0.0834867 0.000144101
380000 0.0834668 0.000141758
390000 0.0834551 0.000138666
400000 0.083435 0.000136723
410000 0.0834435 0.0001337
420000 0.0834475 0.000130614
430000 0.0834433 0.000127681
440000 0.0834313 0.000125389
450000 0.083418 0.00012335
460000 0.0833934 0.000123184
470000 0.0833991 0.000120725
480000 0.0834019 0.000118269
490000 0.083412 0.00011632
500000 0.0834021 0.000114448
510000 0.0834062 0.000112303
520000 0.0833922 0.00011106
530000 0.0833753 0.000110274
540000 0.0833989 0.000110787
550000 0.0834106 0.000109423
560000 0.0833944 0.0001087
570000 0.0834124 0.000108307
580000 0.0834081 0.000106543
590000 0.0834027 0.000104892
600000 0.0834122 0.000103601
610000 0.0834045 0.000102214
620000 0.0833972 0.00010084
630000 0.0834144 0.000100732
640000 0.0834251 9.97426e-05
650000 0.0834104 9.93156e-05
660000 0.0834077 9.78582e-05
670000 0.0834077 9.64083e-05
680000 0.0834081 9.50019e-05
690000 0.0834054 9.36763e-05
700000 0.0833953 9.28903e-05
710000 0.0833992 9.16739e-05
720000 0.0833838 9.17203e-05
730000 0.0833834 9.04731e-05
740000 0.0833923 8.96987e-05
750000 0.0834089 9.00562e-05
760000 0.083413 8.89734e-05
770000 0.0834016 8.85633e-05
780000 0.0833984 8.74942e-05
790000 0.0833979 8.6395e-05
800000 0.0833837 8.64841e-05
810000 0.0833785 8.55849e-05
820000 0.0833815 8.45997e-05
830000 0.0833755 8.37982e-05
840000 0.0833806 8.2966e-05
850000 0.0833926 8.28582e-05
860000 0.0833847 8.22742e-05
870000 0.0834016 8.30691e-05
880000 0.083416 8.3387e-05
890000 0.08342 8.2551e-05
900000 0.083414 8.186e-05
910000 0.0834272 8.20408e-05
920000 0.0834108 8.28087e-05
930000 0.0834095 8.19332e-05
940000 0.0834037 8.12737e-05
950000 0.0834056 8.04448e-05
960000 0.0834161 8.03055e-05
970000 0.083421 7.96328e-05
980000 0.0834184 7.88673e-05
990000 0.083415 7.81501e-05
