0 -0.396905 0
100 -0.430878 0.0339733
200 -0.423644 0.0209062
300 -0.422098 0.0148635
400 -0.434871 0.0171962
500 -0.42259 0.018654
600 -0.437911 0.0219838
700 -0.435613 0.0191766
800 -0.439297 0.0173088
900 -0.427354 0.0195527
1000 -0.416319 0.0208462
1100 -0.404525 0.0223885
1200 -0.415522 0.0233466
1300 -0.41066 0.0221549
1400 -0.398616 0.023884
1500 -0.406276 0.0236182
1600 -0.403548 0.0223526
1700 -0.408331 0.0216103
1800 -0.407453 0.0204601
1900 -0.399317 0.0210464
2000 -0.413013 0.0242558
2100 -0.405167 0.0244217
2200 -0.401271 0.0236587
2300 -0.40313 0.0227276
2400 -0.400571 0.0219493
2500 -0.38159 0.0283719
2600 -0.385114 0.0275273
2700 -0.386443 0.0265592
2800 -0.394771 0.0269464
2900 -0.40081 0.0267239
3000 -0.398115 0.0259875
3100 -0.400225 0.0252506
3200 -0.404476 0.0248399
3300 -0.404148 0.0241005
3400 -0.404448 0.0234037
3500 -0.412904 0.0242655
3600 -0.409931 0.0237872
3700 -0.407086 0.0233269
3800 -0.409805 0.022883
3900 -0.412677 0.0224878
4000 -0.409104 0.0222216
4100 -0.407764 0.0217274
4200 -0.40808 0.0212185
4300 -0.409195 0.0207606
4400 -0.407888 0.0203361
4500 -0.406882 0.0199145
4600 -0.410052 0.0197422
4700 -0.407673 0.0194724
4800 -0.409702 0.0191785
4900 -0.406166 0.0191208
5000 -0.401756 0.0192541
5100 -0.399826 0.0189785
5200 -0.397498 0.018762
5300 -0.394845 0.0186015
5400 -0.393021 0.018351
5500 -0.393189 0.0180212
5600 -0.390847 0.0178565
5700 -0.391695 0.0175664
5800 -0.394155 0.0174404
5900 -0.38961 0.0177394
6000 -0.3895 0.0174465
6100 -0.392267 0.0173844
6200 -0.389629 0.0173085
6300 -0.390858 0.0170802
6400 -0.390646 0.0168168
6500 -0.389594 0.0165934
6600 -0.386429 0.0166475
6700 -0.386823 0.0164056
6800 -0.387135 0.0161691
6900 -0.387436 0.0159393
7000 -0.388339 0.0157392
7100 -0.389122 0.0155387
7200 -0.390412 0.0153786
7300 -0.391767 0.0152298
7400 -0.392535 0.015045
7500 -0.392461 0.0148459
7600 -0.392068 0.0146571
7700 -0.390861 0.0145182
7800 -0.389701 0.0143801
7900 -0.389623 0.0141994
8000 -0.389622 0.014023
8100 -0.391003 0.0139197
8200 -0.392372 0.013819
8300 -0.393127 0.0136743
8400 -0.394992 0.0136406
8500 -0.395556 0.0134928
8600 -0.395539 0.0133369
8700 -0.39788 0.0133907
8800 -0.398084 0.013241
8900 -0.397654 0.0131001
9000 -0.397877 0.0129572
9100 -0.397779 0.012816
9200 -0.396425 0.0127496
9300 -0.398546 0.0127905
9400 -0.399186 0.0126713
9500 -0.398619 0.0125514
9600 -0.399953 0.0124927
9700 -0.399621 0.012369
9800 -0.39941 0.0122453
9900 -0.399215 0.0121238
10000 -0.400663 0.0120902
10100 -0.400663 0.0119711
10200 -0.400635 0.0118543
10300 -0.40259 0.0119014
10400 -0.400597 0.0119547
10500 -0.399648 0.0118794
10600 -0.397561 0.0119516
10700 -0.39752 0.0118405
10800 -0.393609 0.0123662
10900 -0.393914 0.012257
11000 -0.392896 0.0121887
11100 -0.393163 0.0120824
11200 -0.391978 0.0120334
11300 -0.392529 0.0119401
11400 -0.391369 0.0118926
11500 -0.39301 0.0119033
11600 -0.392894 0.0118017
11700 -0.392221 0.0117206
11800 -0.393391 0.0116805
11900 -0.389633 0.0121773
12000 -0.389843 0.0120781
12100 -0.390269 0.0119863
12200 -0.390111 0.0118895
12300 -0.388123 0.0119596
12400 -0.388258 0.0118643
12500 -0.388975 0.0117915
12600 -0.388835 0.0116991
12700 -0.389842 0.0116509
12800 -0.390119 0.0115636
12900 -0.391602 0.0115697
13000 -0.391795 0.0114827
13100 -0.391704 0.0113957
13200 -0.390857 0.0113413
13300 -0.392649 0.011398
13400 -0.393733 0.0113652
13500 -0.393976 0.0112839
13600 -0.394258 0.0112048
13700 -0.394251 0.0111233
13800 -0.393647 0.0110594
13900 -0.394281 0.0109984
14000 -0.395728 0.0110156
14100 -0.395331 0.0109449
14200 -0.395417 0.0108685
14300 -0.395773 0.0107986
14400 -0.394982 0.0107529
14500 -0.394441 0.0106927
14600 -0.394993 0.010634
14700 -0.395906 0.0106013
14800 -0.396622 0.0105543
14900 -0.39699 0.0104901
15000 -0.396771 0.0104227
15100 -0.396148 0.0103726
15200 -0.395431 0.0103295
15300 -0.39455 0.0103
15400 -0.394419 0.0102341
15500 -0.39547 0.0102225
15600 -0.395128 0.0101629
15700 -0.395979 0.0101342
15800 -0.396368 0.0100778
15900 -0.39625 0.0100153
16000 -0.39511 0.0100179
16100 -0.394615 0.00996814
16200 -0.393356 0.00998643
16300 -0.393304 0.00992549
16400 -0.393458 0.00986636
16500 -0.393314 0.0098078
16600 -0.393033 0.00975295
16700 -0.392033 0.00974617
16800 -0.391032 0.00973989
16900 -0.389589 0.00978939
17000 -0.389592 0.00973197
17100 -0.389718 0.00967604
17200 -0.390668 0.00966677
17300 -0.389508 0.00968083
17400 -0.389773 0.009629
17500 -0.389333 0.00958426
17600 -0.389199 0.00953089
17700 -0.389574 0.00948463
17800 -0.389314 0.00943508
17900 -0.389077 0.00938551
18000 -0.389079 0.00933352
18100 -0.388779 0.00928694
18200 -0.388555 0.00923878
18300 -0.389585 0.00924597
18400 -0.389173 0.00920508
18500 -0.389226 0.00915561
18600 -0.389086 0.00910759
18700 -0.389648 0.00907646
18800 -0.390024 0.00903612
18900 -0.388947 0.00905272
19000 -0.389008 0.00900541
19100 -0.388174 0.00899715
19200 -0.387838 0.0089567
19300 -0.387948 0.00891109
19400 -0.389116 0.00894183
19500 -0.389449 0.00890232
19600 -0.389362 0.00885744
19700 -0.389164 0.00881483
19800 -0.389055 0.00877109
19900 -0.387838 0.0088116
